0 0.3140625 0.05277777777777778 0.036458333333333336 0.03888888888888889
0 0.2604166666666667 0.07592592592592592 0.035416666666666666 0.040740740740740744
0 0.24427083333333333 0.04722222222222222 0.03229166666666667 0.03888888888888889
2 0.4427083333333333 0.3351851851851852 0.1 0.15185185185185185
0 0.23958333333333334 0.27870370370370373 0.06875 0.09444444444444444
0 0.14114583333333333 0.32407407407407407 0.06770833333333333 0.1037037037037037
0 0.3802083333333333 0.07685185185185185 0.041666666666666664 0.046296296296296294
0 0.278125 0.20462962962962963 0.06041666666666667 0.07592592592592592
0 0.18072916666666666 0.1925925925925926 0.051041666666666666 0.07407407407407407
0 0.371875 0.13148148148148148 0.04791666666666667 0.04814814814814815
0 0.41822916666666665 0.12129629629629629 0.057291666666666664 0.053703703703703705
0 0.5364583333333334 0.10925925925925926 0.052083333333333336 0.05185185185185185
0 0.06822916666666666 0.14537037037037037 0.03854166666666667 0.05740740740740741
0 0.575 0.2388888888888889 0.09375 0.07777777777777778
0 0.86875 0.3277777777777778 0.13541666666666666 0.1037037037037037
0 0.07604166666666666 0.08333333333333333 0.029166666666666667 0.044444444444444446
0 0.9286458333333333 0.42407407407407405 0.11354166666666667 0.1111111111111111
