0 0.1046875 0.5685185185185185 0.11770833333333333 0.16666666666666666
2 0.26510416666666664 0.5361111111111111 0.09479166666666666 0.19814814814814816
0 0.6489583333333333 0.20555555555555555 0.03333333333333333 0.06666666666666667
0 0.3390625 0.725 0.13229166666666667 0.2574074074074074
0 0.16927083333333334 0.3611111111111111 0.07604166666666666 0.08518518518518518
0 0.7973958333333333 0.22407407407407406 0.042708333333333334 0.06666666666666667
2 0.6723958333333333 0.3648148148148148 0.06354166666666666 0.11851851851851852
0 0.3072916666666667 0.2537037037037037 0.041666666666666664 0.07037037037037037
0 0.8911458333333333 0.32407407407407407 0.06770833333333333 0.08518518518518518
0 0.37916666666666665 0.21296296296296297 0.0375 0.06296296296296296
0 0.9177083333333333 0.2574074074074074 0.05625 0.07407407407407407
0 0.4953125 0.21944444444444444 0.042708333333333334 0.07592592592592592
0 0.7416666666666667 0.6240740740740741 0.1125 0.17777777777777778
0 0.45208333333333334 0.1824074074074074 0.035416666666666666 0.053703703703703705
0 0.9010416666666666 0.5787037037037037 0.10625 0.14629629629629629
