0 0.6223958333333334 0.17777777777777778 0.028125 0.044444444444444446
0 0.7135416666666666 0.17314814814814813 0.029166666666666667 0.03888888888888889
0 0.6911458333333333 0.20092592592592592 0.028125 0.04259259259259259
0 0.6484375 0.21481481481481482 0.030208333333333334 0.05185185185185185
0 0.75625 0.21574074074074073 0.0375 0.053703703703703705
0 0.6328125 0.26666666666666666 0.036458333333333336 0.06296296296296296
0 0.7088541666666667 0.2388888888888889 0.034375 0.05185185185185185
0 0.31354166666666666 0.5370370370370371 0.08333333333333333 0.12962962962962962
0 0.671875 0.375 0.05416666666666667 0.09444444444444444
0 0.7963541666666667 0.42592592592592593 0.071875 0.0962962962962963
2 0.859375 0.3574074074074074 0.058333333333333334 0.10740740740740741
0 0.8807291666666667 0.2712962962962963 0.046875 0.06481481481481481
0 0.7505208333333333 0.6222222222222222 0.09479166666666666 0.14444444444444443
0 0.40625 0.2064814814814815 0.035416666666666666 0.05740740740740741
0 0.359375 0.2111111111111111 0.03125 0.04814814814814815
0 0.9609375 0.37037037037037035 0.078125 0.08518518518518518
0 0.9604166666666667 0.7953703703703704 0.07916666666666666 0.19074074074074074
