0 0.6380208333333334 0.19074074074074074 0.03854166666666667 0.05925925925925926
0 0.7005208333333334 0.19074074074074074 0.036458333333333336 0.05925925925925926
0 0.7755208333333333 0.2074074074074074 0.040625 0.06666666666666667
0 0.25104166666666666 0.3685185185185185 0.06666666666666667 0.09259259259259259
0 0.43020833333333336 0.42592592592592593 0.07291666666666667 0.11851851851851852
0 0.38333333333333336 0.30462962962962964 0.052083333333333336 0.08333333333333333
0 0.8354166666666667 0.17407407407407408 0.05 0.06296296296296296
0 0.6802083333333333 0.43703703703703706 0.07291666666666667 0.11851851851851852
0 0.8546875 0.30092592592592593 0.06770833333333333 0.09814814814814815
0 0.84375 0.475 0.10416666666666667 0.1425925925925926
