2 0.033854166666666664 0.5972222222222222 0.065625 0.17962962962962964
0 0.9114583333333334 0.21574074074074073 0.0375 0.05740740740740741
0 0.22083333333333333 0.35462962962962963 0.10416666666666667 0.10185185185185185
0 0.5041666666666667 0.29907407407407405 0.07083333333333333 0.08333333333333333
0 0.46875 0.23055555555555557 0.0625 0.06481481481481481
0 0.7140625 0.39814814814814814 0.08229166666666667 0.11481481481481481
0 0.5104166666666666 0.17962962962962964 0.04583333333333333 0.044444444444444446
0 0.5755208333333334 0.1935185185185185 0.04479166666666667 0.053703703703703705
0 0.6578125 0.1638888888888889 0.03854166666666667 0.046296296296296294
0 0.6244791666666667 0.15555555555555556 0.040625 0.040740740740740744
0 0.24635416666666668 0.887962962962963 0.21354166666666666 0.22407407407407406
