0 0.1265625 0.46574074074074073 0.09270833333333334 0.10925925925925926
2 0.20572916666666666 0.6888888888888889 0.11770833333333333 0.22962962962962963
0 0.7302083333333333 0.1814814814814815 0.029166666666666667 0.044444444444444446
0 0.6447916666666667 0.22037037037037038 0.029166666666666667 0.05185185185185185
0 0.3984375 0.6425925925925926 0.09479166666666666 0.16666666666666666
0 0.7026041666666667 0.23055555555555557 0.036458333333333336 0.05740740740740741
0 0.7828125 0.18333333333333332 0.03229166666666667 0.04814814814814815
0 0.45260416666666664 0.3537037037037037 0.059375 0.1037037037037037
0 0.7598958333333333 0.35462962962962963 0.057291666666666664 0.08333333333333333
0 0.3416666666666667 0.24074074074074073 0.035416666666666666 0.05555555555555555
0 0.6734375 0.39444444444444443 0.053125 0.08888888888888889
0 0.4703125 0.225 0.034375 0.06111111111111111
0 0.85625 0.26666666666666666 0.04583333333333333 0.06296296296296296
0 0.8640625 0.3731481481481482 0.065625 0.08333333333333333
0 0.8994791666666667 0.6555555555555556 0.115625 0.15185185185185185
0 0.9536458333333333 0.3398148148148148 0.06770833333333333 0.09444444444444444
0 0.8114583333333333 0.850925925925926 0.15208333333333332 0.20555555555555555
