0 0.503125 0.262037037037037 0.075 0.08333333333333333
0 0.5671875 0.03981481481481482 0.017708333333333333 0.03148148148148148
0 0.5729166666666666 0.07777777777777778 0.022916666666666665 0.040740740740740744
2 0.6125 0.1259259259259259 0.04583333333333333 0.08888888888888889
0 0.5692708333333333 0.175 0.040625 0.06481481481481481
0 0.6489583333333333 0.17685185185185184 0.041666666666666664 0.06851851851851852
0 0.7927083333333333 0.21851851851851853 0.06041666666666667 0.08518518518518518
0 0.8854166666666666 0.2361111111111111 0.06875 0.09074074074074075
0 0.7963541666666667 0.15185185185185185 0.042708333333333334 0.05925925925925926
0 0.821875 0.11944444444444445 0.03958333333333333 0.05740740740740741
0 0.7395833333333334 0.1111111111111111 0.035416666666666666 0.06296296296296296
0 0.6979166666666666 0.06574074074074074 0.025 0.046296296296296294
0 0.7161458333333334 0.053703703703703705 0.021875 0.03333333333333333
