0 0.8135416666666667 0.06759259259259259 0.0375 0.053703703703703705
0 0.7510416666666667 0.06111111111111111 0.03125 0.044444444444444446
0 0.8213541666666667 0.1388888888888889 0.046875 0.06296296296296296
0 0.5567708333333333 0.1259259259259259 0.034375 0.05925925925925926
0 0.5979166666666667 0.09166666666666666 0.03125 0.05
0 0.6520833333333333 0.10185185185185185 0.0375 0.05555555555555555
0 0.5921875 0.3638888888888889 0.08229166666666667 0.13148148148148148
0 0.9067708333333333 0.23148148148148148 0.07395833333333333 0.09259259259259259
0 0.54375 0.08148148148148149 0.027083333333333334 0.044444444444444446
2 0.5916666666666667 0.06296296296296296 0.029166666666666667 0.05185185185185185
0 0.6348958333333333 0.06111111111111111 0.028125 0.044444444444444446
1 0.46510416666666665 0.5351851851851852 0.19479166666666667 0.6037037037037037
