0 0.12604166666666666 0.5083333333333333 0.10625 0.09074074074074075
0 0.06354166666666666 0.6185185185185185 0.1 0.11481481481481481
0 0.8255208333333334 0.26481481481481484 0.096875 0.1
0 0.765625 0.45 0.12291666666666666 0.13703703703703704
2 0.48333333333333334 0.2833333333333333 0.06458333333333334 0.07037037037037037
0 0.4786458333333333 0.5657407407407408 0.171875 0.1574074074074074
0 0.5916666666666667 0.18888888888888888 0.058333333333333334 0.05925925925925926
0 0.5104166666666666 0.8111111111111111 0.22291666666666668 0.24074074074074073
0 0.6192708333333333 0.12407407407407407 0.053125 0.04814814814814815
0 0.15260416666666668 0.675 0.09895833333333333 0.10925925925925926
