0 0.8755208333333333 0.1675925925925926 0.030208333333333334 0.046296296296296294
0 0.3 0.4703703703703704 0.11875 0.13333333333333333
0 0.08229166666666667 0.4842592592592593 0.13541666666666666 0.1648148148148148
0 0.3984375 0.3148148148148148 0.07395833333333333 0.08518518518518518
0 0.9526041666666667 0.2861111111111111 0.046875 0.07962962962962963
0 0.7765625 0.2861111111111111 0.053125 0.07962962962962963
0 0.6911458333333333 0.28425925925925927 0.057291666666666664 0.07962962962962963
0 0.45364583333333336 0.20833333333333334 0.04895833333333333 0.05740740740740741
0 0.6067708333333334 0.21388888888888888 0.051041666666666666 0.05740740740740741
0 0.596875 0.17222222222222222 0.04375 0.05555555555555555
0 0.5875 0.15185185185185185 0.0375 0.044444444444444446
0 0.5140625 0.825925925925926 0.178125 0.26296296296296295
