0 0.828125 0.18703703703703703 0.04791666666666667 0.07407407407407407
0 0.8697916666666666 0.26944444444444443 0.052083333333333336 0.08703703703703704
0 0.10208333333333333 0.55 0.1625 0.17407407407407408
2 0.115625 0.36666666666666664 0.15833333333333333 0.18888888888888888
0 0.29739583333333336 0.33240740740740743 0.10520833333333333 0.09814814814814815
3 0.6854166666666667 0.24722222222222223 0.0875 0.1537037037037037
0 0.4114583333333333 0.31203703703703706 0.07708333333333334 0.09074074074074075
0 0.8463541666666666 0.4824074074074074 0.084375 0.14629629629629629
0 0.9744791666666667 0.6898148148148148 0.051041666666666666 0.21666666666666667
0 0.4890625 0.17037037037037037 0.051041666666666666 0.05555555555555555
0 0.5380208333333333 0.16666666666666666 0.04895833333333333 0.05555555555555555
