0 0.9369791666666667 0.8379629629629629 0.12604166666666666 0.23148148148148148
0 0.37604166666666666 0.7592592592592593 0.175 0.29259259259259257
0 0.2734375 0.0824074074074074 0.036458333333333336 0.046296296296296294
0 0.3109375 0.27314814814814814 0.078125 0.09074074074074075
0 0.19270833333333334 0.16296296296296298 0.05 0.06296296296296296
0 0.4739583333333333 0.13055555555555556 0.058333333333333334 0.053703703703703705
0 0.37552083333333336 0.1537037037037037 0.05520833333333333 0.06296296296296296
0 0.5609375 0.1425925925925926 0.057291666666666664 0.05925925925925926
0 0.0890625 0.13148148148148148 0.040625 0.05925925925925926
0 0.7265625 0.1962962962962963 0.06979166666666667 0.06666666666666667
2 0.9229166666666667 0.3074074074074074 0.10208333333333333 0.12222222222222222
