0 0.23697916666666666 0.4861111111111111 0.08645833333333333 0.07222222222222222
0 0.246875 0.6324074074074074 0.12916666666666668 0.10555555555555556
0 0.103125 0.937037037037037 0.20416666666666666 0.1259259259259259
0 0.39375 0.8074074074074075 0.16666666666666666 0.13703703703703704
0 0.5890625 0.7037037037037037 0.12604166666666666 0.1111111111111111
3 0.4265625 0.5703703703703704 0.096875 0.1037037037037037
1 0.7635416666666667 0.49537037037037035 0.23125 0.15
0 0.79375 0.8037037037037037 0.13125 0.12222222222222222
0 0.13385416666666666 0.5305555555555556 0.057291666666666664 0.07962962962962963
0 0.03802083333333333 0.4861111111111111 0.07395833333333333 0.08333333333333333
1 0.6328125 0.9083333333333333 0.359375 0.18333333333333332
0 0.46979166666666666 0.9166666666666666 0.17916666666666667 0.14444444444444443
