0 0.8572916666666667 0.37037037037037035 0.13958333333333334 0.13333333333333333
0 0.709375 0.32685185185185184 0.10416666666666667 0.09074074074074075
0 0.5729166666666666 0.27037037037037037 0.08333333333333333 0.08518518518518518
2 0.46927083333333336 0.2324074074074074 0.06770833333333333 0.06851851851851852
2 0.303125 0.4962962962962963 0.11041666666666666 0.16296296296296298
0 0.37604166666666666 0.20833333333333334 0.05 0.046296296296296294
0 0.5994791666666667 0.33425925925925926 0.09270833333333334 0.08703703703703704
2 0.80625 0.7583333333333333 0.26458333333333334 0.3277777777777778
0 0.571875 0.5935185185185186 0.15416666666666667 0.1685185185185185
1 0.3802083333333333 0.3148148148148148 0.18125 0.2037037037037037
0 0.9213541666666667 0.5583333333333333 0.15729166666666666 0.19814814814814816
0 0.628125 0.5138888888888888 0.16458333333333333 0.15
0 0.41354166666666664 0.4703703703703704 0.1125 0.12962962962962962
2 0.809375 0.5851851851851851 0.16875 0.21481481481481482
0 0.953125 0.7305555555555555 0.09375 0.1648148148148148
0 0.7536458333333333 0.4675925925925926 0.153125 0.12407407407407407
0 0.5734375 0.37962962962962965 0.11145833333333334 0.1037037037037037
0 0.265625 0.33796296296296297 0.06666666666666667 0.09444444444444444
0 0.33489583333333334 0.4027777777777778 0.07395833333333333 0.10185185185185185
0 0.4703125 0.325 0.08229166666666667 0.09814814814814815
0 0.2755208333333333 0.2814814814814815 0.042708333333333334 0.05925925925925926
