2 0.1734375 0.39166666666666666 0.096875 0.12037037037037036
0 0.3359375 0.43148148148148147 0.109375 0.14444444444444443
0 0.9546875 0.25462962962962965 0.042708333333333334 0.06851851851851852
0 0.7916666666666666 0.22407407407407406 0.04791666666666667 0.07037037037037037
0 0.33645833333333336 0.35 0.10208333333333333 0.1
0 0.8734375 0.24259259259259258 0.042708333333333334 0.07037037037037037
0 0.65625 0.3212962962962963 0.07083333333333333 0.08703703703703704
0 0.6177083333333333 0.19074074074074074 0.041666666666666664 0.06296296296296296
0 0.9661458333333334 0.7657407407407407 0.06770833333333333 0.25
0 0.7489583333333333 0.7731481481481481 0.13333333333333333 0.26481481481481484
0 0.5697916666666667 0.1537037037037037 0.041666666666666664 0.04814814814814815
