0 0.6401041666666667 0.11851851851851852 0.03854166666666667 0.05555555555555555
0 0.7041666666666667 0.14166666666666666 0.041666666666666664 0.06481481481481481
0 0.6026041666666667 0.1574074074074074 0.04479166666666667 0.05925925925925926
2 0.6666666666666666 0.1935185185185185 0.04583333333333333 0.07962962962962963
0 0.7770833333333333 0.23333333333333334 0.06041666666666667 0.08518518518518518
0 0.7098958333333333 0.28888888888888886 0.065625 0.0962962962962963
0 0.6619791666666667 0.3861111111111111 0.078125 0.12407407407407407
0 0.26875 0.43703703703703706 0.0875 0.13333333333333333
0 0.1140625 0.9314814814814815 0.190625 0.13703703703703704
0 0.43020833333333336 0.700925925925926 0.125 0.2574074074074074
0 0.42604166666666665 0.20185185185185187 0.05 0.07777777777777778
0 0.5020833333333333 0.24259259259259258 0.05416666666666667 0.10740740740740741
