0 0.7895833333333333 0.6462962962962963 0.2 0.26666666666666666
0 0.5927083333333333 0.775 0.20416666666666666 0.29444444444444445
0 0.21927083333333333 0.9277777777777778 0.146875 0.14444444444444443
0 0.44635416666666666 0.15462962962962962 0.053125 0.06111111111111111
0 0.35885416666666664 0.1527777777777778 0.053125 0.05740740740740741
0 0.28125 0.3990740740740741 0.10416666666666667 0.16111111111111112
0 0.30625 0.23796296296296296 0.058333333333333334 0.08333333333333333
0 0.6026041666666667 0.22777777777777777 0.07604166666666666 0.07777777777777778
2 0.7453125 0.21851851851851853 0.09895833333333333 0.1037037037037037
0 0.1140625 0.2351851851851852 0.051041666666666666 0.07777777777777778
0 0.7203125 0.32037037037037036 0.128125 0.11481481481481481
0 0.8979166666666667 0.24722222222222223 0.10208333333333333 0.08703703703703704
0 0.2 0.14907407407407408 0.041666666666666664 0.05740740740740741
