0 0.8880208333333334 0.712037037037037 0.22395833333333334 0.3537037037037037
0 0.30104166666666665 0.3537037037037037 0.08125 0.1259259259259259
0 0.2760416666666667 0.5111111111111111 0.1125 0.17037037037037037
0 0.5833333333333334 0.17314814814814813 0.07291666666666667 0.07592592592592592
0 0.05677083333333333 0.3101851851851852 0.053125 0.09074074074074075
0 0.19947916666666668 0.2212962962962963 0.053125 0.07962962962962963
0 0.7192708333333333 0.2777777777777778 0.109375 0.1037037037037037
0 0.21354166666666666 0.1675925925925926 0.04375 0.06111111111111111
0 0.027083333333333334 0.20833333333333334 0.041666666666666664 0.06851851851851852
0 0.8083333333333333 0.3907407407407407 0.12708333333333333 0.1111111111111111
