0 0.27395833333333336 0.5111111111111111 0.09583333333333334 0.16296296296296298
1 0.050520833333333334 0.6296296296296297 0.09895833333333333 0.4222222222222222
0 0.31145833333333334 0.24722222222222223 0.052083333333333336 0.07592592592592592
0 0.3776041666666667 0.24722222222222223 0.04479166666666667 0.07962962962962963
0 0.3671875 0.36203703703703705 0.06770833333333333 0.10555555555555556
0 0.46927083333333336 0.31203703703703706 0.05520833333333333 0.08703703703703704
0 0.39791666666666664 0.22407407407407406 0.035416666666666666 0.06666666666666667
0 0.475 0.24351851851851852 0.041666666666666664 0.06851851851851852
0 0.4328125 0.18796296296296297 0.034375 0.053703703703703705
0 0.4901041666666667 0.18518518518518517 0.030208333333333334 0.05555555555555555
1 0.39739583333333334 0.1361111111111111 0.05520833333333333 0.10925925925925926
