0 0.103125 0.4824074074074074 0.08958333333333333 0.11666666666666667
0 0.6380208333333334 0.262037037037037 0.036458333333333336 0.05740740740740741
0 0.7140625 0.27314814814814814 0.042708333333333334 0.06111111111111111
0 0.7734375 0.23425925925925925 0.036458333333333336 0.053703703703703705
0 0.6630208333333333 0.35 0.051041666666666666 0.07777777777777778
0 0.4265625 0.28703703703703703 0.04479166666666667 0.06296296296296296
0 0.7723958333333333 0.39166666666666666 0.06979166666666667 0.09444444444444444
0 0.4109375 0.2064814814814815 0.030208333333333334 0.03888888888888889
0 0.8567708333333334 0.25833333333333336 0.04479166666666667 0.06111111111111111
0 0.35 0.20925925925925926 0.03333333333333333 0.044444444444444446
0 0.5140625 0.2111111111111111 0.030208333333333334 0.04814814814814815
0 0.42916666666666664 0.1787037037037037 0.027083333333333334 0.03888888888888889
0 0.5255208333333333 0.17777777777777778 0.026041666666666668 0.044444444444444446
2 0.4739583333333333 0.17314814814814813 0.029166666666666667 0.06851851851851852
0 0.9635416666666666 0.4185185185185185 0.07291666666666667 0.1111111111111111
