0 0.6229166666666667 0.1824074074074074 0.027083333333333334 0.03888888888888889
0 0.32708333333333334 0.8481481481481481 0.15 0.2222222222222222
0 0.096875 0.8842592592592593 0.15 0.18333333333333332
0 0.746875 0.19722222222222222 0.03333333333333333 0.046296296296296294
0 0.7166666666666667 0.2518518518518518 0.04583333333333333 0.05925925925925926
3 0.796875 0.16666666666666666 0.03958333333333333 0.07407407407407407
0 0.40208333333333335 0.32592592592592595 0.058333333333333334 0.08148148148148149
0 0.665625 0.3148148148148148 0.04791666666666667 0.08148148148148149
0 0.8119791666666667 0.28425925925925927 0.051041666666666666 0.06851851851851852
0 0.6989583333333333 0.42962962962962964 0.07083333333333333 0.11481481481481481
0 0.5046875 0.24074074074074073 0.03854166666666667 0.06666666666666667
2 0.8713541666666667 0.5703703703703704 0.10520833333333333 0.17037037037037037
0 0.9223958333333333 0.30092592592592593 0.05520833333333333 0.06851851851851852
