0 0.215625 0.6416666666666667 0.12291666666666666 0.17962962962962964
0 0.64375 0.22685185185185186 0.041666666666666664 0.06111111111111111
0 0.7604166666666666 0.17407407407407408 0.03958333333333333 0.05555555555555555
0 0.7390625 0.25092592592592594 0.057291666666666664 0.08333333333333333
2 0.7067708333333333 0.3990740740740741 0.065625 0.14629629629629629
0 0.8838541666666667 0.325 0.07395833333333333 0.09814814814814815
0 0.8630208333333333 0.5148148148148148 0.09479166666666666 0.13703703703703704
0 0.9125 0.25 0.07291666666666667 0.1
0 0.3541666666666667 0.2074074074074074 0.041666666666666664 0.06666666666666667
0 0.8083333333333333 0.8657407407407407 0.1375 0.19814814814814816
0 0.440625 0.19166666666666668 0.035416666666666666 0.05
