0 0.5036458333333333 0.16944444444444445 0.036458333333333336 0.06851851851851852
0 0.5880208333333333 0.22685185185185186 0.046875 0.08333333333333333
0 0.9213541666666667 0.8481481481481481 0.15729166666666666 0.26666666666666666
2 0.5203125 0.2037037037037037 0.04479166666666667 0.11481481481481481
0 0.5640625 0.15462962962962962 0.03854166666666667 0.05740740740740741
0 0.6786458333333333 0.07777777777777778 0.036458333333333336 0.05555555555555555
0 0.6994791666666667 0.05277777777777778 0.030208333333333334 0.046296296296296294
0 0.6078125 0.12314814814814815 0.04479166666666667 0.07222222222222222
0 0.6848958333333334 0.24814814814814815 0.06145833333333333 0.1111111111111111
0 0.759375 0.125 0.05 0.06111111111111111
0 0.56875 0.053703703703703705 0.025 0.04814814814814815
1 0.5166666666666667 0.04259259259259259 0.0375 0.08148148148148149
0 0.9427083333333334 0.27685185185185185 0.0875 0.12037037037037036
1 0.44895833333333335 0.4703703703703704 0.17291666666666666 0.5074074074074074
