0 0.6515625 0.5425925925925926 0.103125 0.1814814814814815
0 0.5979166666666667 0.3074074074074074 0.06041666666666667 0.1
0 0.5375 0.21574074074074073 0.041666666666666664 0.06481481481481481
0 0.6057291666666667 0.2 0.036458333333333336 0.05555555555555555
0 0.7260416666666667 0.15185185185185185 0.03333333333333333 0.044444444444444446
0 0.76875 0.22962962962962963 0.06041666666666667 0.09259259259259259
0 0.6166666666666667 0.1685185185185185 0.0375 0.04814814814814815
0 0.5828125 0.12962962962962962 0.026041666666666668 0.037037037037037035
0 0.6302083333333334 0.1398148148148148 0.029166666666666667 0.03518518518518519
0 0.9067708333333333 0.3351851851851852 0.084375 0.10740740740740741
