0 0.2942708333333333 0.9629629629629629 0.11770833333333333 0.07407407407407407
0 0.0734375 0.9194444444444444 0.14479166666666668 0.16111111111111112
0 0.6244791666666667 0.17037037037037037 0.028125 0.044444444444444446
0 0.6828125 0.18981481481481483 0.03229166666666667 0.053703703703703705
0 0.41875 0.5333333333333333 0.07708333333333334 0.13333333333333333
0 0.6442708333333333 0.262037037037037 0.042708333333333334 0.07962962962962963
0 0.7546875 0.21296296296296297 0.034375 0.05185185185185185
0 0.4515625 0.36018518518518516 0.051041666666666666 0.08703703703703704
3 0.3458333333333333 0.38425925925925924 0.07708333333333334 0.19444444444444445
0 0.26197916666666665 0.3768518518518518 0.06770833333333333 0.10185185185185185
0 0.8005208333333333 0.2074074074074074 0.034375 0.044444444444444446
0 0.28177083333333336 0.27685185185185185 0.042708333333333334 0.06111111111111111
0 0.3723958333333333 0.2537037037037037 0.042708333333333334 0.05555555555555555
0 0.353125 0.20277777777777778 0.029166666666666667 0.03888888888888889
0 0.7166666666666667 0.6231481481481481 0.09166666666666666 0.15
0 0.9494791666666667 0.8425925925925926 0.10104166666666667 0.1925925925925926
