2 0.07395833333333333 0.8907407407407407 0.14583333333333334 0.1925925925925926
2 0.18958333333333333 0.6537037037037037 0.1125 0.24814814814814815
2 0.12760416666666666 0.48333333333333334 0.11770833333333333 0.18518518518518517
0 0.365625 0.6888888888888889 0.1125 0.1925925925925926
2 0.6619791666666667 0.24537037037037038 0.042708333333333334 0.08333333333333333
0 0.43802083333333336 0.38333333333333336 0.059375 0.10740740740740741
0 0.7729166666666667 0.3194444444444444 0.05625 0.07962962962962963
0 0.84375 0.19907407407407407 0.03958333333333333 0.053703703703703705
0 0.39947916666666666 0.27314814814814814 0.053125 0.08333333333333333
0 0.7005208333333334 0.4388888888888889 0.07604166666666666 0.12222222222222222
0 0.4973958333333333 0.2111111111111111 0.03854166666666667 0.07407407407407407
2 0.9291666666666667 0.39537037037037037 0.07291666666666667 0.12407407407407407
0 0.9552083333333333 0.7277777777777777 0.08958333333333333 0.1814814814814815
0 0.3848958333333333 0.19074074074074074 0.036458333333333336 0.05185185185185185
