0 0.8838541666666667 0.18055555555555555 0.03229166666666667 0.046296296296296294
0 0.8348958333333333 0.15925925925925927 0.034375 0.040740740740740744
0 0.8286458333333333 0.20277777777777778 0.030208333333333334 0.053703703703703705
0 0.9520833333333333 0.22962962962962963 0.0375 0.05925925925925926
0 0.30885416666666665 0.3287037037037037 0.06145833333333333 0.07592592592592592
0 0.56875 0.262037037037037 0.06458333333333334 0.07592592592592592
2 0.5463541666666667 0.21296296296296297 0.057291666666666664 0.07777777777777778
0 0.6036458333333333 0.40925925925925927 0.096875 0.1259259259259259
0 0.7119791666666667 0.4638888888888889 0.084375 0.12407407407407407
2 0.5390625 0.1787037037037037 0.034375 0.046296296296296294
2 0.49635416666666665 0.18796296296296297 0.051041666666666666 0.05740740740740741
2 0.6682291666666667 0.16574074074074074 0.036458333333333336 0.05740740740740741
0 0.6260416666666667 0.15925925925925927 0.035416666666666666 0.044444444444444446
