0 0.9098958333333333 0.31851851851851853 0.153125 0.14074074074074075
2 0.7385416666666667 0.25092592592592594 0.12083333333333333 0.10925925925925926
0 0.5166666666666667 0.19814814814814816 0.07291666666666667 0.07037037037037037
0 0.44895833333333335 0.17962962962962964 0.05416666666666667 0.05555555555555555
0 0.5119791666666667 0.22685185185185186 0.065625 0.07222222222222222
2 0.8244791666666667 0.6861111111111111 0.271875 0.3277777777777778
0 0.5901041666666667 0.5259259259259259 0.15729166666666666 0.17037037037037037
1 0.3953125 0.2537037037037037 0.18229166666666666 0.2037037037037037
0 0.9505208333333334 0.49537037037037035 0.09895833333333333 0.17592592592592593
0 0.6453125 0.44537037037037036 0.16145833333333334 0.1425925925925926
0 0.43333333333333335 0.41203703703703703 0.1125 0.12407407407407407
2 0.8317708333333333 0.5157407407407407 0.17395833333333333 0.21296296296296297
0 0.9625 0.6574074074074074 0.075 0.14814814814814814
0 0.8041666666666667 0.41574074074074074 0.16041666666666668 0.13148148148148148
0 0.6276041666666666 0.33240740740740743 0.11979166666666667 0.10555555555555556
0 0.29583333333333334 0.2898148148148148 0.06875 0.09814814814814815
0 0.359375 0.3472222222222222 0.07916666666666666 0.09814814814814815
0 0.5161458333333333 0.275 0.08229166666666667 0.09814814814814815
0 0.30052083333333335 0.22962962962962963 0.042708333333333334 0.05555555555555555
0 0.25885416666666666 0.2101851851851852 0.040625 0.05
0 0.24791666666666667 0.262037037037037 0.04583333333333333 0.06851851851851852
