0 0.3578125 0.2712962962962963 0.07604166666666666 0.11666666666666667
0 0.5770833333333333 0.35185185185185186 0.08125 0.14444444444444443
0 0.7239583333333334 0.38796296296296295 0.09166666666666666 0.16111111111111112
0 0.5296875 0.16296296296296298 0.053125 0.08518518518518518
0 0.7942708333333334 0.05740740740740741 0.046875 0.04814814814814815
0 0.5838541666666667 0.08796296296296297 0.04479166666666667 0.06851851851851852
0 0.6651041666666667 0.0962962962962963 0.04895833333333333 0.07407407407407407
0 0.51875 0.037037037037037035 0.041666666666666664 0.07037037037037037
0 0.9317708333333333 0.07962962962962963 0.065625 0.06296296296296296
0 0.9083333333333333 0.25092592592592594 0.08958333333333333 0.10555555555555556
0 0.959375 0.17407407407407408 0.08125 0.08518518518518518
2 0.6505208333333333 0.013888888888888888 0.034375 0.024074074074074074
