0 0.6359375 0.11851851851851852 0.036458333333333336 0.05925925925925926
0 0.5833333333333334 0.12407407407407407 0.0375 0.06296296296296296
0 0.7015625 0.12685185185185185 0.03854166666666667 0.05740740740740741
0 0.5942708333333333 0.16944444444444445 0.03854166666666667 0.06481481481481481
0 0.6682291666666667 0.1648148148148148 0.03854166666666667 0.06296296296296296
0 0.6890625 0.22962962962962963 0.057291666666666664 0.09259259259259259
0 0.7921875 0.25925925925925924 0.065625 0.09259259259259259
0 0.65625 0.34629629629629627 0.07291666666666667 0.12222222222222222
2 0.8020833333333334 0.4898148148148148 0.10833333333333334 0.18703703703703703
0 0.96875 0.5185185185185185 0.0625 0.15925925925925927
0 0.328125 0.24814814814814815 0.04791666666666667 0.07407407407407407
2 0.11666666666666667 0.8953703703703704 0.19583333333333333 0.20925925925925926
0 0.42916666666666664 0.8685185185185185 0.14375 0.22962962962962963
0 0.4 0.262037037037037 0.0625 0.08333333333333333
0 0.4895833333333333 0.28703703703703703 0.06041666666666667 0.1111111111111111
0 0.5015625 0.18981481481481483 0.040625 0.06851851851851852
0 0.46770833333333334 0.10648148148148148 0.03333333333333333 0.05
0 0.5171875 0.10185185185185185 0.030208333333333334 0.05925925925925926
