0 0.47552083333333334 0.22407407407407406 0.053125 0.07777777777777778
0 0.5390625 0.3472222222222222 0.07395833333333333 0.12777777777777777
0 0.56875 0.21203703703703702 0.052083333333333336 0.08333333333333333
0 0.7223958333333333 0.899074074074074 0.15729166666666666 0.20185185185185187
0 0.7203125 0.07314814814814814 0.030208333333333334 0.05
0 0.659375 0.23148148148148148 0.052083333333333336 0.09259259259259259
0 0.8598958333333333 0.13148148148148148 0.046875 0.06666666666666667
0 0.5859375 0.14537037037037037 0.03854166666666667 0.07222222222222222
0 0.6447916666666667 0.15462962962962962 0.041666666666666664 0.09074074074074075
0 0.8723958333333334 0.17314814814814813 0.06354166666666666 0.07962962962962963
0 0.9416666666666667 0.5953703703703703 0.11666666666666667 0.20555555555555555
0 0.9671875 0.4361111111111111 0.065625 0.1425925925925926
0 0.9734375 0.2675925925925926 0.053125 0.10555555555555556
1 0.49114583333333334 0.1259259259259259 0.128125 0.15925925925925927
