0 0.8046875 0.2833333333333333 0.04895833333333333 0.07407407407407407
0 0.8947916666666667 0.30092592592592593 0.041666666666666664 0.06851851851851852
0 0.965625 0.25462962962962965 0.035416666666666666 0.05740740740740741
0 0.7416666666666667 0.28055555555555556 0.05 0.06481481481481481
0 0.20833333333333334 0.4888888888888889 0.12916666666666668 0.12962962962962962
0 0.4125 0.31203703703703706 0.07708333333333334 0.08703703703703704
2 0.9265625 0.38981481481481484 0.059375 0.12407407407407407
2 0.47708333333333336 0.6064814814814815 0.14583333333333334 0.17962962962962964
0 0.5421875 0.837037037037037 0.16770833333333332 0.24074074074074073
0 0.6557291666666667 0.23796296296296296 0.042708333333333334 0.053703703703703705
