0 0.7 0.019444444444444445 0.01875 0.03518518518518519
0 0.159375 0.48703703703703705 0.12291666666666666 0.15925925925925927
0 0.7265625 0.026851851851851852 0.023958333333333335 0.016666666666666666
0 0.7197916666666667 0.013888888888888888 0.01875 0.024074074074074074
0 0.3078125 0.33240740740740743 0.06979166666666667 0.10555555555555556
0 0.7260416666666667 0.05648148148148148 0.027083333333333334 0.04259259259259259
0 0.7640625 0.03796296296296296 0.023958333333333335 0.027777777777777776
0 0.7630208333333334 0.06296296296296296 0.026041666666666668 0.025925925925925925
2 0.6791666666666667 0.03333333333333333 0.020833333333333332 0.040740740740740744
0 0.7901041666666667 0.05092592592592592 0.030208333333333334 0.04259259259259259
0 0.6703125 0.17592592592592593 0.046875 0.07407407407407407
0 0.6078125 0.12129629629629629 0.03229166666666667 0.053703703703703705
0 0.7671875 0.09444444444444444 0.036458333333333336 0.04814814814814815
0 0.8104166666666667 0.10462962962962963 0.041666666666666664 0.04259259259259259
0 0.8166666666666667 0.13425925925925927 0.05 0.05740740740740741
0 0.878125 0.11203703703703703 0.06666666666666667 0.06481481481481481
0 0.5901041666666667 0.03425925925925926 0.021875 0.03518518518518519
0 0.6197916666666666 0.020370370370370372 0.020833333333333332 0.037037037037037035
0 0.5458333333333333 0.03333333333333333 0.020833333333333332 0.03333333333333333
1 0.5270833333333333 0.1712962962962963 0.08333333333333333 0.18703703703703703
