0 0.2921875 0.04259259259259259 0.03229166666666667 0.037037037037037035
0 0.23645833333333333 0.06481481481481481 0.03333333333333333 0.037037037037037035
0 0.2234375 0.040740740740740744 0.028125 0.03333333333333333
2 0.5484375 0.42685185185185187 0.12395833333333334 0.19444444444444445
0 0.28489583333333335 0.33425925925925926 0.08020833333333334 0.10925925925925926
0 0.17604166666666668 0.3861111111111111 0.0875 0.12037037037037036
0 0.3458333333333333 0.06296296296296296 0.0375 0.044444444444444446
0 0.3203125 0.24444444444444444 0.06979166666666667 0.09259259259259259
0 0.2125 0.22777777777777777 0.0625 0.08888888888888889
0 0.33541666666666664 0.1111111111111111 0.04375 0.044444444444444446
0 0.3776041666666667 0.10092592592592593 0.04895833333333333 0.053703703703703705
0 0.48125 0.08888888888888889 0.04583333333333333 0.04814814814814815
0 0.08072916666666667 0.16574074074074074 0.042708333333333334 0.06481481481481481
0 0.5010416666666667 0.20185185185185187 0.07916666666666666 0.06666666666666667
0 0.7354166666666667 0.26296296296296295 0.11041666666666666 0.08518518518518518
0 0.08958333333333333 0.09907407407407408 0.03125 0.04259259259259259
0 0.7765625 0.3425925925925926 0.103125 0.09259259259259259
