0 0.5890625 0.7583333333333333 0.21770833333333334 0.3425925925925926
0 0.7895833333333333 0.6555555555555556 0.18958333333333333 0.2518518518518518
0 0.20104166666666667 0.06296296296296296 0.03125 0.040740740740740744
0 0.14479166666666668 0.3416666666666667 0.07708333333333334 0.11296296296296296
0 0.22135416666666666 0.04351851851851852 0.028125 0.03888888888888889
2 0.34479166666666666 0.06851851851851852 0.035416666666666666 0.04814814814814815
0 0.2625 0.31851851851851853 0.07916666666666666 0.1037037037037037
0 0.14791666666666667 0.20277777777777778 0.04791666666666667 0.06851851851851852
0 0.25833333333333336 0.19907407407407407 0.06666666666666667 0.09444444444444444
0 0.4276041666666667 0.07962962962962963 0.042708333333333334 0.040740740740740744
0 0.3302083333333333 0.09814814814814815 0.041666666666666664 0.05185185185185185
0 0.3958333333333333 0.15 0.06041666666666667 0.05925925925925926
0 0.05 0.18055555555555555 0.03958333333333333 0.06111111111111111
0 0.140625 0.9268518518518518 0.15833333333333333 0.14629629629629629
0 0.6213541666666667 0.18425925925925926 0.078125 0.06851851851851852
0 0.6713541666666667 0.25 0.090625 0.07407407407407407
0 0.6541666666666667 0.30462962962962964 0.10416666666666667 0.09074074074074075
0 0.8338541666666667 0.225 0.09895833333333333 0.07962962962962963
0 0.8979166666666667 0.29444444444444445 0.12291666666666666 0.09259259259259259
2 0.10104166666666667 0.06481481481481481 0.03333333333333333 0.05185185185185185
0 0.050520833333333334 0.07037037037037037 0.023958333333333335 0.040740740740740744
