0 0.046875 0.7648148148148148 0.09166666666666666 0.17407407407407408
0 0.7411458333333333 0.2916666666666667 0.04479166666666667 0.06481481481481481
0 0.29791666666666666 0.44074074074074077 0.10416666666666667 0.1037037037037037
0 0.47708333333333336 0.38981481481481484 0.08958333333333333 0.09074074074074075
0 0.28489583333333335 0.35462962962962963 0.07395833333333333 0.08333333333333333
2 0.7520833333333333 0.4148148148148148 0.06041666666666667 0.1
0 0.5994791666666667 0.2796296296296296 0.05520833333333333 0.06666666666666667
2 0.5234375 0.28888888888888886 0.053125 0.08148148148148149
0 0.9703125 0.6416666666666667 0.059375 0.1648148148148148
0 0.421875 0.775 0.17916666666666667 0.23148148148148148
