0 0.7161458333333334 0.022222222222222223 0.021875 0.040740740740740744
0 0.671875 0.040740740740740744 0.020833333333333332 0.037037037037037035
0 0.6848958333333334 0.02962962962962963 0.017708333333333333 0.03333333333333333
0 0.7125 0.06296296296296296 0.029166666666666667 0.044444444444444446
0 0.7614583333333333 0.09444444444444444 0.03125 0.05185185185185185
0 0.7515625 0.11018518518518519 0.040625 0.06111111111111111
0 0.565625 0.06851851851851852 0.025 0.044444444444444446
0 0.6052083333333333 0.03796296296296296 0.020833333333333332 0.03888888888888889
3 0.5708333333333333 0.03796296296296296 0.027083333333333334 0.053703703703703705
0 0.9302083333333333 0.1388888888888889 0.09375 0.07037037037037037
0 0.9411458333333333 0.30462962962962964 0.08229166666666667 0.13148148148148148
1 0.3489583333333333 0.6398148148148148 0.33958333333333335 0.6722222222222223
