0 0.4630208333333333 0.18611111111111112 0.057291666666666664 0.07962962962962963
2 0.6958333333333333 0.8462962962962963 0.1875 0.3074074074074074
0 0.6609375 0.5462962962962963 0.10520833333333333 0.2
0 0.5364583333333334 0.1935185185185185 0.058333333333333334 0.08333333333333333
0 0.7635416666666667 0.026851851851851852 0.027083333333333334 0.05
0 0.7890625 0.4351851851851852 0.121875 0.18888888888888888
0 0.5635416666666667 0.14537037037037037 0.035416666666666666 0.06481481481481481
0 0.6557291666666667 0.1648148148148148 0.04895833333333333 0.07407407407407407
0 0.6958333333333333 0.24722222222222223 0.06458333333333334 0.10185185185185185
0 0.7822916666666667 0.09074074074074075 0.03958333333333333 0.05925925925925926
0 0.5520833333333334 0.07592592592592592 0.03125 0.05185185185185185
1 0.4583333333333333 0.4777777777777778 0.17708333333333334 0.4703703703703704
