0 0.8213541666666667 0.34629629629629627 0.12604166666666666 0.1
0 0.6411458333333333 0.2796296296296296 0.096875 0.09259259259259259
2 0.5177083333333333 0.23425925925925925 0.07916666666666666 0.07592592592592592
0 0.43385416666666665 0.21388888888888888 0.059375 0.05740740740740741
0 0.3765625 0.1935185185185185 0.04895833333333333 0.046296296296296294
0 0.19635416666666666 0.3490740740740741 0.057291666666666664 0.08333333333333333
2 0.8078125 0.7472222222222222 0.271875 0.3277777777777778
0 0.5739583333333333 0.5805555555555556 0.15833333333333333 0.1685185185185185
1 0.3807291666666667 0.30648148148148147 0.18020833333333333 0.20555555555555555
0 0.9390625 0.549074074074074 0.121875 0.17592592592592593
0 0.6291666666666667 0.5046296296296297 0.16458333333333333 0.14629629629629629
0 0.4171875 0.4638888888888889 0.11354166666666667 0.12777777777777777
2 0.8125 0.5657407407407408 0.175 0.20185185185185187
0 0.9541666666666667 0.7240740740740741 0.09166666666666666 0.16666666666666666
0 0.7546875 0.4601851851851852 0.153125 0.13148148148148148
0 0.6135416666666667 0.38425925925925924 0.12291666666666666 0.10555555555555556
0 0.28072916666666664 0.34074074074074073 0.06979166666666667 0.1
0 0.34375 0.39814814814814814 0.07708333333333334 0.1
0 0.5026041666666666 0.32037037037037036 0.071875 0.1037037037037037
0 0.28229166666666666 0.28055555555555556 0.0375 0.05740740740740741
0 0.24635416666666668 0.2537037037037037 0.042708333333333334 0.05185185185185185
0 0.22760416666666666 0.2953703703703704 0.051041666666666666 0.06481481481481481
