0 0.0484375 0.462037037037037 0.09479166666666666 0.12407407407407407
0 0.24739583333333334 0.3138888888888889 0.12604166666666666 0.09074074074074075
2 0.19583333333333333 0.45740740740740743 0.21666666666666667 0.22962962962962963
0 0.515625 0.24722222222222223 0.10625 0.08703703703703704
2 0.8625 0.30277777777777776 0.1125 0.12777777777777777
0 0.79375 0.20092592592592592 0.08541666666666667 0.07962962962962963
2 0.8151041666666666 0.12962962962962962 0.06979166666666667 0.07777777777777778
0 0.85 0.15462962962962962 0.07291666666666667 0.06481481481481481
0 0.5177083333333333 0.7333333333333333 0.24791666666666667 0.24444444444444444
0 0.13333333333333333 0.8166666666666667 0.23541666666666666 0.24074074074074073
