0 0.9104166666666667 0.25555555555555554 0.09166666666666666 0.09259259259259259
0 0.11979166666666667 0.5666666666666667 0.10208333333333333 0.1
0 0.029166666666666667 0.5416666666666666 0.05625 0.10555555555555556
0 0.7630208333333334 0.2962962962962963 0.10729166666666666 0.0962962962962963
0 0.7942708333333334 0.38981481481481484 0.115625 0.12777777777777777
0 0.49635416666666665 0.5342592592592592 0.16145833333333334 0.16111111111111112
0 0.7911458333333333 0.575 0.153125 0.19814814814814816
0 0.5166666666666667 0.23703703703703705 0.06875 0.07037037037037037
0 0.5447916666666667 0.3416666666666667 0.06875 0.06481481481481481
0 0.10416666666666667 0.9138888888888889 0.20625 0.17222222222222222
