0 0.09166666666666666 0.8731481481481481 0.15833333333333333 0.2537037037037037
0 0.3723958333333333 0.6777777777777778 0.09895833333333333 0.1962962962962963
0 0.2609375 0.5574074074074075 0.10729166666666666 0.17037037037037037
0 0.18489583333333334 0.48703703703703705 0.08645833333333333 0.11481481481481481
0 0.6177083333333333 0.23981481481481481 0.035416666666666666 0.05740740740740741
0 0.1546875 0.4148148148148148 0.08020833333333334 0.1
0 0.3885416666666667 0.35185185185185186 0.05625 0.08518518518518518
0 0.484375 0.30462962962962964 0.04583333333333333 0.07592592592592592
0 0.421875 0.2601851851851852 0.041666666666666664 0.06481481481481481
0 0.6583333333333333 0.3731481481481482 0.058333333333333334 0.09074074074074075
0 0.35260416666666666 0.2574074074074074 0.04479166666666667 0.07037037037037037
0 0.49322916666666666 0.2175925925925926 0.03229166666666667 0.053703703703703705
0 0.9026041666666667 0.43333333333333335 0.08229166666666667 0.0962962962962963
0 0.4630208333333333 0.1787037037037037 0.028125 0.04259259259259259
0 0.978125 0.39444444444444443 0.04375 0.09259259259259259
