1 0.8067708333333333 0.4787037037037037 0.3260416666666667 0.5018518518518519
0 0.17916666666666667 0.4842592592592593 0.10208333333333333 0.10185185185185185
0 0.7927083333333333 0.287962962962963 0.09166666666666666 0.10555555555555556
0 0.5921875 0.4666666666666667 0.11979166666666667 0.13333333333333333
0 0.646875 0.5481481481481482 0.15833333333333333 0.17777777777777778
0 0.4973958333333333 0.22037037037037038 0.06145833333333333 0.05555555555555555
0 0.5447916666666667 0.1648148148148148 0.058333333333333334 0.05185185185185185
0 0.6239583333333333 0.16666666666666666 0.058333333333333334 0.06296296296296296
2 0.6927083333333334 0.13333333333333333 0.05625 0.06296296296296296
0 0.8208333333333333 0.16666666666666666 0.058333333333333334 0.06296296296296296
