1 0.07135416666666666 0.41759259259259257 0.140625 0.29074074074074074
1 0.4739583333333333 0.23055555555555557 0.23541666666666666 0.19074074074074074
0 0.36822916666666666 0.6648148148148149 0.16979166666666667 0.24074074074074073
0 0.18385416666666668 0.2074074074074074 0.034375 0.040740740740740744
0 0.175 0.4009259259259259 0.07916666666666666 0.11296296296296296
0 0.30104166666666665 0.39537037037037037 0.09791666666666667 0.11666666666666667
0 0.25625 0.2574074074074074 0.05625 0.06296296296296296
2 0.36041666666666666 0.25462962962962965 0.08541666666666667 0.09074074074074075
0 0.08020833333333334 0.2675925925925926 0.041666666666666664 0.06111111111111111
0 0.8229166666666666 0.4962962962962963 0.2 0.16296296296296298
