0 0.6729166666666667 0.1685185185185185 0.029166666666666667 0.044444444444444446
0 0.6322916666666667 0.20833333333333334 0.03333333333333333 0.05
0 0.6927083333333334 0.20925925925925926 0.0375 0.05555555555555555
0 0.2546875 0.862037037037037 0.15104166666666666 0.2759259259259259
0 0.036458333333333336 0.5370370370370371 0.07083333333333333 0.13703703703703704
0 0.7567708333333333 0.20925925925925926 0.03854166666666667 0.05555555555555555
0 0.6432291666666666 0.27870370370370373 0.04895833333333333 0.07962962962962963
2 0.2838541666666667 0.35185185185185186 0.057291666666666664 0.1037037037037037
0 0.8052083333333333 0.19444444444444445 0.035416666666666666 0.05185185185185185
0 0.7557291666666667 0.29444444444444445 0.053125 0.08148148148148149
0 0.45989583333333334 0.32314814814814813 0.051041666666666666 0.08333333333333333
0 0.8385416666666666 0.4648148148148148 0.08958333333333333 0.14444444444444443
0 0.7213541666666666 0.5703703703703704 0.09270833333333334 0.14444444444444443
0 0.9401041666666666 0.4462962962962963 0.084375 0.10740740740740741
