0 0.47291666666666665 0.20555555555555555 0.05416666666666667 0.07407407407407407
0 0.4953125 0.3861111111111111 0.090625 0.1685185185185185
0 0.6276041666666666 0.4351851851851852 0.090625 0.17407407407407408
0 0.5557291666666667 0.2351851851851852 0.05520833333333333 0.09259259259259259
0 0.7302083333333333 0.08148148148148149 0.0375 0.05555555555555555
0 0.6432291666666666 0.2740740740740741 0.057291666666666664 0.10740740740740741
2 0.5807291666666666 0.13703703703703704 0.04895833333333333 0.10740740740740741
2 0.7807291666666667 0.06759259259259259 0.03854166666666667 0.06851851851851852
0 0.4505208333333333 0.1814814814814815 0.078125 0.07037037037037037
0 0.7901041666666667 0.12685185185185185 0.046875 0.06481481481481481
0 0.7671875 0.18981481481481483 0.057291666666666664 0.08333333333333333
0 0.89375 0.1935185185185185 0.07291666666666667 0.08703703703703704
0 0.60625 0.10277777777777777 0.03333333333333333 0.05740740740740741
0 0.9755208333333333 0.37962962962962965 0.04895833333333333 0.14814814814814814
1 0.490625 0.10092592592592593 0.12708333333333333 0.1537037037037037
