0 0.6317708333333333 0.16666666666666666 0.026041666666666668 0.040740740740740744
0 0.7203125 0.1685185185185185 0.026041666666666668 0.040740740740740744
0 0.6239583333333333 0.19537037037037036 0.029166666666666667 0.046296296296296294
0 0.6765625 0.17592592592592593 0.026041666666666668 0.040740740740740744
0 0.6510416666666666 0.24074074074074073 0.0375 0.05925925925925926
0 0.721875 0.2796296296296296 0.04583333333333333 0.06666666666666667
2 0.778125 0.25277777777777777 0.03958333333333333 0.07222222222222222
0 0.7973958333333333 0.19907407407407407 0.036458333333333336 0.05
0 0.6744791666666666 0.3509259259259259 0.051041666666666666 0.07962962962962963
0 0.3453125 0.28703703703703703 0.046875 0.07777777777777778
0 0.25 0.33055555555555555 0.05625 0.07222222222222222
0 0.8239583333333333 0.23703703703703705 0.03958333333333333 0.05925925925925926
0 0.7911458333333333 0.40370370370370373 0.06770833333333333 0.1
0 0.7015625 0.44537037037037036 0.071875 0.12037037037037036
0 0.4078125 0.2324074074074074 0.036458333333333336 0.05
0 0.515625 0.22592592592592592 0.03125 0.05185185185185185
0 0.33645833333333336 0.22407407407407406 0.03958333333333333 0.05925925925925926
0 0.8807291666666667 0.29074074074074074 0.046875 0.06666666666666667
0 0.9098958333333333 0.41388888888888886 0.07395833333333333 0.08703703703703704
2 0.9161458333333333 0.31851851851851853 0.06979166666666667 0.09259259259259259
0 0.7822916666666667 0.825925925925926 0.1375 0.21481481481481482
