0 0.4744791666666667 0.19166666666666668 0.05520833333333333 0.07962962962962963
0 0.41354166666666664 0.8546296296296296 0.18333333333333332 0.29074074074074074
2 0.503125 0.4111111111111111 0.11041666666666666 0.26666666666666666
0 0.4552083333333333 0.1685185185185185 0.08333333333333333 0.07037037037037037
0 0.5630208333333333 0.27314814814814814 0.065625 0.10555555555555556
0 0.7854166666666667 0.06851851851851852 0.041666666666666664 0.05925925925925926
0 0.83125 0.03796296296296296 0.0375 0.07222222222222222
0 0.5942708333333333 0.10833333333333334 0.03854166666666667 0.07222222222222222
0 0.65 0.1259259259259259 0.041666666666666664 0.07407407407407407
0 0.6484375 0.07685185185185185 0.034375 0.06111111111111111
1 0.4921875 0.08611111111111111 0.128125 0.14629629629629629
