0 0.2703125 0.9361111111111111 0.13645833333333332 0.12777777777777777
0 0.6578125 0.225 0.042708333333333334 0.07592592592592592
0 0.225 0.637962962962963 0.12708333333333333 0.21666666666666667
0 0.76875 0.3111111111111111 0.0625 0.0962962962962963
0 0.725 0.387037037037037 0.06666666666666667 0.1037037037037037
2 0.41458333333333336 0.2518518518518518 0.04583333333333333 0.08888888888888889
0 0.8770833333333333 0.24537037037037038 0.052083333333333336 0.06111111111111111
0 0.925 0.38796296296296295 0.08333333333333333 0.12037037037037036
0 0.34010416666666665 0.20462962962962963 0.03854166666666667 0.05
0 0.9 0.7777777777777778 0.1375 0.2111111111111111
2 0.3458333333333333 0.17037037037037037 0.022916666666666665 0.05925925925925926
0 0.0640625 0.4537037037037037 0.10104166666666667 0.13703703703703704
