1 0.07135416666666666 0.412962962962963 0.140625 0.2777777777777778
1 0.47708333333333336 0.22592592592592592 0.24166666666666667 0.1814814814814815
0 0.37447916666666664 0.7416666666666667 0.18645833333333334 0.2796296296296296
0 0.2140625 0.44166666666666665 0.08645833333333333 0.12777777777777777
0 0.4234375 0.5027777777777778 0.146875 0.17962962962962964
0 0.26197916666666665 0.24722222222222223 0.05520833333333333 0.05740740740740741
0 0.11614583333333334 0.3148148148148148 0.05520833333333333 0.07037037037037037
0 0.18385416666666668 0.2935185185185185 0.057291666666666664 0.06851851851851852
0 0.4015625 0.3398148148148148 0.09270833333333334 0.09074074074074075
2 0.5807291666666666 0.34629629629629627 0.14895833333333333 0.13703703703703704
