0 0.3260416666666667 0.2601851851851852 0.08333333333333333 0.15
1 0.8973958333333333 0.17314814814814813 0.20520833333333333 0.3425925925925926
0 0.2421875 0.19537037037037036 0.096875 0.1388888888888889
0 0.3578125 0.049074074074074076 0.05520833333333333 0.09444444444444444
0 0.38333333333333336 0.16944444444444445 0.07708333333333334 0.12037037037037036
0 0.4427083333333333 0.462037037037037 0.125 0.2574074074074074
2 0.675 0.021296296296296296 0.04583333333333333 0.03888888888888889
0 0.49375 0.11481481481481481 0.06458333333333334 0.10740740740740741
3 0.45208333333333334 0.03518518518518519 0.0625 0.06666666666666667
0 0.34479166666666666 0.012037037037037037 0.075 0.020370370370370372
0 0.7692708333333333 0.2611111111111111 0.10520833333333333 0.14074074074074075
1 0.984375 0.3037037037037037 0.03125 0.3074074074074074
0 0.9619791666666667 0.774074074074074 0.07604166666666666 0.23703703703703705
