0 0.6369791666666667 0.1259259259259259 0.034375 0.05925925925925926
0 0.6833333333333333 0.14629629629629629 0.03333333333333333 0.05185185185185185
0 0.6692708333333334 0.1925925925925926 0.042708333333333334 0.07037037037037037
0 0.7130208333333333 0.2611111111111111 0.06145833333333333 0.08518518518518518
0 0.6401041666666667 0.35185185185185186 0.06979166666666667 0.11481481481481481
0 0.8359375 0.3490740740740741 0.08229166666666667 0.11666666666666667
0 0.8515625 0.5879629629629629 0.146875 0.22407407407407406
0 0.3265625 0.22777777777777777 0.051041666666666666 0.07037037037037037
2 0.46197916666666666 0.6694444444444444 0.109375 0.2722222222222222
0 0.37083333333333335 0.4222222222222222 0.08541666666666667 0.13333333333333333
0 0.39791666666666664 0.20925925925925926 0.04583333333333333 0.07037037037037037
0 0.4119791666666667 0.2712962962962963 0.06145833333333333 0.09074074074074075
2 0.459375 0.14074074074074075 0.03125 0.07037037037037037
0 0.5166666666666667 0.12314814814814815 0.03125 0.05
0 0.4427083333333333 0.10740740740740741 0.025 0.044444444444444446
