0 0.4635416666666667 0.1925925925925926 0.058333333333333334 0.08148148148148149
2 0.6875 0.6833333333333333 0.15 0.36666666666666664
0 0.6463541666666667 0.42962962962962964 0.090625 0.14444444444444443
0 0.5453125 0.1814814814814815 0.042708333333333334 0.07777777777777778
0 0.7713541666666667 0.04814814814814815 0.030208333333333334 0.04814814814814815
0 0.7307291666666667 0.3175925925925926 0.09270833333333334 0.1388888888888889
0 0.5645833333333333 0.13703703703703704 0.03333333333333333 0.06296296296296296
0 0.6411458333333333 0.13240740740740742 0.040625 0.06481481481481481
0 0.6765625 0.18703703703703703 0.051041666666666666 0.08518518518518518
0 0.8026041666666667 0.12777777777777777 0.04479166666666667 0.06666666666666667
0 0.5536458333333333 0.06759259259259259 0.028125 0.046296296296296294
1 0.45625 0.48148148148148145 0.175 0.4740740740740741
