0 0.6786458333333333 0.17777777777777778 0.026041666666666668 0.040740740740740744
0 0.6338541666666667 0.19537037037037036 0.03229166666666667 0.05
0 0.6953125 0.21851851851851853 0.036458333333333336 0.05185185185185185
0 0.765625 0.17037037037037037 0.03125 0.040740740740740744
0 0.7541666666666667 0.22962962962962963 0.0375 0.05555555555555555
0 0.6473958333333333 0.29444444444444445 0.042708333333333334 0.06666666666666667
0 0.7489583333333333 0.3472222222222222 0.06041666666666667 0.09444444444444444
0 0.6697916666666667 0.4148148148148148 0.0625 0.1
0 0.3385416666666667 0.225 0.035416666666666666 0.05
0 0.496875 0.23055555555555557 0.035416666666666666 0.05
2 0.396875 0.21481481481481482 0.035416666666666666 0.06666666666666667
0 0.8708333333333333 0.3824074074074074 0.06875 0.09074074074074075
0 0.9166666666666666 0.30648148148148147 0.058333333333333334 0.06851851851851852
0 0.9005208333333333 0.612037037037037 0.10520833333333333 0.15
0 0.775 0.7212962962962963 0.10833333333333334 0.17222222222222222
