0 0.09635416666666667 0.8657407407407407 0.165625 0.22777777777777777
0 0.634375 0.1712962962962963 0.029166666666666667 0.053703703703703705
0 0.69375 0.18055555555555555 0.03125 0.046296296296296294
0 0.7682291666666666 0.21203703703703702 0.036458333333333336 0.046296296296296294
0 0.6510416666666666 0.25925925925925924 0.041666666666666664 0.06666666666666667
0 0.7260416666666667 0.2574074074074074 0.041666666666666664 0.06296296296296296
0 0.6671875 0.3435185185185185 0.057291666666666664 0.09444444444444444
0 0.8057291666666667 0.25092592592592594 0.04479166666666667 0.06481481481481481
0 0.8739583333333333 0.2462962962962963 0.04375 0.05185185185185185
0 0.8682291666666667 0.3611111111111111 0.06770833333333333 0.08518518518518518
0 0.8401041666666667 0.487962962962963 0.084375 0.12777777777777777
2 0.43125 0.24074074074074073 0.05 0.1
0 0.7385416666666667 0.6611111111111111 0.11875 0.2
