0 0.7197916666666667 0.7833333333333333 0.15 0.3
0 0.6291666666666667 0.27037037037037037 0.06458333333333334 0.1037037037037037
0 0.740625 0.04537037037037037 0.03125 0.046296296296296294
0 0.5614583333333333 0.23148148148148148 0.05416666666666667 0.08888888888888889
2 0.609375 0.17685185185185184 0.04583333333333333 0.09074074074074075
0 0.7572916666666667 0.35185185185185186 0.08958333333333333 0.14074074074074075
0 0.796875 0.05462962962962963 0.03125 0.04259259259259259
0 0.5463541666666667 0.16018518518518518 0.046875 0.06481481481481481
0 0.7135416666666666 0.21574074074074073 0.06666666666666667 0.11296296296296296
0 0.5942708333333333 0.1259259259259259 0.042708333333333334 0.07407407407407407
2 0.6703125 0.12222222222222222 0.042708333333333334 0.08518518518518518
0 0.8046875 0.09537037037037037 0.042708333333333334 0.06111111111111111
0 0.6338541666666667 0.09259259259259259 0.03229166666666667 0.06296296296296296
0 0.884375 0.10740740740740741 0.04791666666666667 0.06296296296296296
0 0.865625 0.17592592592592593 0.06458333333333334 0.07777777777777778
0 0.6442708333333333 0.06574074074074074 0.028125 0.04259259259259259
1 0.4609375 0.5824074074074074 0.21354166666666666 0.6759259259259259
