0 0.6276041666666666 0.09537037037037037 0.030208333333333334 0.05740740740740741
0 0.7380208333333333 0.16111111111111112 0.053125 0.07037037037037037
0 0.7317708333333334 0.3111111111111111 0.07395833333333333 0.0962962962962963
2 0.6255208333333333 0.3175925925925926 0.071875 0.15
0 0.809375 0.48055555555555557 0.12291666666666666 0.18333333333333332
0 0.25729166666666664 0.6722222222222223 0.14375 0.2222222222222222
2 0.08645833333333333 0.6481481481481481 0.17083333333333334 0.362962962962963
0 0.38333333333333336 0.40370370370370373 0.07708333333333334 0.12962962962962962
0 0.5005208333333333 0.40185185185185185 0.071875 0.13703703703703704
0 0.39479166666666665 0.2824074074074074 0.06041666666666667 0.09444444444444444
0 0.50625 0.1962962962962963 0.041666666666666664 0.07407407407407407
0 0.45729166666666665 0.16574074074074074 0.0375 0.06481481481481481
2 0.5161458333333333 0.1425925925925926 0.03854166666666667 0.07407407407407407
0 0.4276041666666667 0.13240740740740742 0.030208333333333334 0.05
0 0.44635416666666666 0.0962962962962963 0.026041666666666668 0.044444444444444446
2 0.5223958333333333 0.08888888888888889 0.019791666666666666 0.04814814814814815
