0 0.33229166666666665 0.22777777777777777 0.04375 0.06666666666666667
0 0.6864583333333333 0.12777777777777777 0.035416666666666666 0.04814814814814815
0 0.490625 0.21203703703703702 0.05 0.09074074074074075
0 0.5833333333333334 0.1361111111111111 0.03125 0.05740740740740741
0 0.45208333333333334 0.6111111111111112 0.10833333333333334 0.2074074074074074
2 0.421875 0.18055555555555555 0.04791666666666667 0.09814814814814815
0 0.6651041666666667 0.1814814814814815 0.042708333333333334 0.06666666666666667
0 0.5916666666666667 0.1675925925925926 0.035416666666666666 0.06111111111111111
0 0.49322916666666666 0.3212962962962963 0.06145833333333333 0.11296296296296296
0 0.7390625 0.2814814814814815 0.06770833333333333 0.08888888888888889
0 0.7635416666666667 0.37037037037037035 0.09166666666666666 0.14444444444444443
0 0.47708333333333336 0.13796296296296295 0.029166666666666667 0.046296296296296294
0 0.4359375 0.125 0.026041666666666668 0.046296296296296294
0 0.5192708333333333 0.10648148148148148 0.023958333333333335 0.04259259259259259
0 0.8921875 0.6962962962962963 0.153125 0.24444444444444444
1 0.7588541666666667 0.16944444444444445 0.09479166666666666 0.15
1 0.63125 0.10833333333333334 0.05416666666666667 0.11296296296296296
