3 0.18697916666666667 0.2388888888888889 0.22604166666666667 0.1814814814814815
0 0.22447916666666667 0.46944444444444444 0.23645833333333333 0.1648148148148148
0 0.9692708333333333 0.475 0.06145833333333333 0.13518518518518519
0 0.6546875 0.3787037037037037 0.165625 0.1425925925925926
0 0.1859375 0.8861111111111111 0.3697916666666667 0.22777777777777777
0 0.1921875 0.2388888888888889 0.13020833333333334 0.1
0 0.3411458333333333 0.21203703703703702 0.140625 0.09444444444444444
0 0.4708333333333333 0.18611111111111112 0.1 0.09444444444444444
0 0.5885416666666666 0.17037037037037037 0.10833333333333334 0.09259259259259259
0 0.0515625 0.25925925925925924 0.10104166666666667 0.09259259259259259
