0 0.5958333333333333 0.3537037037037037 0.07291666666666667 0.14444444444444443
0 0.8354166666666667 0.6416666666666667 0.1625 0.29814814814814816
0 0.7052083333333333 0.08055555555555556 0.029166666666666667 0.03888888888888889
0 0.6 0.2101851851851852 0.05416666666666667 0.09444444444444444
0 0.6869791666666667 0.25277777777777777 0.05520833333333333 0.09814814814814815
0 0.6880208333333333 0.10833333333333334 0.036458333333333336 0.05
0 0.5244791666666667 0.08703703703703704 0.026041666666666668 0.04814814814814815
0 0.575 0.10648148148148148 0.03333333333333333 0.046296296296296294
0 0.8078125 0.19074074074074074 0.05520833333333333 0.07037037037037037
0 0.9046875 0.2064814814814815 0.071875 0.08333333333333333
0 0.575 0.0712962962962963 0.025 0.04259259259259259
0 0.9630208333333333 0.35462962962962963 0.07395833333333333 0.12037037037037036
0 0.5583333333333333 0.05740740740740741 0.020833333333333332 0.037037037037037035
