0 0.5020833333333333 0.1638888888888889 0.0375 0.06851851851851852
0 0.5833333333333334 0.21388888888888888 0.04583333333333333 0.08333333333333333
0 0.8505208333333333 0.6537037037037037 0.153125 0.2518518518518518
2 0.5203125 0.19722222222222222 0.04895833333333333 0.10925925925925926
0 0.5619791666666667 0.14537037037037037 0.03854166666666667 0.06111111111111111
0 0.6828125 0.08518518518518518 0.03229166666666667 0.05185185185185185
0 0.7083333333333334 0.06296296296296296 0.03125 0.04814814814814815
0 0.59375 0.10648148148148148 0.041666666666666664 0.06851851851851852
0 0.6630208333333333 0.19444444444444445 0.057291666666666664 0.08888888888888889
0 0.7791666666666667 0.14629629629629629 0.052083333333333336 0.06666666666666667
0 0.5671875 0.04259259259259259 0.026041666666666668 0.040740740740740744
1 0.5171875 0.040740740740740744 0.036458333333333336 0.07777777777777778
1 0.4479166666666667 0.4703703703703704 0.17291666666666666 0.5074074074074074
