0 0.1234375 0.17777777777777778 0.053125 0.05185185185185185
2 0.6979166666666666 0.862037037037037 0.2833333333333333 0.2759259259259259
0 0.3578125 0.27314814814814814 0.08229166666666667 0.06481481481481481
0 0.278125 0.28055555555555556 0.08958333333333333 0.07222222222222222
0 0.4119791666666667 0.9268518518518518 0.271875 0.14629629629629629
0 0.5625 0.2861111111111111 0.09583333333333334 0.08333333333333333
0 0.134375 0.5166666666666667 0.13541666666666666 0.15925925925925927
0 0.6432291666666666 0.4444444444444444 0.140625 0.11481481481481481
0 0.7552083333333334 0.38055555555555554 0.13125 0.09444444444444444
0 0.043229166666666666 0.34814814814814815 0.084375 0.11481481481481481
0 0.8734375 0.49166666666666664 0.15729166666666666 0.13148148148148148
0 0.9322916666666666 0.39351851851851855 0.13541666666666666 0.11666666666666667
