0 0.7989583333333333 0.06759259259259259 0.035416666666666666 0.05
0 0.740625 0.06018518518518518 0.029166666666666667 0.04259259259259259
0 0.7890625 0.11481481481481481 0.03854166666666667 0.05555555555555555
0 0.5625 0.16944444444444445 0.03958333333333333 0.07222222222222222
0 0.5989583333333334 0.12407407407407407 0.03333333333333333 0.05555555555555555
0 0.6640625 0.1537037037037037 0.04479166666666667 0.07037037037037037
0 0.6666666666666666 0.5564814814814815 0.11666666666666667 0.19074074074074074
0 0.834375 0.175 0.05625 0.07592592592592592
0 0.5401041666666667 0.11481481481481481 0.030208333333333334 0.05185185185185185
2 0.5921875 0.08888888888888889 0.030208333333333334 0.05925925925925926
0 0.64375 0.09444444444444444 0.03333333333333333 0.05555555555555555
0 0.9427083333333334 0.26666666666666666 0.07708333333333334 0.1037037037037037
1 0.4588541666666667 0.5981481481481481 0.20729166666666668 0.6777777777777778
