2 0.6848958333333334 0.023148148148148147 0.021875 0.04259259259259259
0 0.6666666666666666 0.019444444444444445 0.020833333333333332 0.03518518518518519
0 0.734375 0.04537037037037037 0.025 0.03888888888888889
0 0.6765625 0.05925925925925926 0.026041666666666668 0.040740740740740744
0 0.7083333333333334 0.05740740740740741 0.025 0.040740740740740744
0 0.7536458333333333 0.10833333333333334 0.03854166666666667 0.053703703703703705
0 0.8401041666666667 0.17037037037037037 0.05520833333333333 0.07037037037037037
0 0.8286458333333333 0.2074074074074074 0.06145833333333333 0.08888888888888889
0 0.5671875 0.03333333333333333 0.019791666666666666 0.03333333333333333
1 0.41510416666666666 0.5694444444444444 0.221875 0.7129629629629629
