0 0.39166666666666666 0.09444444444444444 0.0375 0.040740740740740744
0 0.3572916666666667 0.10740740740740741 0.03958333333333333 0.044444444444444446
0 0.44166666666666665 0.09259259259259259 0.0375 0.040740740740740744
0 0.22291666666666668 0.9324074074074075 0.15625 0.13518518518518519
0 0.2791666666666667 0.5037037037037037 0.09791666666666667 0.17037037037037037
0 0.4395833333333333 0.12222222222222222 0.04583333333333333 0.044444444444444446
0 0.35572916666666665 0.14444444444444443 0.042708333333333334 0.04814814814814815
0 0.3541666666666667 0.37222222222222223 0.1 0.14444444444444443
0 0.22135416666666666 0.24444444444444444 0.059375 0.08518518518518518
0 0.2864583333333333 0.20833333333333334 0.05625 0.07222222222222222
0 0.5375 0.22962962962962963 0.075 0.07037037037037037
0 0.0484375 0.2361111111111111 0.04479166666666667 0.07592592592592592
