0 0.6958333333333333 0.05277777777777778 0.01875 0.03148148148148148
0 0.7072916666666667 0.06296296296296296 0.022916666666666665 0.037037037037037035
0 0.3255208333333333 0.2898148148148148 0.07395833333333333 0.10185185185185185
0 0.73125 0.06481481481481481 0.025 0.025925925925925925
0 0.73125 0.03888888888888889 0.022916666666666665 0.025925925925925925
0 0.7526041666666666 0.017592592592592594 0.017708333333333333 0.03148148148148148
0 0.7546875 0.049074074074074076 0.026041666666666668 0.027777777777777776
0 0.7489583333333333 0.08611111111111111 0.025 0.046296296296296294
0 0.7703125 0.07314814814814814 0.021875 0.03888888888888889
0 0.6208333333333333 0.6564814814814814 0.10625 0.21666666666666667
0 0.5015625 0.19722222222222222 0.05520833333333333 0.06481481481481481
0 0.8526041666666667 0.7138888888888889 0.146875 0.2462962962962963
0 0.7322916666666667 0.1037037037037037 0.025 0.05185185185185185
0 0.7932291666666667 0.10185185185185185 0.026041666666666668 0.044444444444444446
0 0.7104166666666667 0.3296296296296296 0.075 0.11851851851851852
0 0.7802083333333333 0.12314814814814815 0.0375 0.053703703703703705
2 0.71875 0.11944444444444445 0.03958333333333333 0.06481481481481481
0 0.6489583333333333 0.15833333333333333 0.0375 0.06481481481481481
0 0.846875 0.16296296296296298 0.04583333333333333 0.07777777777777778
0 0.5833333333333334 0.041666666666666664 0.01875 0.03148148148148148
0 0.596875 0.03148148148148148 0.014583333333333334 0.025925925925925925
0 0.9036458333333334 0.26296296296296295 0.06979166666666667 0.08888888888888889
1 0.5453125 0.06759259259259259 0.04479166666666667 0.09444444444444444
