0 0.646875 0.1287037037037037 0.03125 0.046296296296296294
0 0.6552083333333333 0.1685185185185185 0.04375 0.06666666666666667
0 0.678125 0.21481481481481482 0.04583333333333333 0.07407407407407407
0 0.7088541666666667 0.2675925925925926 0.059375 0.08703703703703704
0 0.7911458333333333 0.41388888888888886 0.09479166666666666 0.1388888888888889
0 0.765625 0.8703703703703703 0.17291666666666666 0.2222222222222222
0 0.24479166666666666 0.7398148148148148 0.15833333333333333 0.2611111111111111
2 0.4635416666666667 0.6259259259259259 0.12291666666666666 0.31851851851851853
0 0.24947916666666667 0.4666666666666667 0.09479166666666666 0.13703703703703704
0 0.3333333333333333 0.22314814814814815 0.052083333333333336 0.06851851851851852
2 0.49895833333333334 0.30925925925925923 0.052083333333333336 0.1259259259259259
0 0.4473958333333333 0.22962962962962963 0.046875 0.07407407407407407
0 0.4192708333333333 0.15925925925925927 0.034375 0.05925925925925926
0 0.471875 0.1648148148148148 0.03958333333333333 0.05555555555555555
2 0.47708333333333336 0.09444444444444444 0.025 0.05185185185185185
