0 0.14583333333333334 0.3972222222222222 0.08125 0.12407407407407407
0 0.5442708333333334 0.4666666666666667 0.13854166666666667 0.15925925925925927
0 0.12864583333333332 0.17592592592592593 0.053125 0.06666666666666667
0 0.3390625 0.13333333333333333 0.04895833333333333 0.04814814814814815
0 0.4125 0.11481481481481481 0.05416666666666667 0.05925925925925926
0 0.28072916666666664 0.08055555555555556 0.034375 0.03518518518518519
0 0.3536458333333333 0.058333333333333334 0.036458333333333336 0.03888888888888889
0 0.3515625 0.07962962962962963 0.040625 0.040740740740740744
0 0.2869791666666667 0.05185185185185185 0.034375 0.03333333333333333
0 0.6802083333333333 0.21296296296296297 0.07916666666666666 0.07407407407407407
0 0.6901041666666666 0.3138888888888889 0.128125 0.10555555555555556
0 0.019791666666666666 0.14074074074074075 0.0375 0.04814814814814815
0 0.11770833333333333 0.09259259259259259 0.03958333333333333 0.04814814814814815
0 0.0453125 0.08148148148148149 0.03229166666666667 0.037037037037037035
