0 0.8515625 0.8981481481481481 0.246875 0.2037037037037037
0 0.2994791666666667 0.03611111111111111 0.021875 0.027777777777777776
2 0.2791666666666667 0.04537037037037037 0.025 0.03888888888888889
0 0.21197916666666666 0.2851851851851852 0.071875 0.1259259259259259
0 0.31875 0.2564814814814815 0.07083333333333333 0.09444444444444444
0 0.3015625 0.07962962962962963 0.03229166666666667 0.037037037037037035
0 0.30416666666666664 0.11574074074074074 0.041666666666666664 0.03888888888888889
2 0.3614583333333333 0.06018518518518518 0.04375 0.046296296296296294
0 0.071875 0.20555555555555555 0.052083333333333336 0.07407407407407407
0 0.35052083333333334 0.1037037037037037 0.051041666666666666 0.05925925925925926
2 0.496875 0.1287037037037037 0.05 0.07222222222222222
0 0.13333333333333333 0.1648148148148148 0.04791666666666667 0.05925925925925926
0 0.07447916666666667 0.12314814814814815 0.03229166666666667 0.05
0 0.1515625 0.10740740740740741 0.042708333333333334 0.05925925925925926
0 0.6671875 0.16666666666666666 0.07604166666666666 0.06666666666666667
0 0.56875 0.20555555555555555 0.07708333333333334 0.08518518518518518
0 0.7036458333333333 0.31851851851851853 0.11770833333333333 0.1111111111111111
0 0.015625 0.10648148148148148 0.029166666666666667 0.04259259259259259
0 0.0171875 0.3296296296296296 0.03229166666666667 0.1111111111111111
