0 0.23697916666666666 0.4861111111111111 0.08645833333333333 0.07222222222222222
0 0.07447916666666667 0.6833333333333333 0.146875 0.12962962962962962
0 0.06822916666666666 0.9537037037037037 0.134375 0.09259259259259259
0 0.340625 0.8342592592592593 0.17708333333333334 0.1574074074074074
0 0.5854166666666667 0.7027777777777777 0.125 0.10925925925925926
3 0.3015625 0.6055555555555555 0.109375 0.11481481481481481
1 0.6223958333333334 0.5268518518518519 0.2677083333333333 0.1685185185185185
0 0.9614583333333333 0.6888888888888889 0.07708333333333334 0.10740740740740741
0 0.12864583333333332 0.5472222222222223 0.057291666666666664 0.08333333333333333
0 0.04635416666666667 0.5064814814814815 0.051041666666666666 0.07962962962962963
1 0.7765625 0.8333333333333334 0.415625 0.3333333333333333
0 0.78125 0.7175925925925926 0.10208333333333333 0.10185185185185185
0 0.5901041666666667 0.8444444444444444 0.15520833333333334 0.16666666666666666
0 0.9791666666666666 0.512962962962963 0.041666666666666664 0.05925925925925926
