0 0.7078125 0.2611111111111111 0.06354166666666666 0.08888888888888889
2 0.6098958333333333 0.25833333333333336 0.06145833333333333 0.11666666666666667
0 0.7567708333333333 0.37962962962962965 0.09479166666666666 0.14444444444444443
0 0.7197916666666667 0.6666666666666666 0.12916666666666668 0.2111111111111111
0 0.16510416666666666 0.8861111111111111 0.19895833333333332 0.22777777777777777
0 0.35208333333333336 0.5009259259259259 0.09375 0.16111111111111112
0 0.4828125 0.5796296296296296 0.09895833333333333 0.1925925925925926
0 0.3645833333333333 0.3509259259259259 0.075 0.11296296296296296
0 0.5052083333333334 0.24351851851851852 0.04583333333333333 0.07962962962962963
0 0.44375 0.2 0.04375 0.07037037037037037
2 0.5135416666666667 0.17222222222222222 0.04375 0.08148148148148149
0 0.4166666666666667 0.1574074074074074 0.03333333333333333 0.05925925925925926
0 0.4390625 0.12129629629629629 0.030208333333333334 0.05
2 0.5223958333333333 0.11018518518518519 0.026041666666666668 0.05
