0 0.275 0.32685185185185184 0.07291666666666667 0.09074074074074075
1 0.06354166666666666 0.6324074074074074 0.125 0.4759259259259259
0 0.23385416666666667 0.4638888888888889 0.08645833333333333 0.13148148148148148
0 0.35 0.5259259259259259 0.09583333333333334 0.16296296296296298
0 0.30052083333333335 0.8675925925925926 0.18645833333333334 0.26481481481481484
0 0.3104166666666667 0.24722222222222223 0.052083333333333336 0.07592592592592592
0 0.365625 0.21296296296296297 0.04375 0.07037037037037037
0 0.5791666666666667 0.23425925925925925 0.041666666666666664 0.06111111111111111
0 0.4270833333333333 0.21944444444444444 0.03958333333333333 0.05740740740740741
0 0.4625 0.18055555555555555 0.029166666666666667 0.05
0 0.6453125 0.3731481481481482 0.06979166666666667 0.11666666666666667
0 0.39947916666666666 0.1685185185185185 0.030208333333333334 0.044444444444444446
0 0.4942708333333333 0.14814814814814814 0.026041666666666668 0.037037037037037035
