0 0.06770833333333333 0.6694444444444444 0.10833333333333334 0.17592592592592593
0 0.7286458333333333 0.18425925925925926 0.03229166666666667 0.05
0 0.3770833333333333 0.6851851851851852 0.10416666666666667 0.1925925925925926
0 0.6489583333333333 0.2722222222222222 0.04791666666666667 0.08148148148148149
0 0.8239583333333333 0.21388888888888888 0.03958333333333333 0.06111111111111111
0 0.8197916666666667 0.30277777777777776 0.05416666666666667 0.07222222222222222
0 0.7223958333333333 0.5703703703703704 0.08854166666666667 0.14074074074074075
0 0.8901041666666667 0.6083333333333333 0.11979166666666667 0.1685185185185185
0 0.4036458333333333 0.21481481481481482 0.034375 0.05185185185185185
0 0.459375 0.19537037037037036 0.03333333333333333 0.05
2 0.5166666666666667 0.1925925925925926 0.029166666666666667 0.05925925925925926
0 0.9677083333333333 0.34629629629629627 0.06458333333333334 0.07777777777777778
