0 0.7963541666666667 0.15 0.030208333333333334 0.04814814814814815
0 0.7427083333333333 0.1537037037037037 0.035416666666666666 0.04814814814814815
0 0.50625 0.8138888888888889 0.14791666666666667 0.2833333333333333
0 0.5677083333333334 0.5083333333333333 0.08333333333333333 0.1574074074074074
0 0.6072916666666667 0.31203703703703706 0.052083333333333336 0.09444444444444444
0 0.5973958333333333 0.24537037037037038 0.04479166666666667 0.07222222222222222
0 0.9234375 0.24537037037037038 0.05520833333333333 0.07222222222222222
0 0.6192708333333333 0.1675925925925926 0.034375 0.053703703703703705
0 0.5744791666666667 0.12407407407407407 0.028125 0.04814814814814815
0 0.5338541666666666 0.12037037037037036 0.026041666666666668 0.04814814814814815
0 0.61875 0.11388888888888889 0.025 0.04259259259259259
1 0.7619791666666667 0.09444444444444444 0.05520833333333333 0.08888888888888889
1 0.8588541666666667 0.1388888888888889 0.09895833333333333 0.17037037037037037
