0 0.0578125 0.9120370370370371 0.11354166666666667 0.1388888888888889
0 0.1296875 0.637962962962963 0.11979166666666667 0.19074074074074074
0 0.3416666666666667 0.687037037037037 0.125 0.2518518518518518
0 0.7927083333333333 0.2351851851851852 0.04583333333333333 0.06296296296296296
0 0.32447916666666665 0.2962962962962963 0.05520833333333333 0.08888888888888889
0 0.6619791666666667 0.30925925925925923 0.04479166666666667 0.08148148148148149
2 0.7744791666666667 0.3398148148148148 0.06979166666666667 0.13148148148148148
0 0.8776041666666666 0.2388888888888889 0.04895833333333333 0.06666666666666667
0 0.9057291666666667 0.3611111111111111 0.078125 0.10740740740740741
2 0.34739583333333335 0.22962962962962963 0.04479166666666667 0.07777777777777778
0 0.7557291666666667 0.6620370370370371 0.11145833333333334 0.20555555555555555
