0 0.5130208333333334 0.549074074074074 0.096875 0.17962962962962964
0 0.34010416666666665 0.6407407407407407 0.11979166666666667 0.1962962962962963
0 0.5479166666666667 0.3574074074074074 0.0625 0.1037037037037037
0 0.6484375 0.42407407407407405 0.06979166666666667 0.12962962962962962
0 0.5625 0.25277777777777777 0.052083333333333336 0.07962962962962963
0 0.8526041666666667 0.2574074074074074 0.06145833333333333 0.08148148148148149
0 0.5911458333333334 0.19166666666666668 0.03854166666666667 0.05740740740740741
0 0.6494791666666667 0.21851851851851853 0.03854166666666667 0.06666666666666667
0 0.5953125 0.1574074074074074 0.030208333333333334 0.04814814814814815
0 0.6526041666666667 0.14629629629629629 0.03229166666666667 0.05555555555555555
1 0.4901041666666667 0.17962962962962964 0.12395833333333334 0.15555555555555556
