2 0.030729166666666665 0.49166666666666664 0.059375 0.13518518518518519
0 0.17239583333333333 0.5777777777777777 0.15729166666666666 0.18888888888888888
0 0.9536458333333333 0.2175925925925926 0.03854166666666667 0.06111111111111111
0 0.8098958333333334 0.18796296296296297 0.040625 0.06481481481481481
0 0.20364583333333333 0.4537037037037037 0.134375 0.13333333333333333
0 0.8828125 0.20092592592592592 0.03854166666666667 0.05740740740740741
0 0.7072916666666667 0.2518518518518518 0.05416666666666667 0.07037037037037037
0 0.5734375 0.22592592592592592 0.051041666666666666 0.07407407407407407
0 0.9671875 0.562037037037037 0.065625 0.16111111111111112
0 0.8109375 0.5157407407407407 0.084375 0.1537037037037037
0 0.5239583333333333 0.1824074074074074 0.05 0.05740740740740741
0 0.546875 0.7305555555555555 0.16666666666666666 0.2537037037037037
0 0.525 0.16018518518518518 0.03958333333333333 0.04259259259259259
