0 0.6302083333333334 0.20277777777777778 0.03333333333333333 0.05740740740740741
0 0.7244791666666667 0.17685185185185184 0.030208333333333334 0.04259259259259259
0 0.37864583333333335 0.5916666666666667 0.08645833333333333 0.14629629629629629
3 0.15833333333333333 0.7175925925925926 0.18125 0.4166666666666667
0 0.04479166666666667 0.6916666666666667 0.0875 0.21296296296296297
0 0.12291666666666666 0.44722222222222224 0.08333333333333333 0.10555555555555556
0 0.2786458333333333 0.38796296296296295 0.06770833333333333 0.09444444444444444
0 0.28958333333333336 0.2796296296296296 0.04583333333333333 0.05925925925925926
0 0.66875 0.3972222222222222 0.05625 0.08333333333333333
0 0.7953125 0.45 0.07604166666666666 0.1
0 0.865625 0.3574074074074074 0.05625 0.08518518518518518
0 0.71875 0.6259259259259259 0.08958333333333333 0.14074074074074075
0 0.465625 0.19814814814814816 0.03125 0.04814814814814815
0 0.9546875 0.8740740740740741 0.090625 0.21481481481481482
