0 0.6973958333333333 0.044444444444444446 0.017708333333333333 0.037037037037037035
0 0.7125 0.05462962962962963 0.027083333333333334 0.03518518518518519
0 0.515625 0.19074074074074074 0.06458333333333334 0.07777777777777778
0 0.7380208333333333 0.06111111111111111 0.023958333333333335 0.03333333333333333
0 0.7614583333333333 0.06481481481481481 0.022916666666666665 0.025925925925925925
0 0.7526041666666666 0.04537037037037037 0.019791666666666666 0.03148148148148148
0 0.7911458333333333 0.030555555555555555 0.023958333333333335 0.027777777777777776
0 0.7786458333333334 0.06296296296296296 0.030208333333333334 0.037037037037037035
0 0.7734375 0.10740740740740741 0.036458333333333336 0.05925925925925926
0 0.7479166666666667 0.08703703703703704 0.027083333333333334 0.044444444444444446
0 0.6010416666666667 0.1675925925925926 0.03958333333333333 0.07222222222222222
0 0.5630208333333333 0.08611111111111111 0.021875 0.04259259259259259
0 0.6286458333333333 0.1111111111111111 0.028125 0.05555555555555555
0 0.7546875 0.14722222222222223 0.042708333333333334 0.06851851851851852
0 0.825 0.15092592592592594 0.04583333333333333 0.06111111111111111
0 0.6078125 0.06759259259259259 0.023958333333333335 0.03888888888888889
0 0.8677083333333333 0.1935185185185185 0.05625 0.07592592592592592
2 0.8395833333333333 0.2564814814814815 0.07708333333333334 0.12037037037037036
0 0.6104166666666667 0.02962962962962963 0.01875 0.02962962962962963
