0 0.29375 0.5564814814814815 0.09166666666666666 0.07962962962962963
1 0.09427083333333333 0.5722222222222222 0.18645833333333334 0.15555555555555556
1 0.15625 0.7138888888888889 0.3104166666666667 0.26851851851851855
0 0.23229166666666667 0.6083333333333333 0.06875 0.07222222222222222
0 0.08125 0.8425925925925926 0.16041666666666668 0.15185185185185185
0 0.23072916666666668 0.7787037037037037 0.140625 0.1388888888888889
0 0.23958333333333334 0.9472222222222222 0.18125 0.10555555555555556
0 0.49583333333333335 0.674074074074074 0.10416666666666667 0.0962962962962963
0 0.375 0.8398148148148148 0.15 0.14629629629629629
0 0.5828125 0.6129629629629629 0.09479166666666666 0.08148148148148149
0 0.6989583333333333 0.5537037037037037 0.0875 0.06666666666666667
