2 0.17395833333333333 0.7453703703703703 0.14166666666666666 0.29814814814814816
2 0.25 0.5296296296296297 0.0875 0.18888888888888888
0 0.28072916666666664 0.9481481481481482 0.134375 0.1037037037037037
2 0.2 0.40925925925925927 0.09375 0.14814814814814814
0 0.40989583333333335 0.5222222222222223 0.08645833333333333 0.14814814814814814
2 0.675 0.287962962962963 0.04791666666666667 0.09444444444444444
0 0.4609375 0.31851851851851853 0.053125 0.08518518518518518
0 0.803125 0.37777777777777777 0.06875 0.0962962962962963
0 0.8697916666666666 0.225 0.05 0.06111111111111111
0 0.41875 0.2361111111111111 0.04791666666666667 0.06851851851851852
0 0.728125 0.5592592592592592 0.1 0.15925925925925927
0 0.5041666666666667 0.18055555555555555 0.035416666666666666 0.06111111111111111
2 0.9734375 0.475 0.053125 0.1425925925925926
