0 0.690625 0.8888888888888888 0.15833333333333333 0.2222222222222222
2 0.45260416666666664 0.23703703703703705 0.10729166666666666 0.09259259259259259
0 0.5927083333333333 0.27870370370370373 0.04583333333333333 0.07962962962962963
2 0.5875 0.18518518518518517 0.03125 0.07407407407407407
0 0.6359375 0.1712962962962963 0.034375 0.053703703703703705
0 0.8989583333333333 0.3101851851851852 0.06875 0.08703703703703704
0 0.840625 0.18611111111111112 0.03958333333333333 0.05740740740740741
0 0.78125 0.1935185185185185 0.0375 0.053703703703703705
0 0.7723958333333333 0.17592592592592593 0.040625 0.04814814814814815
0 0.784375 0.15185185185185185 0.03125 0.04814814814814815
0 0.7411458333333333 0.15 0.034375 0.044444444444444446
0 0.7317708333333334 0.1037037037037037 0.028125 0.040740740740740744
2 0.7223958333333333 0.125 0.030208333333333334 0.053703703703703705
0 0.70625 0.1175925925925926 0.027083333333333334 0.04259259259259259
0 0.9098958333333333 0.37777777777777777 0.08229166666666667 0.10740740740740741
0 0.6145833333333334 0.13333333333333333 0.027083333333333334 0.040740740740740744
0 0.56875 0.12037037037037036 0.025 0.040740740740740744
1 0.9552083333333333 0.2462962962962963 0.08958333333333333 0.2074074074074074
