0 0.6098958333333333 0.1638888888888889 0.028125 0.04259259259259259
0 0.6505208333333333 0.1527777777777778 0.026041666666666668 0.03888888888888889
0 0.7 0.1675925925925926 0.029166666666666667 0.04259259259259259
0 0.6145833333333334 0.20092592592592592 0.03333333333333333 0.053703703703703705
0 0.2890625 0.3472222222222222 0.057291666666666664 0.08333333333333333
0 0.18072916666666666 0.39444444444444443 0.071875 0.08888888888888889
0 0.7677083333333333 0.21388888888888888 0.0375 0.05
0 0.7036458333333333 0.2712962962962963 0.040625 0.06111111111111111
0 0.39427083333333335 0.2916666666666667 0.04895833333333333 0.08333333333333333
0 0.48072916666666665 0.2722222222222222 0.03854166666666667 0.07037037037037037
0 0.4265625 0.23148148148148148 0.040625 0.06296296296296296
0 0.378125 0.21203703703703702 0.03333333333333333 0.046296296296296294
0 0.6734375 0.5305555555555556 0.07395833333333333 0.12407407407407407
0 0.3515625 0.18981481481481483 0.03229166666666667 0.04259259259259259
0 0.4588541666666667 0.18333333333333332 0.028125 0.044444444444444446
0 0.5098958333333333 0.175 0.028125 0.046296296296296294
