1 0.04375 0.5425925925925926 0.08541666666666667 0.18518518518518517
0 0.23697916666666666 0.4861111111111111 0.08645833333333333 0.07222222222222222
0 0.3333333333333333 0.6046296296296296 0.11875 0.09074074074074075
0 0.12291666666666666 0.9222222222222223 0.24375 0.15555555555555556
0 0.4109375 0.8 0.16145833333333334 0.14444444444444443
0 0.5895833333333333 0.7074074074074074 0.125 0.11481481481481481
3 0.4979166666666667 0.5564814814814815 0.09791666666666667 0.09814814814814815
1 0.8427083333333333 0.48333333333333334 0.2 0.15185185185185185
0 0.6125 0.9277777777777778 0.175 0.14444444444444443
0 0.128125 0.5194444444444445 0.06458333333333334 0.07962962962962963
