0 0.7041666666666667 0.175 0.03958333333333333 0.06481481481481481
2 0.6630208333333333 0.24259259259259258 0.042708333333333334 0.1
0 0.7953125 0.2074074074074074 0.046875 0.07407407407407407
0 0.7609375 0.3 0.053125 0.07407407407407407
0 0.24791666666666667 0.34444444444444444 0.07083333333333333 0.0962962962962963
0 0.7005208333333334 0.4212962962962963 0.06770833333333333 0.10555555555555556
0 0.39114583333333336 0.2916666666666667 0.053125 0.07592592592592592
0 0.48854166666666665 0.22870370370370371 0.041666666666666664 0.05740740740740741
0 0.9052083333333333 0.36944444444444446 0.07708333333333334 0.09444444444444444
0 0.7984375 0.8944444444444445 0.128125 0.18888888888888888
