0 0.34427083333333336 0.10277777777777777 0.06145833333333333 0.09444444444444444
0 0.3484375 0.7648148148148148 0.171875 0.4
1 0.9046875 0.2111111111111111 0.190625 0.4185185185185185
0 0.396875 0.16666666666666666 0.07916666666666666 0.11851851851851852
0 0.4625 0.25092592592592594 0.09583333333333334 0.17962962962962964
0 0.42916666666666664 0.05092592592592592 0.04791666666666667 0.07962962962962963
2 0.6927083333333334 0.05092592592592592 0.0625 0.09814814814814815
0 0.396875 0.01574074074074074 0.04375 0.027777777777777776
2 0.46979166666666666 0.012962962962962963 0.03958333333333333 0.022222222222222223
0 0.3203125 0.011111111111111112 0.084375 0.018518518518518517
0 0.5244791666666667 0.017592592592592594 0.040625 0.03148148148148148
