0 0.08802083333333334 0.6388888888888888 0.11979166666666667 0.15925925925925927
0 0.2552083333333333 0.4027777777777778 0.06875 0.09814814814814815
0 0.3875 0.6851851851851852 0.10208333333333333 0.1814814814814815
2 0.21041666666666667 0.6583333333333333 0.14791666666666667 0.32407407407407407
0 0.06145833333333333 0.512962962962963 0.09375 0.14444444444444443
0 0.6307291666666667 0.21203703703703702 0.036458333333333336 0.053703703703703705
0 0.7416666666666667 0.19907407407407407 0.03333333333333333 0.05
0 0.7010416666666667 0.21296296296296297 0.03125 0.04814814814814815
0 0.36354166666666665 0.3925925925925926 0.06458333333333334 0.1037037037037037
0 0.7703125 0.17592592592592593 0.030208333333333334 0.040740740740740744
0 0.42239583333333336 0.2953703703703704 0.040625 0.06851851851851852
0 0.4744791666666667 0.3398148148148148 0.053125 0.07962962962962963
0 0.6723958333333333 0.34444444444444444 0.053125 0.08148148148148149
2 0.7520833333333333 0.337037037037037 0.06041666666666667 0.1111111111111111
0 0.8375 0.24259259259259258 0.04583333333333333 0.05555555555555555
2 0.7161458333333334 0.5351851851851852 0.090625 0.16666666666666666
0 0.5203125 0.2101851851851852 0.030208333333333334 0.046296296296296294
0 0.46510416666666665 0.20185185185185187 0.026041666666666668 0.040740740740740744
0 0.9244791666666666 0.4546296296296296 0.08645833333333333 0.10185185185185185
