0 0.08489583333333334 0.22407407407407406 0.059375 0.05925925925925926
0 0.08020833333333334 0.24814814814814815 0.06458333333333334 0.06296296296296296
0 0.24375 0.22314814814814815 0.07083333333333333 0.06851851851851852
0 0.8588541666666667 0.925 0.28229166666666666 0.15
0 0.5177083333333333 0.6333333333333333 0.20208333333333334 0.2111111111111111
2 0.24322916666666666 0.5990740740740741 0.16145833333333334 0.22777777777777777
0 0.5885416666666666 0.34629629629629627 0.10416666666666667 0.1
0 0.5328125 0.3768518518518518 0.128125 0.10185185185185185
0 0.12239583333333333 0.7064814814814815 0.13645833333333332 0.20185185185185187
0 0.9088541666666666 0.38796296296296295 0.12604166666666666 0.10925925925925926
