0 0.6776041666666667 0.05092592592592592 0.021875 0.03148148148148148
0 0.6625 0.387037037037037 0.10416666666666667 0.17037037037037037
0 0.8895833333333333 0.7472222222222222 0.15208333333333332 0.2722222222222222
0 0.6479166666666667 0.058333333333333334 0.025 0.03148148148148148
0 0.515625 0.11018518518518519 0.029166666666666667 0.053703703703703705
0 0.5822916666666667 0.16018518518518518 0.03958333333333333 0.06111111111111111
0 0.7416666666666667 0.12037037037037036 0.035416666666666666 0.04814814814814815
0 0.7958333333333333 0.1175925925925926 0.04375 0.05740740740740741
0 0.578125 0.09722222222222222 0.029166666666666667 0.04259259259259259
0 0.8296875 0.2037037037037037 0.057291666666666664 0.07037037037037037
0 0.5583333333333333 0.0824074074074074 0.025 0.04259259259259259
0 0.6145833333333334 0.08148148148148149 0.027083333333333334 0.040740740740740744
0 0.8942708333333333 0.3731481481481482 0.10104166666666667 0.11666666666666667
0 0.9473958333333333 0.26666666666666666 0.07604166666666666 0.09259259259259259
2 0.5989583333333334 0.04722222222222222 0.025 0.04259259259259259
