0 0.109375 0.8222222222222222 0.21666666666666667 0.35555555555555557
1 0.8380208333333333 0.08148148148148149 0.184375 0.15925925925925927
0 0.28854166666666664 0.15555555555555556 0.08125 0.12962962962962962
0 0.24635416666666668 0.42314814814814816 0.15729166666666666 0.21666666666666667
0 0.4114583333333333 0.6851851851851852 0.175 0.4
3 0.37395833333333334 0.1287037037037037 0.11875 0.2537037037037037
0 0.39166666666666666 0.022222222222222223 0.052083333333333336 0.040740740740740744
1 0.9453125 0.2518518518518518 0.109375 0.4148148148148148
0 0.7369791666666666 0.12037037037037036 0.078125 0.10740740740740741
0 0.45 0.026851851851851852 0.052083333333333336 0.05
0 0.5182291666666666 0.025 0.04895833333333333 0.046296296296296294
0 0.928125 0.8064814814814815 0.14375 0.387037037037037
