0 0.6151041666666667 0.16666666666666666 0.026041666666666668 0.040740740740740744
0 0.37604166666666666 0.5981481481481481 0.09583333333333334 0.15925925925925927
0 0.7276041666666667 0.18888888888888888 0.03229166666666667 0.044444444444444446
0 0.346875 0.4083333333333333 0.07291666666666667 0.10555555555555556
0 0.7713541666666667 0.1712962962962963 0.034375 0.05
0 0.7197916666666667 0.2935185185185185 0.04583333333333333 0.06851851851851852
0 0.21041666666666667 0.3490740740740741 0.06875 0.09814814814814815
0 0.49947916666666664 0.23055555555555557 0.03229166666666667 0.053703703703703705
0 0.6765625 0.4185185185185185 0.065625 0.0962962962962963
0 0.8317708333333333 0.45925925925925926 0.08645833333333333 0.13333333333333333
2 0.4583333333333333 0.19537037037037036 0.03125 0.05
2 0.3625 0.175 0.0375 0.07222222222222222
0 0.5192708333333333 0.175 0.028125 0.046296296296296294
