0 0.8088541666666667 0.07037037037037037 0.03854166666666667 0.05185185185185185
0 0.7484375 0.06388888888888888 0.03229166666666667 0.04259259259259259
0 0.8088541666666667 0.13148148148148148 0.046875 0.05925925925925926
0 0.5588541666666667 0.1425925925925926 0.034375 0.06666666666666667
0 0.5989583333333334 0.10277777777777777 0.03125 0.05
0 0.6567708333333333 0.11944444444444445 0.03854166666666667 0.06111111111111111
0 0.6151041666666667 0.4148148148148148 0.096875 0.14444444444444443
0 0.8796875 0.21296296296296297 0.06770833333333333 0.08888888888888889
0 0.5432291666666667 0.09537037037037037 0.028125 0.046296296296296294
2 0.5916666666666667 0.07222222222222222 0.027083333333333334 0.05185185185185185
0 0.6385416666666667 0.07222222222222222 0.029166666666666667 0.044444444444444446
1 0.4625 0.5787037037037037 0.20416666666666666 0.6425925925925926
