0 0.0515625 0.9537037037037037 0.10104166666666667 0.09259259259259259
0 0.7265625 0.18518518518518517 0.030208333333333334 0.040740740740740744
0 0.15625 0.5740740740740741 0.09791666666666667 0.13333333333333333
0 0.6989583333333333 0.21666666666666667 0.03333333333333333 0.05185185185185185
0 0.31875 0.3333333333333333 0.052083333333333336 0.07777777777777778
0 0.6515625 0.26944444444444443 0.03854166666666667 0.05740740740740741
0 0.7291666666666666 0.2935185185185185 0.05 0.06851851851851852
0 0.790625 0.26666666666666666 0.04583333333333333 0.05925925925925926
0 0.41302083333333334 0.3175925925925926 0.051041666666666666 0.08333333333333333
0 0.49166666666666664 0.31851851851851853 0.04791666666666667 0.08148148148148149
0 0.4083333333333333 0.23148148148148148 0.035416666666666666 0.05555555555555555
0 0.815625 0.2212962962962963 0.0375 0.05
0 0.4473958333333333 0.2601851851851852 0.036458333333333336 0.06111111111111111
2 0.7296875 0.5898148148148148 0.08229166666666667 0.1685185185185185
0 0.8901041666666667 0.6027777777777777 0.11354166666666667 0.1425925925925926
0 0.9114583333333334 0.42685185185185187 0.07916666666666666 0.09074074074074075
2 0.4765625 0.17407407407407408 0.03229166666666667 0.07407407407407407
0 0.521875 0.1935185185185185 0.029166666666666667 0.05
