0 0.5380208333333333 0.9361111111111111 0.159375 0.12777777777777777
0 0.40625 0.08796296296296297 0.035416666666666666 0.03888888888888889
0 0.44427083333333334 0.11574074074074074 0.042708333333333334 0.046296296296296294
0 0.3145833333333333 0.12314814814814815 0.0375 0.04259259259259259
0 0.7802083333333333 0.6333333333333333 0.18958333333333333 0.22962962962962963
2 0.5385416666666667 0.5601851851851852 0.17708333333333334 0.31296296296296294
0 0.26510416666666664 0.28055555555555556 0.06145833333333333 0.09074074074074075
0 0.340625 0.24351851851851852 0.06041666666666667 0.07962962962962963
0 0.615625 0.17037037037037037 0.07291666666666667 0.07777777777777778
0 0.17760416666666667 0.1824074074074074 0.04479166666666667 0.06851851851851852
0 0.225 0.15555555555555556 0.03958333333333333 0.05925925925925926
0 0.03229166666666667 0.18703703703703703 0.0375 0.05925925925925926
0 0.09947916666666666 0.1685185185185185 0.034375 0.05555555555555555
0 0.94375 0.3037037037037037 0.1125 0.1111111111111111
