0 0.47552083333333334 0.20462962962962963 0.053125 0.08333333333333333
0 0.30572916666666666 0.8768518518518519 0.21354166666666666 0.2462962962962963
0 0.49895833333333334 0.5009259259259259 0.10208333333333333 0.18333333333333332
0 0.6520833333333333 0.7453703703703703 0.14166666666666666 0.29074074074074074
2 0.5489583333333333 0.24351851851851852 0.07083333333333333 0.1685185185185185
0 0.4557291666666667 0.1787037037037037 0.08229166666666667 0.06851851851851852
0 0.7234375 0.075 0.036458333333333336 0.053703703703703705
0 0.8088541666666667 0.07685185185185185 0.040625 0.053703703703703705
0 0.5927083333333333 0.18055555555555555 0.04583333333333333 0.07962962962962963
0 0.8359375 0.1425925925925926 0.05520833333333333 0.07777777777777778
0 0.8979166666666667 0.11666666666666667 0.05416666666666667 0.08148148148148149
0 0.5854166666666667 0.09722222222222222 0.04583333333333333 0.06851851851851852
0 0.6489583333333333 0.08611111111111111 0.03333333333333333 0.06111111111111111
1 0.4942708333333333 0.0962962962962963 0.12604166666666666 0.14814814814814814
