0 0.8010416666666667 0.16574074074074074 0.03333333333333333 0.053703703703703705
0 0.7229166666666667 0.10462962962962963 0.025 0.03888888888888889
0 0.7567708333333333 0.18055555555555555 0.040625 0.053703703703703705
0 0.6484375 0.8 0.13854166666666667 0.26666666666666666
0 0.5619791666666667 0.4898148148148148 0.090625 0.1537037037037037
0 0.5489583333333333 0.3592592592592593 0.06041666666666667 0.1037037037037037
0 0.5963541666666666 0.25277777777777777 0.042708333333333334 0.07592592592592592
0 0.5854166666666667 0.20833333333333334 0.0375 0.06481481481481481
0 0.9401041666666666 0.27314814814814814 0.059375 0.07962962962962963
0 0.5958333333333333 0.1388888888888889 0.029166666666666667 0.044444444444444446
0 0.5697916666666667 0.10648148148148148 0.025 0.04259259259259259
1 0.7755208333333333 0.10925925925925926 0.057291666666666664 0.1
1 0.8828125 0.15925925925925927 0.10729166666666666 0.1814814814814815
