0 0.06145833333333333 0.5851851851851851 0.12083333333333333 0.14074074074074075
0 0.22864583333333333 0.5388888888888889 0.15104166666666666 0.15185185185185185
0 0.06927083333333334 0.43148148148148147 0.10520833333333333 0.10740740740740741
0 0.8848958333333333 0.19722222222222222 0.03854166666666667 0.06111111111111111
2 0.3927083333333333 0.30185185185185187 0.07708333333333334 0.1
0 0.43645833333333334 0.24166666666666667 0.06458333333333334 0.06481481481481481
0 0.75 0.325 0.06458333333333334 0.08703703703703704
0 0.471875 0.6018518518518519 0.14791666666666667 0.17777777777777778
0 0.6015625 0.1685185185185185 0.04479166666666667 0.05185185185185185
0 0.4984375 0.8907407407407407 0.18854166666666666 0.21851851851851853
