0 0.6333333333333333 0.14074074074074075 0.03333333333333333 0.05555555555555555
0 0.7375 0.21944444444444444 0.052083333333333336 0.07222222222222222
0 0.83125 0.525 0.12708333333333333 0.1685185185185185
2 0.7026041666666667 0.7 0.159375 0.3037037037037037
0 0.16666666666666666 0.8731481481481481 0.20208333333333334 0.2537037037037037
0 0.09791666666666667 0.6898148148148148 0.16041666666666668 0.21666666666666667
0 0.35572916666666665 0.4212962962962963 0.084375 0.13148148148148148
2 0.2552083333333333 0.38425925925925924 0.1 0.20925925925925926
0 0.4239583333333333 0.2898148148148148 0.058333333333333334 0.09444444444444444
0 0.5151041666666667 0.25833333333333336 0.046875 0.09074074074074075
0 0.4395833333333333 0.2064814814814815 0.04583333333333333 0.07222222222222222
0 0.5098958333333333 0.1537037037037037 0.03229166666666667 0.05185185185185185
0 0.4734375 0.12962962962962962 0.030208333333333334 0.04814814814814815
2 0.5192708333333333 0.1175925925925926 0.03229166666666667 0.05740740740740741
0 0.44479166666666664 0.11203703703703703 0.027083333333333334 0.046296296296296294
0 0.46041666666666664 0.08703703703703704 0.022916666666666665 0.03333333333333333
