0 0.7666666666666667 0.1712962962962963 0.041666666666666664 0.05740740740740741
0 0.1046875 0.5916666666666667 0.16145833333333334 0.17592592592592593
0 0.83125 0.17777777777777778 0.03958333333333333 0.05555555555555555
0 0.8796875 0.2564814814814815 0.04895833333333333 0.08333333333333333
0 0.2203125 0.3277777777777778 0.096875 0.09259259259259259
0 0.203125 0.4 0.11666666666666667 0.1111111111111111
0 0.4796875 0.3138888888888889 0.08645833333333333 0.09444444444444444
0 0.7302083333333333 0.3648148148148148 0.07291666666666667 0.1
0 0.4979166666666667 0.24722222222222223 0.06666666666666667 0.06851851851851852
0 0.9651041666666667 0.3277777777777778 0.06979166666666667 0.1037037037037037
0 0.4583333333333333 0.19166666666666668 0.05416666666666667 0.06111111111111111
