0 0.4041666666666667 0.8777777777777778 0.15208333333333332 0.24444444444444444
0 0.5229166666666667 0.4703703703703704 0.0875 0.15185185185185185
0 0.5536458333333333 0.30833333333333335 0.057291666666666664 0.09074074074074075
0 0.4979166666666667 0.2814814814814815 0.05625 0.07777777777777778
0 0.6494791666666667 0.3314814814814815 0.06145833333333333 0.1037037037037037
0 0.5776041666666667 0.21944444444444444 0.042708333333333334 0.06851851851851852
0 0.6375 0.21851851851851853 0.0375 0.06666666666666667
0 0.5942708333333333 0.17222222222222222 0.034375 0.05555555555555555
0 0.9552083333333333 0.4074074074074074 0.0875 0.11481481481481481
1 0.4828125 0.175 0.128125 0.1574074074074074
