0 0.6338541666666667 0.19074074074074074 0.028125 0.040740740740740744
0 0.7239583333333334 0.18703703703703703 0.029166666666666667 0.040740740740740744
0 0.7046875 0.22870370370370371 0.034375 0.05
0 0.65 0.2601851851851852 0.04583333333333333 0.07222222222222222
2 0.746875 0.29444444444444445 0.052083333333333336 0.0962962962962963
0 0.8046875 0.26296296296296295 0.04479166666666667 0.05555555555555555
0 0.8286458333333333 0.22777777777777777 0.04479166666666667 0.05555555555555555
0 0.6838541666666667 0.4148148148148148 0.057291666666666664 0.09259259259259259
2 0.3421875 0.2814814814814815 0.04479166666666667 0.08518518518518518
0 0.7421875 0.6657407407407407 0.103125 0.18703703703703703
0 0.9041666666666667 0.3925925925925926 0.07083333333333333 0.0962962962962963
0 0.515625 0.20462962962962963 0.03125 0.046296296296296294
