0 0.3421875 0.12129629629629629 0.053125 0.05
2 0.09739583333333333 0.5009259259259259 0.09895833333333333 0.22037037037037038
0 0.36614583333333334 0.42592592592592593 0.103125 0.14074074074074075
0 0.4510416666666667 0.10185185185185185 0.04583333333333333 0.05185185185185185
0 0.4166666666666667 0.12037037037037036 0.052083333333333336 0.05185185185185185
0 0.5515625 0.11388888888888889 0.053125 0.05740740740740741
0 0.46145833333333336 0.3537037037037037 0.09791666666666667 0.11851851851851852
0 0.22447916666666667 0.42314814814814816 0.08229166666666667 0.13148148148148148
0 0.5270833333333333 0.13425925925925927 0.05625 0.05740740740740741
0 0.2859375 0.29444444444444445 0.07395833333333333 0.1
0 0.4578125 0.17685185185185184 0.065625 0.06111111111111111
0 0.4921875 0.15462962962962962 0.059375 0.05740740740740741
0 0.13125 0.29814814814814816 0.07291666666666667 0.11851851851851852
0 0.125 0.22314814814814815 0.052083333333333336 0.07222222222222222
0 0.24947916666666667 0.17592592592592593 0.051041666666666666 0.06666666666666667
0 0.8739583333333333 0.3194444444444444 0.12291666666666666 0.10555555555555556
0 0.878125 0.4074074074074074 0.14583333333333334 0.11481481481481481
