0 0.6307291666666667 0.20555555555555555 0.026041666666666668 0.044444444444444446
0 0.6536458333333334 0.2712962962962963 0.040625 0.06481481481481481
0 0.7416666666666667 0.1925925925925926 0.029166666666666667 0.040740740740740744
0 0.3489583333333333 0.7277777777777777 0.11875 0.1962962962962963
2 0.35260416666666666 0.39351851851851855 0.08020833333333334 0.17592592592592593
0 0.7572916666666667 0.2712962962962963 0.04375 0.06481481481481481
0 0.7270833333333333 0.33240740740740743 0.04583333333333333 0.07962962962962963
0 0.8026041666666667 0.2074074074074074 0.03229166666666667 0.040740740740740744
0 0.2890625 0.3712962962962963 0.059375 0.08333333333333333
0 0.5057291666666667 0.2638888888888889 0.034375 0.05740740740740741
0 0.7265625 0.6074074074074074 0.09270833333333334 0.14444444444444443
0 0.94375 0.775 0.1125 0.22037037037037038
0 0.9473958333333333 0.487962962962963 0.08229166666666667 0.10925925925925926
0 0.41822916666666665 0.1925925925925926 0.026041666666666668 0.040740740740740744
0 0.803125 0.9009259259259259 0.1375 0.1685185185185185
