0 0.6296875 0.18333333333333332 0.026041666666666668 0.040740740740740744
0 0.6848958333333334 0.19814814814814816 0.03229166666666667 0.04814814814814815
0 0.6348958333333333 0.20462962962962963 0.030208333333333334 0.053703703703703705
0 0.12552083333333333 0.775 0.14479166666666668 0.21666666666666667
0 0.36041666666666666 0.7759259259259259 0.11875 0.22592592592592592
0 0.7515625 0.2101851851851852 0.03229166666666667 0.046296296296296294
0 0.640625 0.27037037037037037 0.041666666666666664 0.06296296296296296
0 0.7713541666666667 0.24814814814814815 0.040625 0.05925925925925926
2 0.46197916666666666 0.34444444444444444 0.057291666666666664 0.1037037037037037
0 0.43645833333333334 0.262037037037037 0.0375 0.06111111111111111
0 0.7395833333333334 0.33796296296296297 0.05416666666666667 0.10185185185185185
2 0.375 0.25833333333333336 0.035416666666666666 0.07592592592592592
0 0.884375 0.4009259259259259 0.07291666666666667 0.08703703703703704
0 0.4161458333333333 0.20925925925925926 0.030208333333333334 0.044444444444444446
0 0.9109375 0.6657407407407407 0.121875 0.16111111111111112
