0 0.0828125 0.5435185185185185 0.12604166666666666 0.12037037037037036
0 0.9453125 0.22407407407407406 0.078125 0.07777777777777778
0 0.5192708333333333 0.33240740740740743 0.12604166666666666 0.11666666666666667
0 0.7302083333333333 0.39166666666666666 0.12291666666666666 0.12407407407407407
0 0.3572916666666667 0.2796296296296296 0.1125 0.1037037037037037
0 0.9088541666666666 0.5351851851851852 0.14895833333333333 0.18888888888888888
0 0.7947916666666667 0.19074074074074074 0.08125 0.07407407407407407
0 0.7208333333333333 0.18425925925925926 0.07291666666666667 0.06851851851851852
0 0.6635416666666667 0.17222222222222222 0.075 0.07777777777777778
0 0.12291666666666666 0.8546296296296296 0.24375 0.2574074074074074
