0 0.49322916666666666 0.11944444444444445 0.042708333333333334 0.05740740740740741
0 0.6447916666666667 0.6046296296296296 0.11875 0.2388888888888889
0 0.59375 0.21944444444444444 0.052083333333333336 0.09074074074074075
0 0.7130208333333333 0.075 0.030208333333333334 0.03888888888888889
0 0.5614583333333333 0.16296296296296298 0.0375 0.07037037037037037
0 0.6890625 0.24166666666666667 0.053125 0.09444444444444444
0 0.7026041666666667 0.10462962962962963 0.036458333333333336 0.05
0 0.7630208333333334 0.08518518518518518 0.036458333333333336 0.04814814814814815
2 0.6364583333333333 0.11666666666666667 0.04375 0.08148148148148149
0 0.7286458333333333 0.14537037037037037 0.04479166666666667 0.06851851851851852
0 0.815625 0.15648148148148147 0.05 0.08333333333333333
0 0.5739583333333333 0.06666666666666667 0.025 0.040740740740740744
0 0.8645833333333334 0.325 0.08333333333333333 0.10555555555555556
