0 0.66875 0.18981481481481483 0.029166666666666667 0.04259259259259259
0 0.4421875 0.4185185185185185 0.059375 0.09259259259259259
0 0.6296875 0.23148148148148148 0.034375 0.05555555555555555
0 0.7234375 0.25555555555555554 0.04479166666666667 0.07037037037037037
2 0.38385416666666666 0.3333333333333333 0.057291666666666664 0.1
2 0.26145833333333335 0.27870370370370373 0.0625 0.11666666666666667
0 0.49375 0.2759259259259259 0.041666666666666664 0.07407407407407407
0 0.6739583333333333 0.4 0.06458333333333334 0.1
0 0.3890625 0.22037037037037038 0.036458333333333336 0.05185185185185185
0 0.4510416666666667 0.22314814814814815 0.03333333333333333 0.05
0 0.5130208333333334 0.20185185185185187 0.028125 0.044444444444444446
0 0.8786458333333333 0.2953703703703704 0.057291666666666664 0.07222222222222222
0 0.4192708333333333 0.18888888888888888 0.028125 0.044444444444444446
0 0.45677083333333335 0.19074074074074074 0.028125 0.037037037037037035
0 0.7473958333333334 0.7574074074074074 0.121875 0.2074074074074074
0 0.9473958333333333 0.7916666666666666 0.10520833333333333 0.20555555555555555
