0 0.6833333333333333 0.18055555555555555 0.035416666666666666 0.06111111111111111
0 0.63125 0.20092592592592592 0.035416666666666666 0.053703703703703705
0 0.7421875 0.18333333333333332 0.03229166666666667 0.05185185185185185
0 0.771875 0.225 0.03958333333333333 0.05740740740740741
0 0.7354166666666667 0.2953703703703704 0.05 0.07592592592592592
0 0.478125 0.34074074074074073 0.05 0.08518518518518518
2 0.6875 0.38333333333333336 0.0625 0.1259259259259259
0 0.3489583333333333 0.25833333333333336 0.04791666666666667 0.08333333333333333
0 0.30052083333333335 0.24166666666666667 0.04479166666666667 0.06111111111111111
2 0.4270833333333333 0.23425925925925925 0.041666666666666664 0.09074074074074075
0 0.9020833333333333 0.39351851851851855 0.075 0.09814814814814815
0 0.3984375 0.19814814814814816 0.034375 0.05925925925925926
