0 0.6229166666666667 0.41759259259259257 0.09375 0.1648148148148148
0 0.68125 0.837037037037037 0.16458333333333333 0.29259259259259257
1 0.49947916666666664 0.09907407407407408 0.06145833333333333 0.19444444444444445
0 0.5989583333333334 0.22777777777777777 0.05416666666666667 0.0962962962962963
0 0.8625 0.6435185185185185 0.17291666666666666 0.2833333333333333
0 0.68125 0.22592592592592592 0.06041666666666667 0.08888888888888889
2 0.6541666666666667 0.14074074074074075 0.05 0.09259259259259259
0 0.5760416666666667 0.11388888888888889 0.035416666666666666 0.05
0 0.7192708333333333 0.0712962962962963 0.036458333333333336 0.05
0 0.5890625 0.07962962962962963 0.03229166666666667 0.044444444444444446
0 0.5546875 0.041666666666666664 0.023958333333333335 0.03518518518518519
0 0.8666666666666667 0.22777777777777777 0.07916666666666666 0.09259259259259259
1 0.4401041666666667 0.5333333333333333 0.19270833333333334 0.6037037037037037
