0 0.8276041666666667 0.1537037037037037 0.042708333333333334 0.05185185185185185
0 0.9145833333333333 0.9074074074074074 0.17083333333333334 0.18518518518518517
0 0.6104166666666667 0.375 0.06875 0.1388888888888889
0 0.5005208333333333 0.37592592592592594 0.06770833333333333 0.13703703703703704
0 0.73125 0.36666666666666664 0.07291666666666667 0.11481481481481481
2 0.5838541666666667 0.18981481481481483 0.03854166666666667 0.08703703703703704
2 0.584375 0.12222222222222222 0.025 0.05925925925925926
0 0.575 0.09814814814814815 0.025 0.040740740740740744
1 0.7697916666666667 0.07777777777777778 0.06875 0.12222222222222222
1 0.9671875 0.22962962962962963 0.065625 0.17407407407407408
