2 0.359375 0.5842592592592593 0.1375 0.3055555555555556
0 0.5786458333333333 0.9222222222222223 0.15729166666666666 0.15555555555555556
0 0.49583333333333335 0.19537037037037036 0.06666666666666667 0.07222222222222222
0 0.7234375 0.08796296296296297 0.034375 0.06111111111111111
0 0.5932291666666667 0.18333333333333332 0.04895833333333333 0.08148148148148149
0 0.5890625 0.13703703703703704 0.036458333333333336 0.06296296296296296
0 0.6635416666666667 0.25555555555555554 0.05625 0.1
0 0.7541666666666667 0.14907407407407408 0.04583333333333333 0.06851851851851852
0 0.6489583333333333 0.12407407407407407 0.035416666666666666 0.05925925925925926
0 0.9078125 0.24722222222222223 0.08020833333333334 0.09444444444444444
0 0.590625 0.10092592592592593 0.03125 0.05740740740740741
0 0.634375 0.08333333333333333 0.03333333333333333 0.05925925925925926
0 0.9708333333333333 0.35648148148148145 0.058333333333333334 0.12777777777777777
1 0.4875 0.12222222222222222 0.125 0.15555555555555556
