1 0.43802083333333336 0.2222222222222222 0.20729166666666668 0.16666666666666666
0 0.6979166666666666 0.9583333333333334 0.18541666666666667 0.08333333333333333
0 0.21041666666666667 0.2 0.035416666666666666 0.040740740740740744
0 0.8963541666666667 0.9083333333333333 0.20729166666666668 0.18333333333333332
0 0.290625 0.2361111111111111 0.05625 0.06851851851851852
0 0.32135416666666666 0.3 0.07395833333333333 0.07407407407407407
0 0.1375 0.35648148148148145 0.06041666666666667 0.08703703703703704
0 0.61875 0.3648148148148148 0.13541666666666666 0.1111111111111111
0 0.59375 0.4601851851851852 0.15833333333333333 0.1388888888888889
0 0.1453125 0.27037037037037037 0.04895833333333333 0.05925925925925926
0 0.08229166666666667 0.27314814814814814 0.041666666666666664 0.053703703703703705
0 0.9140625 0.5648148148148148 0.171875 0.17777777777777778
