0 0.2890625 0.37037037037037035 0.06770833333333333 0.1037037037037037
1 0.051041666666666666 0.6425925925925926 0.1 0.43703703703703706
0 0.21979166666666666 0.5935185185185186 0.10833333333333334 0.18333333333333332
0 0.196875 0.8981481481481481 0.18333333333333332 0.2037037037037037
0 0.31145833333333334 0.24722222222222223 0.052083333333333336 0.07592592592592592
0 0.371875 0.21574074074074073 0.04583333333333333 0.06851851851851852
0 0.5666666666666667 0.175 0.03125 0.05
0 0.4078125 0.26851851851851855 0.051041666666666666 0.07777777777777778
0 0.475 0.2212962962962963 0.03958333333333333 0.06111111111111111
0 0.6286458333333333 0.22592592592592592 0.04479166666666667 0.07407407407407407
0 0.403125 0.19074074074074074 0.03125 0.05925925925925926
0 0.48802083333333335 0.1814814814814815 0.028125 0.05185185185185185
0 0.4453125 0.15555555555555556 0.028125 0.044444444444444446
