0 0.80625 0.18888888888888888 0.03125 0.05555555555555555
0 0.7203125 0.125 0.023958333333333335 0.03888888888888889
0 0.7708333333333334 0.20833333333333334 0.04791666666666667 0.05740740740740741
0 0.6223958333333334 0.5703703703703704 0.096875 0.17407407407407408
0 0.5828125 0.39351851851851855 0.06979166666666667 0.11666666666666667
0 0.5385416666666667 0.30833333333333335 0.04791666666666667 0.08703703703703704
0 0.5911458333333334 0.23333333333333334 0.03854166666666667 0.07037037037037037
0 0.5822916666666667 0.1962962962962963 0.035416666666666666 0.05925925925925926
0 0.9510416666666667 0.30648148148148147 0.06041666666666667 0.08703703703703704
0 0.5864583333333333 0.1361111111111111 0.027083333333333334 0.046296296296296294
1 0.7869791666666667 0.12314814814814815 0.06770833333333333 0.10555555555555556
1 0.896875 0.17685185185185184 0.11875 0.18703703703703703
