0 0.6432291666666666 0.12222222222222222 0.03854166666666667 0.05925925925925926
0 0.709375 0.14814814814814814 0.04375 0.05925925925925926
0 0.6026041666666667 0.1675925925925926 0.042708333333333334 0.06111111111111111
2 0.6744791666666666 0.20185185185185187 0.051041666666666666 0.08148148148148149
0 0.7911458333333333 0.25092592592592594 0.06979166666666667 0.09444444444444444
0 0.7260416666666667 0.31666666666666665 0.07708333333333334 0.1037037037037037
0 0.675 0.4324074074074074 0.08958333333333333 0.14629629629629629
0 0.28125 0.39351851851851855 0.07291666666666667 0.13148148148148148
0 0.18020833333333333 0.8083333333333333 0.17291666666666666 0.2722222222222222
0 0.4515625 0.5444444444444444 0.103125 0.1814814814814815
0 0.4317708333333333 0.18518518518518517 0.046875 0.07037037037037037
0 0.5057291666666667 0.2101851851851852 0.051041666666666666 0.09074074074074075
