0 0.2625 0.041666666666666664 0.03125 0.03148148148148148
0 0.21614583333333334 0.040740740740740744 0.023958333333333335 0.03333333333333333
0 0.20520833333333333 0.05740740740740741 0.03125 0.02962962962962963
0 0.31145833333333334 0.03611111111111111 0.029166666666666667 0.03148148148148148
0 0.33229166666666665 0.06851851851851852 0.035416666666666666 0.040740740740740744
2 0.47291666666666665 0.3490740740740741 0.12291666666666666 0.1685185185185185
0 0.3171875 0.3592592592592593 0.08645833333333333 0.11851851851851852
2 0.10520833333333333 0.3037037037037037 0.07916666666666666 0.17407407407407408
0 0.25833333333333336 0.18425925925925926 0.0625 0.07962962962962963
0 0.4203125 0.07777777777777778 0.040625 0.040740740740740744
0 0.31354166666666666 0.1175925925925926 0.04375 0.03518518518518519
0 0.13541666666666666 0.16296296296296298 0.04791666666666667 0.07037037037037037
0 0.1171875 0.7101851851851851 0.11979166666666667 0.23148148148148148
0 0.5744791666666667 0.1527777777777778 0.06354166666666666 0.06111111111111111
0 0.5286458333333334 0.17592592592592593 0.06770833333333333 0.07037037037037037
0 0.5098958333333333 0.21574074074074073 0.071875 0.06111111111111111
0 0.06927083333333334 0.09074074074074075 0.03229166666666667 0.037037037037037035
