0 0.028645833333333332 0.6287037037037037 0.05520833333333333 0.1388888888888889
2 0.8260416666666667 0.24537037037037038 0.0875 0.12407407407407407
3 0.18177083333333333 0.44351851851851853 0.146875 0.17592592592592593
0 0.771875 0.4074074074074074 0.1125 0.13703703703703704
0 0.8901041666666667 0.4935185185185185 0.13229166666666667 0.1537037037037037
0 0.6072916666666667 0.44722222222222224 0.14166666666666666 0.13518518518518519
2 0.21145833333333333 0.3648148148148148 0.11458333333333333 0.10740740740740741
0 0.4296875 0.33055555555555555 0.08229166666666667 0.07962962962962963
2 0.5489583333333333 0.18981481481481483 0.06458333333333334 0.07962962962962963
0 0.6083333333333333 0.20092592592592592 0.058333333333333334 0.06481481481481481
0 0.6651041666666667 0.15092592592592594 0.06145833333333333 0.053703703703703705
