0 0.8953125 0.9296296296296296 0.209375 0.14074074074074075
0 0.2520833333333333 0.9314814814814815 0.14375 0.13703703703703704
0 0.3958333333333333 0.42592592592592593 0.11041666666666666 0.16296296296296298
0 0.41510416666666666 0.13518518518518519 0.053125 0.05555555555555555
0 0.40260416666666665 0.3194444444444444 0.084375 0.09814814814814815
0 0.08802083333333334 0.43703703703703706 0.078125 0.14444444444444443
0 0.40572916666666664 0.1675925925925926 0.04895833333333333 0.053703703703703705
0 0.5765625 0.17222222222222222 0.065625 0.07777777777777778
0 0.16770833333333332 0.21203703703703702 0.04791666666666667 0.07592592592592592
0 0.234375 0.17592592592592593 0.04583333333333333 0.06296296296296296
0 0.09114583333333333 0.17314814814814813 0.046875 0.07962962962962963
