0 0.9114583333333334 0.24722222222222223 0.09375 0.10185185185185185
0 0.9130208333333333 0.3287037037037037 0.109375 0.10555555555555556
0 0.21510416666666668 0.487962962962963 0.109375 0.09074074074074075
2 0.6989583333333333 0.34629629629629627 0.12916666666666668 0.16296296296296298
0 0.6145833333333334 0.5879629629629629 0.16875 0.17592592592592593
0 0.5791666666666667 0.225 0.06458333333333334 0.06111111111111111
0 0.51875 0.2037037037037037 0.06041666666666667 0.06296296296296296
0 0.5432291666666667 0.3472222222222222 0.078125 0.06851851851851852
0 0.2671875 0.7462962962962963 0.22604166666666667 0.2111111111111111
0 0.26666666666666666 0.9388888888888889 0.24375 0.12222222222222222
