0 0.4875 0.11851851851851852 0.041666666666666664 0.05555555555555555
0 0.6421875 0.49722222222222223 0.09895833333333333 0.17962962962962964
0 0.6734375 0.05185185185185185 0.023958333333333335 0.03333333333333333
0 0.7177083333333333 0.07962962962962963 0.035416666666666666 0.044444444444444446
0 0.5395833333333333 0.2657407407407407 0.0625 0.10555555555555556
1 0.5458333333333333 0.09907407407407408 0.04791666666666667 0.12037037037037036
0 0.5713541666666667 0.09444444444444444 0.021875 0.04814814814814815
0 0.7197916666666667 0.1398148148148148 0.041666666666666664 0.053703703703703705
0 0.7723958333333333 0.1287037037037037 0.040625 0.06851851851851852
0 0.6052083333333333 0.06388888888888888 0.025 0.04259259259259259
