0 0.4239583333333333 0.49166666666666664 0.12083333333333333 0.17962962962962964
0 0.4953125 0.8601851851851852 0.221875 0.2796296296296296
0 0.4796875 0.13333333333333333 0.05520833333333333 0.06296296296296296
0 0.09739583333333333 0.44351851851851853 0.078125 0.12777777777777777
0 0.2526041666666667 0.27870370370370373 0.06770833333333333 0.09814814814814815
0 0.5583333333333333 0.20555555555555555 0.07916666666666666 0.08148148148148149
0 0.265625 0.2074074074074074 0.05416666666666667 0.06666666666666667
0 0.0421875 0.2675925925925926 0.04895833333333333 0.08333333333333333
0 0.5833333333333334 0.2657407407407407 0.08333333333333333 0.07592592592592592
0 0.80625 0.2638888888888889 0.10416666666666667 0.10555555555555556
