0 0.346875 0.649074074074074 0.12291666666666666 0.22777777777777777
0 0.09739583333333333 0.48703703703703705 0.08645833333333333 0.14444444444444443
2 0.3260416666666667 0.3472222222222222 0.09583333333333334 0.1537037037037037
0 0.3302083333333333 0.262037037037037 0.06875 0.08333333333333333
0 0.4005208333333333 0.1537037037037037 0.051041666666666666 0.06296296296296296
0 0.6140625 0.15462962962962962 0.06145833333333333 0.06111111111111111
2 0.1203125 0.2324074074074074 0.05520833333333333 0.10185185185185185
0 0.6078125 0.225 0.08229166666666667 0.07962962962962963
0 0.019270833333333334 0.21666666666666667 0.036458333333333336 0.06666666666666667
0 0.8567708333333334 0.23148148148148148 0.10104166666666667 0.09259259259259259
