0 0.6395833333333333 0.4324074074074074 0.09583333333333334 0.1685185185185185
2 0.6125 0.2657407407407407 0.052083333333333336 0.13148148148148148
0 0.7083333333333334 0.2564814814814815 0.06875 0.10185185185185185
0 0.6145833333333334 0.15555555555555556 0.041666666666666664 0.07407407407407407
0 0.8151041666666666 0.05740740740740741 0.036458333333333336 0.044444444444444446
0 0.76875 0.06574074074074074 0.035416666666666666 0.046296296296296294
0 0.7791666666666667 0.08981481481481482 0.03958333333333333 0.053703703703703705
0 0.7770833333333333 0.13240740740740742 0.041666666666666664 0.07222222222222222
0 0.521875 0.2490740740740741 0.0625 0.09814814814814815
0 0.8630208333333333 0.16203703703703703 0.059375 0.07222222222222222
0 0.6520833333333333 0.09074074074074075 0.03333333333333333 0.05555555555555555
0 0.5947916666666667 0.06388888888888888 0.029166666666666667 0.046296296296296294
0 0.9411458333333333 0.2111111111111111 0.06770833333333333 0.1
0 0.8875 0.29444444444444445 0.08333333333333333 0.11481481481481481
0 0.9552083333333333 0.16203703703703703 0.0625 0.07962962962962963
1 0.5416666666666666 0.06666666666666667 0.05 0.12962962962962962
