3 0.2557291666666667 0.2212962962962963 0.20520833333333333 0.17592592592592593
0 0.48385416666666664 0.39351851851851855 0.19270833333333334 0.15
0 0.8890625 0.5407407407407407 0.196875 0.18888888888888888
0 0.9723958333333333 0.6833333333333333 0.05520833333333333 0.13703703703703704
0 0.8239583333333333 0.32407407407407407 0.13333333333333333 0.11481481481481481
0 0.19114583333333332 0.23796296296296296 0.13020833333333334 0.09814814814814815
0 0.3421875 0.21296296296296297 0.14270833333333333 0.0962962962962963
0 0.46979166666666666 0.1824074074074074 0.1 0.09814814814814815
0 0.5875 0.17037037037037037 0.10833333333333334 0.09259259259259259
0 0.0515625 0.2611111111111111 0.10104166666666667 0.09259259259259259
