0 0.6953125 0.06111111111111111 0.019791666666666666 0.03333333333333333
0 0.7072916666666667 0.07222222222222222 0.020833333333333332 0.03333333333333333
0 0.9125 0.8037037037037037 0.175 0.27037037037037037
0 0.5416666666666666 0.18611111111111112 0.05 0.06481481481481481
0 0.7333333333333333 0.0787037037037037 0.029166666666666667 0.03888888888888889
0 0.7619791666666667 0.0712962962962963 0.023958333333333335 0.027777777777777776
0 0.7598958333333333 0.05648148148148148 0.017708333333333333 0.027777777777777776
0 0.8088541666666667 0.041666666666666664 0.026041666666666668 0.03148148148148148
0 0.7791666666666667 0.08703703703703704 0.03125 0.040740740740740744
0 0.7807291666666667 0.14166666666666666 0.040625 0.06111111111111111
0 0.7536458333333333 0.11481481481481481 0.034375 0.04814814814814815
0 0.5864583333333333 0.1537037037037037 0.0375 0.06296296296296296
0 0.5630208333333333 0.08611111111111111 0.021875 0.03518518518518519
0 0.6151041666666667 0.09351851851851851 0.023958333333333335 0.03888888888888889
0 0.7755208333333333 0.2064814814814815 0.05520833333333333 0.08333333333333333
0 0.8567708333333334 0.2 0.05520833333333333 0.07407407407407407
0 0.5921875 0.06296296296296296 0.021875 0.03333333333333333
0 0.9192708333333334 0.2564814814814815 0.07395833333333333 0.09074074074074075
2 0.9302083333333333 0.38796296296296295 0.1125 0.1685185185185185
