0 0.8307291666666666 0.7268518518518519 0.146875 0.2388888888888889
0 0.6291666666666667 0.5194444444444445 0.08333333333333333 0.15
2 0.4734375 0.25092592592592594 0.09479166666666666 0.09444444444444444
0 0.5869791666666667 0.2388888888888889 0.03854166666666667 0.06666666666666667
2 0.5770833333333333 0.1787037037037037 0.027083333333333334 0.06481481481481481
0 0.6166666666666667 0.15833333333333333 0.029166666666666667 0.05
0 0.9307291666666667 0.36944444444444446 0.08229166666666667 0.09444444444444444
0 0.8432291666666667 0.22037037037037038 0.03854166666666667 0.05925925925925926
0 0.7744791666666667 0.2175925925925926 0.03854166666666667 0.05740740740740741
0 0.771875 0.19722222222222222 0.041666666666666664 0.05
0 0.7755208333333333 0.175 0.042708333333333334 0.05
0 0.7380208333333333 0.16944444444444445 0.034375 0.046296296296296294
0 0.7421875 0.13518518518518519 0.030208333333333334 0.05185185185185185
2 0.7192708333333333 0.14629629629629629 0.030208333333333334 0.05555555555555555
0 0.7046875 0.1388888888888889 0.028125 0.044444444444444446
0 0.6838541666666667 0.12407407407407407 0.026041666666666668 0.037037037037037035
0 0.7166666666666667 0.1175925925925926 0.027083333333333334 0.03518518518518519
0 0.9453125 0.45740740740740743 0.109375 0.12962962962962962
0 0.5989583333333334 0.13518518518518519 0.022916666666666665 0.037037037037037035
1 0.9770833333333333 0.27685185185185185 0.04583333333333333 0.18703703703703703
