2 0.21510416666666668 0.041666666666666664 0.028125 0.046296296296296294
0 0.19114583333333332 0.05925925925925926 0.028125 0.02962962962962963
0 0.29791666666666666 0.04537037037037037 0.025 0.03148148148148148
0 0.5192708333333333 0.41388888888888886 0.11145833333333334 0.13518518518518519
2 0.2890625 0.07962962962962963 0.036458333333333336 0.05185185185185185
0 0.30833333333333335 0.062037037037037036 0.029166666666666667 0.03888888888888889
0 0.34739583333333335 0.11018518518518519 0.040625 0.05
0 0.2734375 0.10092592592592593 0.03229166666666667 0.04259259259259259
0 0.27708333333333335 0.5712962962962963 0.12291666666666666 0.17962962962962964
0 0.090625 0.22777777777777777 0.05416666666666667 0.07037037037037037
0 0.2557291666666667 0.2074074074074074 0.051041666666666666 0.07037037037037037
0 0.43854166666666666 0.1527777777777778 0.05625 0.053703703703703705
0 0.4979166666666667 0.14074074074074075 0.058333333333333334 0.05185185185185185
0 0.5177083333333333 0.2101851851851852 0.075 0.06111111111111111
0 0.575 0.2657407407407407 0.08541666666666667 0.06851851851851852
0 0.09895833333333333 0.11388888888888889 0.035416666666666666 0.046296296296296294
2 0.03229166666666667 0.10925925925925926 0.029166666666666667 0.05555555555555555
2 0.7307291666666667 0.22407407407407406 0.10104166666666667 0.10740740740740741
0 0.9026041666666667 0.25833333333333336 0.115625 0.09444444444444444
