0 0.2708333333333333 0.03518518518518519 0.029166666666666667 0.037037037037037035
0 0.21875 0.05648148148148148 0.03125 0.03518518518518519
2 0.7151041666666667 0.5657407407407408 0.17604166666666668 0.2611111111111111
0 0.3458333333333333 0.41203703703703703 0.10208333333333333 0.13518518518518519
0 0.22239583333333332 0.475 0.10520833333333333 0.1537037037037037
0 0.31614583333333335 0.05185185185185185 0.03229166666666667 0.044444444444444446
0 0.38125 0.2962962962962963 0.08541666666666667 0.10740740740740741
0 0.25 0.26666666666666666 0.07291666666666667 0.0962962962962963
0 0.30364583333333334 0.09444444444444444 0.040625 0.040740740740740744
0 0.340625 0.08425925925925926 0.04583333333333333 0.05
0 0.43645833333333334 0.0712962962962963 0.041666666666666664 0.04259259259259259
0 0.09479166666666666 0.1925925925925926 0.04583333333333333 0.06666666666666667
0 0.440625 0.17037037037037037 0.06458333333333334 0.05925925925925926
0 0.6328125 0.2175925925925926 0.09270833333333334 0.07592592592592592
0 0.10208333333333333 0.1111111111111111 0.035416666666666666 0.044444444444444446
0 0.6583333333333333 0.2777777777777778 0.07916666666666666 0.08148148148148149
0 0.0796875 0.07314814814814814 0.023958333333333335 0.03518518518518519
