2 0.4244791666666667 0.24444444444444444 0.11145833333333334 0.09259259259259259
0 0.5927083333333333 0.3388888888888889 0.05625 0.09259259259259259
2 0.5848958333333333 0.21296296296296297 0.034375 0.08888888888888889
0 0.6458333333333334 0.20092592592592592 0.03958333333333333 0.06111111111111111
0 0.8760416666666667 0.29259259259259257 0.06458333333333334 0.08148148148148149
0 0.8265625 0.17962962962962964 0.03854166666666667 0.05185185185185185
0 0.784375 0.1962962962962963 0.04375 0.05555555555555555
0 0.7671875 0.17777777777777778 0.03854166666666667 0.04814814814814815
0 0.7760416666666666 0.14814814814814814 0.03333333333333333 0.044444444444444446
0 0.7364583333333333 0.1527777777777778 0.03333333333333333 0.04259259259259259
2 0.7177083333333333 0.125 0.029166666666666667 0.05
0 0.7015625 0.11944444444444445 0.028125 0.046296296296296294
0 0.890625 0.35462962962962963 0.07291666666666667 0.09814814814814815
0 0.6197916666666666 0.1527777777777778 0.029166666666666667 0.046296296296296294
0 0.5692708333333333 0.13796296296296295 0.026041666666666668 0.04259259259259259
1 0.940625 0.22777777777777777 0.11875 0.18518518518518517
