0 0.19114583333333332 0.29444444444444445 0.10520833333333333 0.07777777777777778
1 0.11614583333333334 0.47314814814814815 0.23020833333333332 0.387037037037037
0 0.2953125 0.34074074074074073 0.06979166666666667 0.1
0 0.18385416666666668 0.7620370370370371 0.17395833333333333 0.24259259259259258
0 0.6171875 0.20555555555555555 0.03854166666666667 0.06296296296296296
0 0.3958333333333333 0.5018518518518519 0.09166666666666666 0.14814814814814814
0 0.390625 0.2953703703703704 0.04791666666666667 0.08703703703703704
0 0.3072916666666667 0.46296296296296297 0.0875 0.14074074074074075
0 0.46458333333333335 0.3037037037037037 0.05625 0.08518518518518518
0 0.3697916666666667 0.21574074074074073 0.05 0.06481481481481481
0 0.39375 0.1685185185185185 0.03125 0.06296296296296296
0 0.6416666666666667 0.5694444444444444 0.09791666666666667 0.15
0 0.45 0.15555555555555556 0.029166666666666667 0.05185185185185185
