0 0.7177083333333333 0.20555555555555555 0.04375 0.06666666666666667
0 0.68125 0.2462962962962963 0.03958333333333333 0.06666666666666667
2 0.325 0.42685185185185187 0.07291666666666667 0.1537037037037037
0 0.8052083333333333 0.16574074074074074 0.0375 0.04259259259259259
0 0.8083333333333333 0.23333333333333334 0.04791666666666667 0.07407407407407407
0 0.28072916666666664 0.28703703703703703 0.057291666666666664 0.07037037037037037
0 0.7682291666666666 0.37222222222222223 0.06145833333333333 0.09259259259259259
2 0.32916666666666666 0.23981481481481481 0.035416666666666666 0.07962962962962963
0 0.878125 0.23148148148148148 0.052083333333333336 0.06666666666666667
0 0.4348958333333333 0.21203703703703702 0.03854166666666667 0.07222222222222222
0 0.5 0.22407407407407406 0.041666666666666664 0.06296296296296296
2 0.3260416666666667 0.19537037037037036 0.035416666666666666 0.06851851851851852
1 0.9161458333333333 0.575 0.16770833333333332 0.47962962962962963
