0 0.30364583333333334 0.23333333333333334 0.046875 0.08518518518518518
1 0.07864583333333333 0.600925925925926 0.15520833333333334 0.49444444444444446
1 0.9145833333333333 0.537962962962963 0.17083333333333334 0.5166666666666667
0 0.27239583333333334 0.3111111111111111 0.06354166666666666 0.1
0 0.3692708333333333 0.6231481481481481 0.121875 0.20185185185185187
0 0.3802083333333333 0.24814814814814815 0.05625 0.1
0 0.39010416666666664 0.30925925925925923 0.06770833333333333 0.12962962962962962
0 0.2838541666666667 0.49907407407407406 0.09479166666666666 0.16111111111111112
0 0.41770833333333335 0.2111111111111111 0.04583333333333333 0.07407407407407407
0 0.45208333333333334 0.16944444444444445 0.0375 0.06111111111111111
