0 0.6161458333333333 0.17592592592592593 0.026041666666666668 0.040740740740740744
0 0.68125 0.18888888888888888 0.03333333333333333 0.05185185185185185
0 0.6317708333333333 0.21944444444444444 0.034375 0.06111111111111111
0 0.13333333333333333 0.44537037037037036 0.08541666666666667 0.10925925925925926
0 0.403125 0.5472222222222223 0.08333333333333333 0.1425925925925926
2 0.23385416666666667 0.4361111111111111 0.08229166666666667 0.14629629629629629
0 0.7489583333333333 0.2111111111111111 0.03333333333333333 0.04814814814814815
0 0.7953125 0.18611111111111112 0.03229166666666667 0.046296296296296294
0 0.7322916666666667 0.27037037037037037 0.041666666666666664 0.06296296296296296
0 0.6729166666666667 0.29444444444444445 0.041666666666666664 0.07037037037037037
0 0.821875 0.28888888888888886 0.05 0.07407407407407407
0 0.659375 0.39166666666666666 0.058333333333333334 0.09444444444444444
0 0.7682291666666666 0.3527777777777778 0.05520833333333333 0.08333333333333333
0 0.428125 0.2777777777777778 0.03958333333333333 0.06666666666666667
0 0.7458333333333333 0.7175925925925926 0.1125 0.19814814814814816
0 0.9583333333333334 0.8296296296296296 0.08333333333333333 0.2111111111111111
