0 0.3255208333333333 0.8453703703703703 0.13020833333333334 0.2388888888888889
0 0.6354166666666666 0.21574074074074073 0.03333333333333333 0.06111111111111111
0 0.7322916666666667 0.1814814814814815 0.029166666666666667 0.040740740740740744
0 0.4119791666666667 0.487962962962963 0.06979166666666667 0.11666666666666667
3 0.246875 0.5537037037037037 0.12916666666666668 0.3074074074074074
0 0.13177083333333334 0.5407407407407407 0.10729166666666666 0.14814814814814814
0 0.7661458333333333 0.16944444444444445 0.030208333333333334 0.04259259259259259
0 0.19322916666666667 0.3675925925925926 0.065625 0.08703703703703704
0 0.31875 0.3296296296296296 0.05625 0.07407407407407407
0 0.31614583333333335 0.24722222222222223 0.03854166666666667 0.05
0 0.6817708333333333 0.44814814814814813 0.065625 0.09259259259259259
0 0.8359375 0.5314814814814814 0.09479166666666666 0.12962962962962962
0 0.9057291666666667 0.4074074074074074 0.06770833333333333 0.0962962962962963
0 0.7520833333333333 0.7759259259259259 0.12083333333333333 0.18518518518518517
