1 0.0796875 0.43796296296296294 0.15729166666666666 0.31296296296296294
1 0.47604166666666664 0.2351851851851852 0.23333333333333334 0.1814814814814815
0 0.40989583333333335 0.7148148148148148 0.203125 0.2814814814814815
0 0.8802083333333334 0.8731481481481481 0.23958333333333334 0.2537037037037037
0 0.17135416666666667 0.21203703703703702 0.03854166666666667 0.03888888888888889
2 0.234375 0.20555555555555555 0.04583333333333333 0.05925925925925926
0 0.1515625 0.36018518518518516 0.059375 0.09444444444444444
0 0.403125 0.2898148148148148 0.07708333333333334 0.08333333333333333
0 0.2 0.31203703703703706 0.06041666666666667 0.07962962962962963
0 0.5380208333333333 0.4148148148148148 0.140625 0.12222222222222222
0 0.10104166666666667 0.2462962962962963 0.035416666666666666 0.05185185185185185
