0 0.8932291666666666 0.18333333333333332 0.078125 0.08148148148148149
0 0.9083333333333333 0.26296296296296295 0.0875 0.0962962962962963
0 0.7098958333333333 0.34444444444444444 0.11770833333333333 0.1259259259259259
0 0.95 0.34074074074074073 0.1 0.12962962962962962
0 0.253125 0.42314814814814816 0.09375 0.08703703703703704
0 0.7583333333333333 0.16203703703703703 0.05625 0.05
0 0.4552083333333333 0.6064814814814815 0.17291666666666666 0.1685185185185185
0 0.5479166666666667 0.21666666666666667 0.0625 0.07037037037037037
0 0.3625 0.8796296296296297 0.25 0.24074074074074073
0 0.30052083333333335 0.5388888888888889 0.08645833333333333 0.07037037037037037
0 0.6807291666666667 0.14444444444444443 0.04479166666666667 0.04814814814814815
0 0.6671875 0.12222222222222222 0.051041666666666666 0.05185185185185185
