3 0.32395833333333335 0.20833333333333334 0.19583333333333333 0.17592592592592593
0 0.6770833333333334 0.33796296296296297 0.16041666666666668 0.12777777777777777
0 0.7177083333333333 0.6305555555555555 0.2520833333333333 0.2351851851851852
0 0.8708333333333333 0.8138888888888889 0.25833333333333336 0.26481481481481484
0 0.95 0.2898148148148148 0.1 0.10185185185185185
0 0.19010416666666666 0.23703703703703705 0.13020833333333334 0.0962962962962963
0 0.34322916666666664 0.21388888888888888 0.14479166666666668 0.09814814814814815
0 0.46875 0.18055555555555555 0.1 0.10185185185185185
0 0.5869791666666667 0.17037037037037037 0.109375 0.09259259259259259
0 0.052083333333333336 0.2611111111111111 0.10208333333333333 0.09259259259259259
