2 0.36041666666666666 0.2601851851851852 0.11875 0.09074074074074075
0 0.6026041666666667 0.4787037037037037 0.07604166666666666 0.1425925925925926
2 0.584375 0.26481481481481484 0.041666666666666664 0.10740740740740741
0 0.6692708333333334 0.2638888888888889 0.051041666666666666 0.07962962962962963
0 0.8510416666666667 0.27314814814814814 0.058333333333333334 0.07222222222222222
0 0.8046875 0.16944444444444445 0.03854166666666667 0.05
0 0.796875 0.19537037037037036 0.052083333333333336 0.053703703703703705
0 0.75625 0.17685185185185184 0.03958333333333333 0.046296296296296294
0 0.759375 0.14074074074074075 0.03125 0.044444444444444446
0 0.73125 0.1527777777777778 0.035416666666666666 0.04259259259259259
2 0.7104166666666667 0.12685185185185185 0.029166666666666667 0.05
0 0.6947916666666667 0.11944444444444445 0.025 0.03888888888888889
0 0.865625 0.31851851851851853 0.06875 0.08888888888888889
0 0.6286458333333333 0.18611111111111112 0.034375 0.053703703703703705
0 0.56875 0.16666666666666666 0.03125 0.04814814814814815
0 0.6005208333333333 0.13148148148148148 0.026041666666666668 0.040740740740740744
1 0.9067708333333333 0.20833333333333334 0.11770833333333333 0.1648148148148148
