0 0.665625 0.16944444444444445 0.025 0.04259259259259259
0 0.6328125 0.19722222222222222 0.028125 0.046296296296296294
0 0.7098958333333333 0.16574074074074074 0.026041666666666668 0.04259259259259259
0 0.6916666666666667 0.21481481481481482 0.03333333333333333 0.05185185185185185
0 0.6395833333333333 0.2222222222222222 0.03333333333333333 0.05925925925925926
0 0.21822916666666667 0.600925925925926 0.10104166666666667 0.15
0 0.409375 0.6027777777777777 0.0875 0.1648148148148148
0 0.7619791666666667 0.22592592592592592 0.034375 0.04814814814814815
2 0.7567708333333333 0.1712962962962963 0.03229166666666667 0.046296296296296294
0 0.6453125 0.29259259259259257 0.040625 0.06666666666666667
0 0.7864583333333334 0.26851851851851855 0.04583333333333333 0.07037037037037037
2 0.4765625 0.30092592592592593 0.051041666666666666 0.09074074074074075
0 0.44947916666666665 0.2388888888888889 0.036458333333333336 0.05185185185185185
0 0.759375 0.3851851851851852 0.06458333333333334 0.11851851851851852
2 0.39114583333333336 0.23425925925925925 0.03229166666666667 0.06481481481481481
0 0.925 0.4583333333333333 0.08541666666666667 0.09814814814814815
0 0.4265625 0.19537037037037036 0.026041666666666668 0.04259259259259259
0 0.9572916666666667 0.8453703703703703 0.08541666666666667 0.19074074074074074
