0 0.678125 0.9342592592592592 0.16041666666666668 0.13148148148148148
0 0.740625 0.037037037037037035 0.03125 0.040740740740740744
0 0.8630208333333333 0.5898148148148148 0.14270833333333333 0.22407407407407406
0 0.6395833333333333 0.3101851851851852 0.07083333333333333 0.11666666666666667
0 0.7677083333333333 0.05648148148148148 0.03333333333333333 0.046296296296296294
0 0.6036458333333333 0.2111111111111111 0.04895833333333333 0.08888888888888889
0 0.75625 0.33240740740740743 0.075 0.12407407407407407
0 0.7 0.032407407407407406 0.025 0.03888888888888889
0 0.828125 0.06851851851851852 0.035416666666666666 0.04814814814814815
0 0.8020833333333334 0.09722222222222222 0.03958333333333333 0.053703703703703705
2 0.6078125 0.1388888888888889 0.036458333333333336 0.07037037037037037
0 0.8369791666666667 0.125 0.042708333333333334 0.06111111111111111
0 0.6036458333333333 0.08888888888888889 0.030208333333333334 0.040740740740740744
0 0.9166666666666666 0.15185185185185185 0.05625 0.07037037037037037
0 0.8317708333333333 0.2064814814814815 0.06354166666666666 0.08703703703703704
0 0.5427083333333333 0.05185185185185185 0.025 0.044444444444444446
2 0.590625 0.044444444444444446 0.029166666666666667 0.05555555555555555
0 0.6421875 0.05092592592592592 0.030208333333333334 0.046296296296296294
2 0.971875 0.2611111111111111 0.05625 0.13333333333333333
0 0.46041666666666664 0.18425925925925926 0.0875 0.07222222222222222
1 0.48333333333333334 0.35 0.13541666666666666 0.34814814814814815
