0 0.6963541666666667 0.06111111111111111 0.021875 0.03333333333333333
0 0.7515625 0.06759259259259259 0.023958333333333335 0.03148148148148148
0 0.71875 0.07962962962962963 0.029166666666666667 0.040740740740740744
0 0.6578125 0.18055555555555555 0.042708333333333334 0.06851851851851852
0 0.5682291666666667 0.10462962962962963 0.028125 0.04259259259259259
0 0.5703125 0.18425925925925926 0.03854166666666667 0.07222222222222222
0 0.753125 0.10555555555555556 0.03333333333333333 0.04814814814814815
0 0.7770833333333333 0.1398148148148148 0.041666666666666664 0.06481481481481481
0 0.8130208333333333 0.11851851851851852 0.036458333333333336 0.05555555555555555
0 0.9046875 0.10740740740740741 0.034375 0.04814814814814815
0 0.8385416666666666 0.1787037037037037 0.058333333333333334 0.08703703703703704
0 0.896875 0.34629629629629627 0.09791666666666667 0.12962962962962962
0 0.9484375 0.28055555555555556 0.07395833333333333 0.09814814814814815
0 0.5661458333333333 0.07037037037037037 0.023958333333333335 0.025925925925925925
0 0.5671875 0.03611111111111111 0.017708333333333333 0.027777777777777776
0 0.5932291666666667 0.030555555555555555 0.015625 0.027777777777777776
