0 0.7046875 0.175 0.03229166666666667 0.046296296296296294
0 0.2677083333333333 0.5092592592592593 0.09375 0.15925925925925927
0 0.6484375 0.22037037037037038 0.03854166666666667 0.07407407407407407
0 0.4359375 0.4 0.06770833333333333 0.13703703703703704
2 0.7942708333333334 0.21203703703703702 0.03854166666666667 0.07592592592592592
0 0.7541666666666667 0.29444444444444445 0.05416666666666667 0.07777777777777778
2 0.7567708333333333 0.5259259259259259 0.10520833333333333 0.2111111111111111
0 0.3802083333333333 0.20555555555555555 0.0375 0.05555555555555555
0 0.4947916666666667 0.20185185185185187 0.035416666666666666 0.06296296296296296
0 0.31927083333333334 0.2814814814814815 0.04895833333333333 0.07037037037037037
