0 0.7052083333333333 0.7675925925925926 0.1375 0.28703703703703703
0 0.5015625 0.16203703703703703 0.057291666666666664 0.07592592592592592
2 0.6177083333333333 0.2675925925925926 0.06875 0.1425925925925926
2 0.7494791666666667 0.040740740740740744 0.03229166666666667 0.05555555555555555
0 0.6359375 0.4564814814814815 0.09895833333333333 0.16111111111111112
0 0.5942708333333333 0.20462962962962963 0.046875 0.08703703703703704
0 0.7989583333333333 0.06481481481481481 0.03125 0.04814814814814815
0 0.7588541666666667 0.3111111111111111 0.08854166666666667 0.14444444444444443
0 0.553125 0.1111111111111111 0.03125 0.05555555555555555
0 0.8385416666666666 0.12962962962962962 0.04791666666666667 0.07037037037037037
0 0.628125 0.10277777777777777 0.03958333333333333 0.06851851851851852
0 0.5619791666666667 0.06574074074074074 0.023958333333333335 0.04259259259259259
1 0.459375 0.48333333333333334 0.175 0.48148148148148145
