0 0.7255208333333333 0.8787037037037037 0.16770833333333332 0.24259259259259258
0 0.8203125 0.07685185185185185 0.03854166666666667 0.05740740740740741
0 0.7583333333333333 0.07407407407407407 0.03333333333333333 0.04814814814814815
0 0.8463541666666666 0.16666666666666666 0.053125 0.07407407407407407
0 0.553125 0.10648148148148148 0.03125 0.053703703703703705
0 0.5947916666666667 0.0787037037037037 0.029166666666666667 0.046296296296296294
0 0.6447916666666667 0.0824074074074074 0.03125 0.05
0 0.559375 0.2953703703703704 0.04375 0.10185185185185185
0 0.9645833333333333 0.29907407407407405 0.07083333333333333 0.10925925925925926
1 0.47552083333333334 0.46944444444444444 0.17395833333333333 0.5166666666666667
