0 0.9276041666666667 0.38796296296296295 0.14479166666666668 0.14629629629629629
0 0.7203125 0.32314814814814813 0.10520833333333333 0.09444444444444444
0 0.5885416666666666 0.2657407407407407 0.08541666666666667 0.07962962962962963
2 0.490625 0.2324074074074074 0.07083333333333333 0.07962962962962963
2 0.6260416666666667 0.8277777777777777 0.26875 0.34444444444444444
0 0.41041666666666665 0.2111111111111111 0.05416666666666667 0.05555555555555555
0 0.5765625 0.3138888888888889 0.09270833333333334 0.08703703703703704
2 0.8067708333333333 0.7490740740740741 0.26979166666666665 0.3277777777777778
0 0.5734375 0.5842592592592593 0.15729166666666666 0.1685185185185185
1 0.38125 0.30833333333333335 0.18125 0.20555555555555555
0 0.9223958333333333 0.5472222222222223 0.15520833333333334 0.19444444444444445
0 0.6291666666666667 0.5074074074074074 0.16458333333333333 0.14814814814814814
0 0.4171875 0.46574074074074073 0.11354166666666667 0.12777777777777777
2 0.8119791666666667 0.5712962962962963 0.17395833333333333 0.20555555555555555
0 0.9541666666666667 0.725925925925926 0.09166666666666666 0.16666666666666666
0 0.7546875 0.46111111111111114 0.153125 0.12962962962962962
0 0.5963541666666666 0.3787037037037037 0.11770833333333333 0.10555555555555556
0 0.28020833333333334 0.3425925925925926 0.06875 0.1
0 0.34427083333333336 0.3990740740740741 0.078125 0.09814814814814815
0 0.47552083333333334 0.31666666666666665 0.07395833333333333 0.0962962962962963
0 0.28229166666666666 0.28055555555555556 0.0375 0.05740740740740741
