0 0.7333333333333333 0.027777777777777776 0.025 0.02962962962962963
0 0.6739583333333333 0.041666666666666664 0.020833333333333332 0.03518518518518519
0 0.6833333333333333 0.028703703703703703 0.014583333333333334 0.027777777777777776
0 0.7057291666666666 0.05462962962962963 0.023958333333333335 0.03518518518518519
0 0.7421875 0.0787037037037037 0.030208333333333334 0.046296296296296294
0 0.7322916666666667 0.09722222222222222 0.03333333333333333 0.053703703703703705
0 0.5697916666666667 0.09444444444444444 0.029166666666666667 0.044444444444444446
0 0.6125 0.06666666666666667 0.025 0.037037037037037035
3 0.575 0.053703703703703705 0.029166666666666667 0.05185185185185185
0 0.8932291666666666 0.14444444444444443 0.08229166666666667 0.07037037037037037
0 0.8505208333333333 0.2064814814814815 0.06354166666666666 0.10185185185185185
1 0.296875 0.7203703703703703 0.45 0.5592592592592592
