0 0.47291666666666665 0.2064814814814815 0.05416666666666667 0.07962962962962963
0 0.5036458333333333 0.5074074074074074 0.103125 0.18518518518518517
0 0.5510416666666667 0.1925925925925926 0.052083333333333336 0.0962962962962963
0 0.6255208333333333 0.32592592592592595 0.07604166666666666 0.13333333333333333
0 0.6442708333333333 0.1814814814814815 0.04895833333333333 0.08518518518518518
0 0.584375 0.1361111111111111 0.041666666666666664 0.06851851851851852
0 0.8291666666666667 0.14537037037037037 0.05416666666666667 0.07222222222222222
0 0.79375 0.21944444444444444 0.06666666666666667 0.09074074074074075
0 0.6484375 0.125 0.03854166666666667 0.06481481481481481
2 0.596875 0.07777777777777778 0.03958333333333333 0.08518518518518518
2 0.8895833333333333 0.20555555555555555 0.07708333333333334 0.1259259259259259
0 0.4270833333333333 0.1787037037037037 0.07083333333333333 0.07222222222222222
0 0.94375 0.3824074074074074 0.1125 0.14629629629629629
1 0.4901041666666667 0.10277777777777777 0.12604166666666666 0.1574074074074074
