0 0.728125 0.018518518518518517 0.022916666666666665 0.03333333333333333
0 0.6744791666666666 0.037037037037037035 0.019791666666666666 0.037037037037037035
0 0.684375 0.026851851851851852 0.016666666666666666 0.03148148148148148
0 0.7083333333333334 0.053703703703703705 0.025 0.037037037037037035
0 0.7489583333333333 0.07962962962962963 0.029166666666666667 0.044444444444444446
0 0.7401041666666667 0.09722222222222222 0.034375 0.05740740740740741
0 0.5697916666666667 0.07962962962962963 0.029166666666666667 0.04814814814814815
0 0.6114583333333333 0.05185185185185185 0.027083333333333334 0.037037037037037035
3 0.575 0.04351851851851852 0.03125 0.05
0 0.90625 0.1361111111111111 0.08958333333333333 0.06481481481481481
0 0.8786458333333333 0.22685185185185186 0.06770833333333333 0.10555555555555556
1 0.29583333333333334 0.6805555555555556 0.44583333333333336 0.6129629629629629
