0 0.27760416666666665 0.3814814814814815 0.06770833333333333 0.08518518518518518
0 0.7234375 0.17407407407407408 0.028125 0.040740740740740744
0 0.7291666666666666 0.2611111111111111 0.04375 0.06296296296296296
0 0.4557291666666667 0.3861111111111111 0.057291666666666664 0.09444444444444444
0 0.39114583333333336 0.31574074074074077 0.053125 0.07592592592592592
0 0.28854166666666664 0.25925925925925924 0.05416666666666667 0.06666666666666667
0 0.6822916666666666 0.3861111111111111 0.06666666666666667 0.11296296296296296
0 0.49322916666666666 0.25092592592592594 0.042708333333333334 0.06481481481481481
0 0.42239583333333336 0.23796296296296296 0.040625 0.06111111111111111
0 0.8619791666666666 0.2564814814814815 0.04895833333333333 0.05740740740740741
0 0.896875 0.3851851851851852 0.06875 0.09259259259259259
0 0.8484375 0.512962962962963 0.08645833333333333 0.12962962962962962
0 0.375 0.21944444444444444 0.0375 0.05
0 0.49583333333333335 0.19814814814814816 0.035416666666666666 0.06296296296296296
