0 0.9463541666666667 0.4 0.10729166666666666 0.14814814814814814
0 0.7411458333333333 0.325 0.109375 0.08703703703703704
0 0.6 0.27037037037037037 0.08958333333333333 0.08518518518518518
2 0.4973958333333333 0.2351851851851852 0.071875 0.07777777777777778
2 0.8296875 0.937962962962963 0.20520833333333333 0.12407407407407407
0 0.4192708333333333 0.21388888888888888 0.05520833333333333 0.05740740740740741
0 0.35989583333333336 0.1925925925925926 0.04479166666666667 0.044444444444444446
0 0.7364583333333333 0.37592592592592594 0.12916666666666668 0.1
2 0.8078125 0.7472222222222222 0.271875 0.3277777777777778
0 0.5739583333333333 0.5805555555555556 0.15833333333333333 0.1685185185185185
1 0.3807291666666667 0.30648148148148147 0.18020833333333333 0.20555555555555555
0 0.9229166666666667 0.5453703703703704 0.15416666666666667 0.19444444444444445
0 0.6291666666666667 0.5046296296296297 0.16458333333333333 0.14629629629629629
0 0.4171875 0.4638888888888889 0.11354166666666667 0.12777777777777777
2 0.8125 0.5657407407407408 0.175 0.20185185185185187
0 0.9541666666666667 0.7240740740740741 0.09166666666666666 0.16666666666666666
0 0.7546875 0.4601851851851852 0.153125 0.13148148148148148
0 0.6072916666666667 0.3861111111111111 0.12083333333333333 0.10555555555555556
0 0.28072916666666664 0.34074074074074073 0.06979166666666667 0.1
0 0.34375 0.39814814814814814 0.07708333333333334 0.1
0 0.48125 0.31851851851851853 0.06875 0.0962962962962963
0 0.28229166666666666 0.28055555555555556 0.0375 0.05740740740740741
0 0.24270833333333333 0.2611111111111111 0.041666666666666664 0.05925925925925926
0 0.19322916666666667 0.27314814814814814 0.042708333333333334 0.06111111111111111
