2 0.6651041666666667 0.2574074074074074 0.04895833333333333 0.08518518518518518
0 0.7411458333333333 0.26296296296296295 0.051041666666666666 0.07777777777777778
0 0.23072916666666668 0.39351851851851855 0.07604166666666666 0.09814814814814815
0 0.8010416666666667 0.24074074074074073 0.04583333333333333 0.06666666666666667
0 0.8036458333333333 0.17407407407407408 0.03854166666666667 0.05555555555555555
0 0.35625 0.3638888888888889 0.0625 0.09444444444444444
0 0.4625 0.33425925925925926 0.05416666666666667 0.09444444444444444
0 0.7109375 0.4203703703703704 0.071875 0.12222222222222222
0 0.42291666666666666 0.2574074074074074 0.04791666666666667 0.08148148148148149
0 0.928125 0.2916666666666667 0.0625 0.08703703703703704
0 0.9473958333333333 0.725 0.10520833333333333 0.22777777777777777
0 0.2864583333333333 0.22037037037037038 0.04375 0.07037037037037037
