0 0.3140625 0.5935185185185186 0.121875 0.22407407407407406
2 0.853125 0.8555555555555555 0.25416666666666665 0.28888888888888886
0 0.4583333333333333 0.1 0.03958333333333333 0.044444444444444446
0 0.3828125 0.11203703703703703 0.04479166666666667 0.04259259259259259
0 0.5260416666666666 0.13518518518518519 0.052083333333333336 0.05185185185185185
0 0.39114583333333336 0.15 0.04895833333333333 0.044444444444444446
0 0.4817708333333333 0.362962962962963 0.09479166666666666 0.12222222222222222
2 0.3489583333333333 0.3398148148148148 0.10208333333333333 0.18703703703703703
0 0.19947916666666668 0.2 0.04479166666666667 0.07037037037037037
0 0.2630208333333333 0.175 0.046875 0.06111111111111111
0 0.7640625 0.21481481481481482 0.09895833333333333 0.09259259259259259
