0 0.27760416666666665 0.5685185185185185 0.128125 0.1814814814814815
2 0.2765625 0.03796296296296296 0.028125 0.04259259259259259
0 0.540625 0.6453703703703704 0.16666666666666666 0.22037037037037038
0 0.2604166666666667 0.3277777777777778 0.07708333333333334 0.1111111111111111
0 0.45 0.3592592592592593 0.11875 0.14814814814814814
0 0.33125 0.04259259259259259 0.029166666666666667 0.03333333333333333
0 0.240625 0.05185185185185185 0.029166666666666667 0.040740740740740744
0 0.2833333333333333 0.09351851851851851 0.041666666666666664 0.046296296296296294
0 0.10520833333333333 0.27314814814814814 0.05416666666666667 0.09074074074074075
0 0.46041666666666664 0.11481481481481481 0.04791666666666667 0.04814814814814815
0 0.43802083333333336 0.14074074074074075 0.051041666666666666 0.04814814814814815
0 0.42916666666666664 0.175 0.06041666666666667 0.05740740740740741
0 0.5802083333333333 0.13148148148148148 0.06041666666666667 0.05185185185185185
0 0.6260416666666667 0.17962962962962964 0.075 0.05925925925925926
2 0.15260416666666668 0.09907407407407408 0.040625 0.06481481481481481
0 0.09322916666666667 0.10833333333333334 0.03229166666666667 0.046296296296296294
0 0.022395833333333334 0.3472222222222222 0.042708333333333334 0.10925925925925926
2 0.018229166666666668 0.08888888888888889 0.034375 0.07407407407407407
0 0.1078125 0.062037037037037036 0.030208333333333334 0.046296296296296294
0 0.9192708333333334 0.25925925925925924 0.09895833333333333 0.08518518518518518
0 0.8619791666666666 0.4111111111111111 0.12604166666666666 0.11481481481481481
