0 0.46458333333333335 0.18333333333333332 0.058333333333333334 0.07777777777777778
0 0.684375 0.9333333333333333 0.16041666666666668 0.13333333333333333
0 0.50625 0.20462962962962963 0.06458333333333334 0.07592592592592592
0 0.5557291666666667 0.16666666666666666 0.046875 0.07407407407407407
0 0.6776041666666667 0.27314814814814814 0.06354166666666666 0.10925925925925926
0 0.7796875 0.5222222222222223 0.121875 0.2037037037037037
0 0.7479166666666667 0.05 0.03333333333333333 0.04814814814814815
0 0.5515625 0.10092592592592593 0.036458333333333336 0.053703703703703705
0 0.8651041666666667 0.16018518518518518 0.057291666666666664 0.07222222222222222
1 0.4552083333333333 0.4703703703703704 0.17291666666666666 0.45925925925925926
