0 0.31145833333333334 0.24537037037037038 0.052083333333333336 0.07592592592592592
0 0.19635416666666666 0.6462962962962963 0.121875 0.2074074074074074
0 0.353125 0.35648148148148145 0.06041666666666667 0.09814814814814815
0 0.3796875 0.7527777777777778 0.12395833333333334 0.25
1 0.38177083333333334 0.17592592592592593 0.057291666666666664 0.14074074074074075
0 0.4427083333333333 0.2675925925925926 0.04375 0.07962962962962963
0 0.44114583333333335 0.3814814814814815 0.059375 0.10740740740740741
1 0.9145833333333333 0.5462962962962963 0.17083333333333334 0.5222222222222223
0 0.4875 0.21481481481481482 0.03958333333333333 0.08148148148148149
2 0.44947916666666665 0.16296296296296298 0.04479166666666667 0.1037037037037037
