0 0.20625 0.4722222222222222 0.08333333333333333 0.0962962962962963
0 0.7015625 0.20092592592592592 0.03229166666666667 0.053703703703703705
0 0.38958333333333334 0.5675925925925925 0.09166666666666666 0.1574074074074074
0 0.3328125 0.42314814814814816 0.071875 0.10555555555555556
0 0.23020833333333332 0.3138888888888889 0.06875 0.07962962962962963
0 0.6552083333333333 0.275 0.04791666666666667 0.09444444444444444
0 0.46510416666666665 0.325 0.051041666666666666 0.09074074074074075
0 0.3921875 0.2972222222222222 0.053125 0.09074074074074075
0 0.7994791666666666 0.1935185185185185 0.036458333333333336 0.053703703703703705
0 0.8442708333333333 0.30462962962962964 0.04895833333333333 0.06851851851851852
0 0.7765625 0.35833333333333334 0.06145833333333333 0.09074074074074075
0 0.34270833333333334 0.2657407407407407 0.04791666666666667 0.07592592592592592
0 0.4786458333333333 0.24074074074074073 0.04479166666666667 0.07407407407407407
0 0.9510416666666667 0.4648148148148148 0.09791666666666667 0.11481481481481481
2 0.9479166666666666 0.30648148148148147 0.058333333333333334 0.09814814814814815
