0 0.6046875 0.1685185185185185 0.023958333333333335 0.037037037037037035
0 0.7046875 0.1675925925925926 0.028125 0.04259259259259259
0 0.6453125 0.16296296296296298 0.028125 0.040740740740740744
2 0.6145833333333334 0.21666666666666667 0.035416666666666666 0.06296296296296296
0 0.7432291666666667 0.15925925925925927 0.028125 0.040740740740740744
2 0.20885416666666667 0.3148148148148148 0.071875 0.13703703703703704
0 0.6401041666666667 0.30925925925925923 0.04479166666666667 0.07037037037037037
0 0.37916666666666665 0.32685185185185184 0.05 0.07222222222222222
0 0.7213541666666666 0.30833333333333335 0.04895833333333333 0.07592592592592592
0 0.79375 0.30648148148148147 0.05416666666666667 0.07222222222222222
2 0.2786458333333333 0.25092592592592594 0.05520833333333333 0.10555555555555556
0 0.8416666666666667 0.25555555555555554 0.04791666666666667 0.05925925925925926
0 0.6682291666666667 0.45925925925925926 0.071875 0.1259259259259259
0 0.40729166666666666 0.1935185185185185 0.03125 0.046296296296296294
0 0.365625 0.18703703703703703 0.029166666666666667 0.040740740740740744
