0 0.30416666666666664 0.38055555555555554 0.09791666666666667 0.15
0 0.6161458333333333 0.9212962962962963 0.159375 0.1574074074074074
0 0.5848958333333333 0.35185185185185186 0.07604166666666666 0.15555555555555556
0 0.7536458333333333 0.008333333333333333 0.040625 0.012962962962962963
0 0.24114583333333334 0.2601851851851852 0.09270833333333334 0.12407407407407407
0 0.5109375 0.10092592592592593 0.04479166666666667 0.06481481481481481
0 0.6505208333333333 0.10925925925925926 0.04895833333333333 0.07407407407407407
0 0.5869791666666667 0.049074074074074076 0.03854166666666667 0.06481481481481481
0 0.44427083333333334 0.062037037037037036 0.04479166666666667 0.06481481481481481
0 0.8401041666666667 0.11018518518518519 0.07604166666666666 0.07592592592592592
0 0.4817708333333333 0.019444444444444445 0.036458333333333336 0.03518518518518519
0 0.5453125 0.017592592592592594 0.03229166666666667 0.03148148148148148
0 0.9614583333333333 0.16111111111111112 0.07708333333333334 0.1
