0 0.46510416666666665 0.5166666666666667 0.11979166666666667 0.16296296296296298
0 0.5901041666666667 0.4444444444444444 0.121875 0.14814814814814814
0 0.471875 0.11944444444444445 0.05 0.05740740740740741
0 0.26927083333333335 0.28055555555555556 0.06770833333333333 0.09814814814814815
0 0.3255208333333333 0.2361111111111111 0.06145833333333333 0.07962962962962963
0 0.059895833333333336 0.28888888888888886 0.051041666666666666 0.08888888888888889
0 0.15625 0.26481481481481484 0.052083333333333336 0.08518518518518518
0 0.6151041666666667 0.18425925925925926 0.07604166666666666 0.07962962962962963
0 0.6708333333333333 0.3 0.08541666666666667 0.08518518518518518
0 0.7885416666666667 0.20277777777777778 0.08541666666666667 0.07222222222222222
0 0.0484375 0.1814814814814815 0.034375 0.05555555555555555
0 0.21822916666666667 0.14814814814814814 0.03854166666666667 0.05925925925925926
