0 0.6223958333333334 0.1712962962962963 0.034375 0.05
0 0.7270833333333333 0.1814814814814815 0.03125 0.04814814814814815
0 0.6536458333333334 0.27037037037037037 0.042708333333333334 0.06666666666666667
0 0.7338541666666667 0.2898148148148148 0.053125 0.07962962962962963
0 0.28541666666666665 0.4185185185185185 0.06666666666666667 0.1
0 0.3885416666666667 0.33796296296296297 0.05625 0.09074074074074075
2 0.46510416666666665 0.3787037037037037 0.057291666666666664 0.11666666666666667
0 0.8302083333333333 0.2064814814814815 0.03958333333333333 0.05
0 0.7770833333333333 0.24351851851851852 0.05 0.06851851851851852
0 0.5020833333333333 0.24351851851851852 0.035416666666666666 0.06111111111111111
0 0.8635416666666667 0.3712962962962963 0.06875 0.08703703703703704
0 0.3927083333333333 0.2212962962962963 0.03333333333333333 0.05740740740740741
0 0.8109375 0.8907407407407407 0.140625 0.21851851851851853
