0 0.6286458333333333 0.10092592592592593 0.03229166666666667 0.05740740740740741
0 0.73125 0.1685185185185185 0.04791666666666667 0.06666666666666667
0 0.7505208333333333 0.3490740740740741 0.084375 0.11296296296296296
2 0.6364583333333333 0.375 0.08541666666666667 0.1685185185185185
0 0.8494791666666667 0.5555555555555556 0.146875 0.21481481481481482
0 0.28958333333333336 0.5805555555555556 0.12083333333333333 0.19074074074074074
2 0.13541666666666666 0.5592592592592592 0.15625 0.31851851851851853
0 0.3953125 0.36944444444444446 0.06979166666666667 0.12407407407407407
0 0.5046875 0.3472222222222222 0.065625 0.11666666666666667
0 0.409375 0.25555555555555554 0.05416666666666667 0.08148148148148149
0 0.509375 0.1787037037037037 0.0375 0.06111111111111111
0 0.46197916666666666 0.15 0.034375 0.06296296296296296
2 0.5177083333333333 0.13148148148148148 0.035416666666666666 0.06666666666666667
0 0.4317708333333333 0.12222222222222222 0.028125 0.04814814814814815
0 0.4510416666666667 0.09259259259259259 0.025 0.040740740740740744
