0 0.6348958333333333 0.387037037037037 0.07604166666666666 0.14444444444444443
0 0.7401041666666667 0.6833333333333333 0.165625 0.26296296296296295
0 0.7703125 0.06574074074074074 0.036458333333333336 0.046296296296296294
0 0.7255208333333333 0.2712962962962963 0.071875 0.10925925925925926
0 0.6177083333333333 0.17592592592592593 0.04791666666666667 0.07777777777777778
0 0.8052083333333333 0.08703703703703704 0.041666666666666664 0.05555555555555555
0 0.7088541666666667 0.05185185185185185 0.028125 0.04814814814814815
0 0.8020833333333334 0.040740740740740744 0.03333333333333333 0.044444444444444446
0 0.6015625 0.1175925925925926 0.03854166666666667 0.06111111111111111
0 0.6828125 0.14537037037037037 0.042708333333333334 0.06851851851851852
0 0.7479166666666667 0.10555555555555556 0.041666666666666664 0.05925925925925926
0 0.8895833333333333 0.11666666666666667 0.04791666666666667 0.05555555555555555
0 0.8911458333333333 0.17777777777777778 0.06145833333333333 0.07407407407407407
2 0.5973958333333333 0.07407407407407407 0.026041666666666668 0.05185185185185185
0 0.9265625 0.24259259259259258 0.065625 0.09259259259259259
0 0.5942708333333333 0.04814814814814815 0.019791666666666666 0.03333333333333333
1 0.5192708333333333 0.20092592592592592 0.090625 0.21296296296296297
