0 0.21875 0.05277777777777778 0.027083333333333334 0.04259259259259259
0 0.2557291666666667 0.0712962962962963 0.030208333333333334 0.03518518518518519
0 0.19270833333333334 0.06574074074074074 0.022916666666666665 0.03148148148148148
0 0.20677083333333332 0.4425925925925926 0.08854166666666667 0.13333333333333333
0 0.5203125 0.45 0.11354166666666667 0.14074074074074075
0 0.31302083333333336 0.09722222222222222 0.034375 0.03888888888888889
0 0.35520833333333335 0.08796296296296297 0.0375 0.03518518518518519
0 0.30104166666666665 0.11296296296296296 0.041666666666666664 0.040740740740740744
0 0.359375 0.15092592592592594 0.04791666666666667 0.04259259259259259
0 0.17135416666666667 0.2037037037037037 0.051041666666666666 0.06666666666666667
2 0.06979166666666667 0.175 0.03958333333333333 0.07592592592592592
2 0.4739583333333333 0.12962962962962962 0.058333333333333334 0.06666666666666667
0 0.5286458333333334 0.1259259259259259 0.053125 0.05555555555555555
0 0.1 0.125 0.03125 0.046296296296296294
2 0.6567708333333333 0.2074074074074074 0.084375 0.08518518518518518
0 0.07447916666666667 0.10092592592592593 0.030208333333333334 0.03888888888888889
2 0.775 0.2064814814814815 0.09583333333333334 0.08703703703703704
0 0.7692708333333333 0.30462962962962964 0.11145833333333334 0.09814814814814815
0 0.0125 0.21851851851851853 0.022916666666666665 0.08148148148148149
