0 0.10677083333333333 0.6398148148148148 0.165625 0.20925925925925926
0 0.959375 0.22777777777777777 0.03958333333333333 0.06296296296296296
0 0.8848958333333333 0.17685185185185184 0.034375 0.05740740740740741
2 0.803125 0.21296296296296297 0.03958333333333333 0.07037037037037037
2 0.08385416666666666 0.4203703703703704 0.096875 0.11481481481481481
0 0.28229166666666666 0.35185185185185186 0.10833333333333334 0.0962962962962963
0 0.8947916666666667 0.32222222222222224 0.052083333333333336 0.0962962962962963
0 0.571875 0.23148148148148148 0.06041666666666667 0.07037037037037037
0 0.6953125 0.4583333333333333 0.09270833333333334 0.1388888888888889
1 0.7192708333333333 0.7148148148148148 0.2864583333333333 0.5703703703703704
0 0.6088541666666667 0.1638888888888889 0.042708333333333334 0.046296296296296294
2 0.2875 0.862037037037037 0.18958333333333333 0.2759259259259259
