0 0.1375 0.5833333333333334 0.10208333333333333 0.14444444444444443
0 0.165625 0.7388888888888889 0.13958333333333334 0.24074074074074073
0 0.6234375 0.18888888888888888 0.028125 0.044444444444444446
0 0.4479166666666667 0.41944444444444445 0.0625 0.10185185185185185
2 0.359375 0.36944444444444446 0.075 0.17222222222222222
2 0.3609375 0.2574074074074074 0.03854166666666667 0.07037037037037037
2 0.4109375 0.30185185185185187 0.042708333333333334 0.08888888888888889
0 0.4984375 0.26666666666666666 0.03854166666666667 0.06296296296296296
0 0.43125 0.25 0.035416666666666666 0.05555555555555555
0 0.409375 0.19907407407407407 0.03125 0.053703703703703705
0 0.3572916666666667 0.19166666666666668 0.029166666666666667 0.053703703703703705
2 0.7385416666666667 0.6777777777777778 0.11875 0.2518518518518518
0 0.5192708333333333 0.18981481481481483 0.028125 0.046296296296296294
0 0.4713541666666667 0.18888888888888888 0.026041666666666668 0.040740740740740744
