0 0.7473958333333334 0.37777777777777777 0.090625 0.1259259259259259
0 0.7015625 0.2518518518518518 0.059375 0.07407407407407407
0 0.6520833333333333 0.1638888888888889 0.0375 0.06111111111111111
0 0.70625 0.14722222222222223 0.0375 0.05
0 0.6333333333333333 0.10092592592592593 0.03125 0.053703703703703705
2 0.9328125 0.775 0.134375 0.3351851851851852
0 0.3729166666666667 0.85 0.15208333333333332 0.25555555555555554
0 0.49895833333333334 0.46296296296296297 0.08541666666666667 0.16296296296296298
0 0.45 0.33240740740740743 0.06458333333333334 0.10555555555555556
0 0.428125 0.25277777777777777 0.052083333333333336 0.09074074074074075
0 0.3328125 0.28425925925925927 0.051041666666666666 0.07962962962962963
0 0.421875 0.2064814814814815 0.0375 0.06481481481481481
0 0.46979166666666666 0.14629629629629629 0.03125 0.05185185185185185
