0 0.059375 0.7314814814814815 0.11666666666666667 0.18518518518518517
2 0.6338541666666667 0.22037037037037038 0.028125 0.06296296296296296
0 0.6953125 0.21666666666666667 0.036458333333333336 0.04814814814814815
0 0.7375 0.1935185185185185 0.03333333333333333 0.046296296296296294
2 0.28229166666666666 0.524074074074074 0.11666666666666667 0.24444444444444444
0 0.7083333333333334 0.2537037037037037 0.03958333333333333 0.05555555555555555
0 0.7770833333333333 0.17962962962962964 0.03125 0.04814814814814815
0 0.7802083333333333 0.2537037037037037 0.03958333333333333 0.05555555555555555
0 0.65625 0.337037037037037 0.05 0.08888888888888889
0 0.4739583333333333 0.34444444444444444 0.052083333333333336 0.0962962962962963
0 0.41041666666666665 0.3388888888888889 0.04791666666666667 0.08518518518518518
0 0.3260416666666667 0.3138888888888889 0.052083333333333336 0.07222222222222222
0 0.4328125 0.28888888888888886 0.042708333333333334 0.06296296296296296
0 0.39479166666666665 0.23981481481481481 0.03333333333333333 0.05
0 0.36822916666666666 0.21481481481481482 0.03229166666666667 0.04814814814814815
0 0.8390625 0.24537037037037038 0.03854166666666667 0.05740740740740741
0 0.5192708333333333 0.2361111111111111 0.03229166666666667 0.05740740740740741
2 0.475 0.19444444444444445 0.025 0.05185185185185185
0 0.9484375 0.35 0.06770833333333333 0.08148148148148149
0 0.9375 0.4537037037037037 0.0875 0.1111111111111111
0 0.7828125 0.8092592592592592 0.11979166666666667 0.1925925925925926
0 0.5255208333333333 0.1925925925925926 0.028125 0.040740740740740744
0 0.3734375 0.6787037037037037 0.109375 0.20185185185185187
