0 0.59375 0.2962962962962963 0.06458333333333334 0.13333333333333333
0 0.7645833333333333 0.4638888888888889 0.11041666666666666 0.20555555555555555
0 0.7166666666666667 0.09074074074074075 0.029166666666666667 0.03333333333333333
0 0.5984375 0.18518518518518517 0.04479166666666667 0.07407407407407407
0 0.6723958333333333 0.2111111111111111 0.04479166666666667 0.08888888888888889
0 0.7036458333333333 0.12962962962962962 0.040625 0.05185185185185185
0 0.5296875 0.08796296296296297 0.023958333333333335 0.04259259259259259
0 0.5776041666666667 0.10277777777777777 0.034375 0.04259259259259259
0 0.8380208333333333 0.21851851851851853 0.057291666666666664 0.07777777777777778
0 0.9541666666666667 0.24259259259259258 0.09166666666666666 0.1037037037037037
0 0.5776041666666667 0.06666666666666667 0.023958333333333335 0.03333333333333333
