0 0.6598958333333333 0.6324074074074074 0.128125 0.24259259259259258
0 0.6515625 0.36944444444444446 0.09270833333333334 0.17962962962962964
0 0.8354166666666667 0.5009259259259259 0.13125 0.18703703703703703
0 0.6109375 0.19537037037037036 0.053125 0.09074074074074075
0 0.775 0.04814814814814815 0.03333333333333333 0.05185185185185185
0 0.8057291666666667 0.03796296296296296 0.030208333333333334 0.04259259259259259
0 0.7161458333333334 0.20925925925925926 0.057291666666666664 0.1
2 0.5916666666666667 0.12685185185185185 0.0375 0.08703703703703704
0 0.8291666666666667 0.07407407407407407 0.03958333333333333 0.05555555555555555
0 0.6239583333333333 0.10555555555555556 0.035416666666666666 0.06296296296296296
0 0.7916666666666666 0.11018518518518519 0.04375 0.06481481481481481
0 0.6041666666666666 0.062037037037037036 0.03125 0.05
0 0.9265625 0.13703703703703704 0.059375 0.06666666666666667
0 0.9270833333333334 0.1962962962962963 0.075 0.08518518518518518
0 0.9255208333333333 0.2675925925925926 0.08020833333333334 0.10925925925925926
1 0.38697916666666665 0.8064814814814815 0.35520833333333335 0.3574074074074074
