0 0.9135416666666667 0.16666666666666666 0.0375 0.06666666666666667
0 0.15364583333333334 0.5111111111111111 0.14895833333333333 0.15555555555555556
0 0.07864583333333333 0.6953703703703704 0.12604166666666666 0.1648148148148148
0 0.2994791666666667 0.3314814814814815 0.096875 0.1
0 0.8744791666666667 0.2796296296296296 0.04895833333333333 0.08888888888888889
0 0.4317708333333333 0.28425925925925927 0.078125 0.08333333333333333
0 0.5177083333333333 0.27314814814814814 0.07916666666666666 0.10185185185185185
0 0.7307291666666667 0.3814814814814815 0.08645833333333333 0.13333333333333333
0 0.3854166666666667 0.23796296296296296 0.06875 0.07222222222222222
0 0.6130208333333333 0.40185185185185185 0.09270833333333334 0.12962962962962962
2 0.7692708333333333 0.7175925925925926 0.115625 0.26851851851851855
2 0.9739583333333334 0.6592592592592592 0.052083333333333336 0.2518518518518518
0 0.609375 0.16203703703703703 0.04583333333333333 0.053703703703703705
