0 0.215625 0.7037037037037037 0.13333333333333333 0.22962962962962963
1 0.051041666666666666 0.6287037037037037 0.1 0.4203703703703704
0 0.31145833333333334 0.24722222222222223 0.052083333333333336 0.07592592592592592
0 0.37135416666666665 0.2712962962962963 0.051041666666666666 0.08703703703703704
0 0.32760416666666664 0.44814814814814813 0.08645833333333333 0.12962962962962962
0 0.45989583333333334 0.4009259259259259 0.06770833333333333 0.11296296296296296
0 0.38697916666666665 0.2388888888888889 0.036458333333333336 0.07037037037037037
0 0.4666666666666667 0.29444444444444445 0.052083333333333336 0.08148148148148149
0 0.4244791666666667 0.1962962962962963 0.034375 0.05925925925925926
0 0.484375 0.20833333333333334 0.041666666666666664 0.06481481481481481
1 0.38697916666666665 0.1398148148148148 0.057291666666666664 0.11666666666666667
0 0.4453125 0.15462962962962962 0.030208333333333334 0.05
0 0.48541666666666666 0.16203703703703703 0.03125 0.046296296296296294
