0 0.6338541666666667 0.13055555555555556 0.030208333333333334 0.05
2 0.6588541666666666 0.15555555555555556 0.040625 0.07777777777777778
0 0.7140625 0.2611111111111111 0.053125 0.08888888888888889
0 0.7880208333333333 0.7685185185185185 0.16354166666666667 0.26666666666666666
0 0.12395833333333334 0.6925925925925925 0.13125 0.21481481481481482
0 0.3729166666666667 0.40370370370370373 0.075 0.12222222222222222
0 0.33489583333333334 0.3212962962962963 0.06979166666666667 0.09444444444444444
0 0.43333333333333335 0.25462962962962965 0.05 0.08333333333333333
0 0.46197916666666666 0.7092592592592593 0.13020833333333334 0.27037037037037037
0 0.39114583333333336 0.20925925925925926 0.042708333333333334 0.06666666666666667
0 0.46458333333333335 0.1648148148148148 0.035416666666666666 0.05555555555555555
0 0.5171875 0.20185185185185187 0.042708333333333334 0.07037037037037037
2 0.42916666666666664 0.13240740740740742 0.041666666666666664 0.08703703703703704
0 0.48541666666666666 0.12129629629629629 0.029166666666666667 0.046296296296296294
