0 0.22916666666666666 0.053703703703703705 0.03125 0.044444444444444446
0 0.459375 0.40370370370370373 0.11458333333333333 0.14074074074074075
0 0.25729166666666664 0.21388888888888888 0.06458333333333334 0.07592592592592592
0 0.3885416666666667 0.08888888888888889 0.04583333333333333 0.044444444444444446
0 0.2838541666666667 0.09907407407407408 0.04479166666666667 0.05
0 0.4640625 0.09722222222222222 0.04479166666666667 0.05
0 0.1265625 0.1675925925925926 0.04895833333333333 0.07592592592592592
0 0.5791666666666667 0.13703703703703704 0.05625 0.05555555555555555
2 0.6640625 0.19444444444444445 0.07395833333333333 0.08888888888888889
0 0.05 0.07962962962962963 0.03125 0.05185185185185185
0 0.096875 0.06851851851851852 0.029166666666666667 0.040740740740740744
0 0.8796875 0.3592592592592593 0.12604166666666666 0.1111111111111111
