0 0.48385416666666664 0.14166666666666666 0.030208333333333334 0.06111111111111111
0 0.6505208333333333 0.5546296296296296 0.10729166666666666 0.20555555555555555
0 0.5927083333333333 0.27314814814814814 0.05416666666666667 0.10185185185185185
0 0.5744791666666667 0.15462962962962962 0.040625 0.06111111111111111
0 0.6453125 0.15555555555555556 0.040625 0.06296296296296296
2 0.5104166666666666 0.1574074074074074 0.05625 0.08518518518518518
0 0.5588541666666667 0.08425925925925926 0.028125 0.046296296296296294
0 0.7802083333333333 0.2175925925925926 0.06458333333333334 0.09074074074074075
0 0.9479166666666666 0.28425925925925927 0.08333333333333333 0.10555555555555556
0 0.5572916666666666 0.049074074074074076 0.022916666666666665 0.03518518518518519
0 0.5854166666666667 0.044444444444444446 0.027083333333333334 0.02962962962962963
1 0.4552083333333333 0.48148148148148145 0.16041666666666668 0.5074074074074074
