0 0.3541666666666667 0.8092592592592592 0.12916666666666668 0.22592592592592592
0 0.052083333333333336 0.7092592592592593 0.10208333333333333 0.18888888888888888
0 0.17916666666666667 0.7453703703703703 0.13125 0.20185185185185187
0 0.6276041666666666 0.18981481481481483 0.028125 0.05
0 0.6895833333333333 0.2101851851851852 0.035416666666666666 0.05740740740740741
0 0.4421875 0.4527777777777778 0.06145833333333333 0.10555555555555556
0 0.653125 0.2972222222222222 0.04791666666666667 0.08333333333333333
0 0.7697916666666667 0.2388888888888889 0.0375 0.05925925925925926
0 0.46510416666666665 0.32407407407407407 0.04479166666666667 0.07407407407407407
3 0.37604166666666666 0.33796296296296297 0.06458333333333334 0.1648148148148148
0 0.30104166666666665 0.3296296296296296 0.05625 0.08518518518518518
0 0.8239583333333333 0.2324074074074074 0.041666666666666664 0.053703703703703705
0 0.31145833333333334 0.2490740740740741 0.03958333333333333 0.053703703703703705
0 0.390625 0.2361111111111111 0.0375 0.05
0 0.3692708333333333 0.1962962962962963 0.030208333333333334 0.044444444444444446
0 0.7505208333333333 0.7768518518518519 0.115625 0.18703703703703703
