0 0.9609375 0.17962962962962964 0.036458333333333336 0.05925925925925926
0 0.7479166666666667 0.1962962962962963 0.04375 0.05925925925925926
0 0.1921875 0.4685185185185185 0.13229166666666667 0.12962962962962962
0 0.18958333333333333 0.4074074074074074 0.11875 0.11481481481481481
0 0.11979166666666667 0.38796296296296295 0.1125 0.11666666666666667
0 0.4083333333333333 0.36203703703703705 0.09375 0.10925925925925926
0 0.96875 0.31851851851851853 0.0625 0.08888888888888889
0 0.8645833333333334 0.275 0.04791666666666667 0.08333333333333333
2 0.753125 0.3175925925925926 0.06041666666666667 0.10185185185185185
2 0.3260416666666667 0.26851851851851855 0.058333333333333334 0.07777777777777778
0 0.45625 0.24074074074074073 0.06875 0.07037037037037037
0 0.8973958333333333 0.5564814814814815 0.08854166666666667 0.17592592592592593
0 0.6520833333333333 0.16574074074074074 0.041666666666666664 0.053703703703703705
