2 0.16979166666666667 0.3712962962962963 0.11458333333333333 0.12407407407407407
0 0.8104166666666667 0.28888888888888886 0.0875 0.1037037037037037
0 0.17864583333333334 0.4583333333333333 0.109375 0.09444444444444444
0 0.3098958333333333 0.40555555555555556 0.103125 0.1
0 0.8515625 0.3638888888888889 0.10729166666666666 0.11666666666666667
0 0.4625 0.24537037037037038 0.06666666666666667 0.06481481481481481
0 0.51875 0.26944444444444443 0.075 0.06851851851851852
0 0.24427083333333333 0.7675925925925926 0.23645833333333333 0.2462962962962963
0 0.5020833333333333 0.775 0.2125 0.23148148148148148
0 0.421875 0.44814814814814813 0.075 0.04814814814814815
