0 0.140625 0.524074074074074 0.10208333333333333 0.12962962962962962
0 0.6234375 0.1824074074074074 0.028125 0.04259259259259259
0 0.7229166666666667 0.1712962962962963 0.027083333333333334 0.04259259259259259
0 0.6786458333333333 0.17962962962962964 0.028125 0.044444444444444446
0 0.2890625 0.5324074074074074 0.09270833333333334 0.15
0 0.3859375 0.37037037037037035 0.053125 0.08518518518518518
0 0.43854166666666666 0.45925925925925926 0.07291666666666667 0.1111111111111111
0 0.65625 0.2740740740740741 0.04375 0.06296296296296296
2 0.7171875 0.26481481481481484 0.046875 0.08888888888888889
0 0.7989583333333333 0.20092592592592592 0.035416666666666666 0.05
2 0.6802083333333333 0.3907407407407407 0.06458333333333334 0.11851851851851852
0 0.5072916666666667 0.2518518518518518 0.0375 0.05925925925925926
0 0.4479166666666667 0.2361111111111111 0.03333333333333333 0.05
0 0.8510416666666667 0.35 0.06458333333333334 0.08148148148148149
2 0.41041666666666665 0.19444444444444445 0.03125 0.05555555555555555
0 0.7572916666666667 0.799074074074074 0.12708333333333333 0.20185185185185187
2 0.925 0.6601851851851852 0.15 0.21296296296296297
