1 0.93125 0.2740740740740741 0.1375 0.337037037037037
0 0.8505208333333333 0.2388888888888889 0.071875 0.1037037037037037
0 0.90625 0.2638888888888889 0.1 0.1574074074074074
0 0.11302083333333333 0.48055555555555557 0.096875 0.08333333333333333
0 0.2869791666666667 0.3296296296296296 0.08229166666666667 0.06296296296296296
0 0.28854166666666664 0.40370370370370373 0.09583333333333334 0.09259259259259259
2 0.4578125 0.29907407407407405 0.07395833333333333 0.07962962962962963
0 0.5598958333333334 0.5037037037037037 0.159375 0.14814814814814814
0 0.6296875 0.2796296296296296 0.065625 0.06296296296296296
0 0.6348958333333333 0.6064814814814815 0.146875 0.1537037037037037
0 0.6458333333333334 0.17407407407407408 0.05625 0.06296296296296296
