0 0.5901041666666667 0.6824074074074075 0.13854166666666667 0.2796296296296296
0 0.48489583333333336 0.10648148148148148 0.026041666666666668 0.046296296296296294
2 0.5786458333333333 0.13703703703703704 0.03229166666666667 0.05185185185185185
0 0.5734375 0.10092592592592593 0.028125 0.05
0 0.6411458333333333 0.1388888888888889 0.03854166666666667 0.06296296296296296
0 0.6192708333333333 0.08703703703703704 0.034375 0.05555555555555555
0 0.8645833333333334 0.16666666666666666 0.05416666666666667 0.07407407407407407
0 0.6572916666666667 0.05 0.022916666666666665 0.03333333333333333
2 0.6994791666666667 0.05277777777777778 0.026041666666666668 0.04259259259259259
0 0.5546875 0.0712962962962963 0.026041666666666668 0.03888888888888889
1 0.5140625 0.1675925925925926 0.08854166666666667 0.17962962962962964
