0 0.8385416666666666 0.32222222222222224 0.10833333333333334 0.11851851851851852
0 0.06354166666666666 0.5592592592592592 0.09166666666666666 0.1111111111111111
0 0.8354166666666667 0.4324074074074074 0.125 0.13518518518518519
0 0.4010416666666667 0.3509259259259259 0.0875 0.08333333333333333
2 0.7072916666666667 0.19444444444444445 0.05416666666666667 0.07407407407407407
2 0.559375 0.46574074074074073 0.16875 0.19444444444444445
0 0.4114583333333333 0.8055555555555556 0.22916666666666666 0.24814814814814815
0 0.6713541666666667 0.15462962962962962 0.053125 0.046296296296296294
0 0.61875 0.13333333333333333 0.05625 0.05925925925925926
0 0.2869791666666667 0.5398148148148149 0.06979166666666667 0.06481481481481481
