0 0.13072916666666667 0.7935185185185185 0.171875 0.30185185185185187
0 0.28072916666666664 0.8916666666666667 0.15520833333333334 0.19074074074074074
2 0.03229166666666667 0.5194444444444445 0.0625 0.17222222222222222
1 0.7197916666666667 0.16018518518518518 0.06875 0.1388888888888889
1 0.3359375 0.21944444444444444 0.096875 0.16111111111111112
0 0.7864583333333334 0.2 0.0375 0.05555555555555555
1 0.2598958333333333 0.21851851851851853 0.078125 0.13703703703703704
0 0.39791666666666664 0.2740740740740741 0.03958333333333333 0.07777777777777778
2 0.4890625 0.22962962962962963 0.042708333333333334 0.0962962962962963
0 0.9541666666666667 0.4527777777777778 0.09166666666666666 0.13518518518518519
0 0.9510416666666667 0.8435185185185186 0.09791666666666667 0.21296296296296297
