0 0.3390625 0.2518518518518518 0.046875 0.07037037037037037
0 0.6276041666666666 0.10740740740740741 0.026041666666666668 0.040740740740740744
0 0.6729166666666667 0.11851851851851852 0.027083333333333334 0.04814814814814815
0 0.65 0.14814814814814814 0.0375 0.06296296296296296
0 0.48489583333333336 0.35185185185185186 0.06354166666666666 0.10740740740740741
0 0.7052083333333333 0.15648148148148147 0.03958333333333333 0.05740740740740741
0 0.35625 0.44814814814814813 0.08541666666666667 0.12962962962962962
0 0.45989583333333334 0.17407407407407408 0.03854166666666667 0.07037037037037037
0 0.5182291666666666 0.25277777777777777 0.04895833333333333 0.07222222222222222
0 0.6895833333333333 0.2490740740740741 0.052083333333333336 0.07962962962962963
0 0.7755208333333333 0.2490740740740741 0.059375 0.08333333333333333
0 0.5151041666666667 0.17592592592592593 0.036458333333333336 0.05925925925925926
0 0.44583333333333336 0.14814814814814814 0.027083333333333334 0.04814814814814815
0 0.4828125 0.11666666666666667 0.026041666666666668 0.037037037037037035
0 0.8432291666666667 0.5324074074074074 0.11354166666666667 0.16111111111111112
