0 0.7901041666666667 0.13425925925925927 0.03229166666666667 0.046296296296296294
0 0.7322916666666667 0.1361111111111111 0.03333333333333333 0.046296296296296294
0 0.5927083333333333 0.687037037037037 0.1125 0.22962962962962963
0 0.6151041666666667 0.36944444444444446 0.06354166666666666 0.11666666666666667
0 0.6151041666666667 0.28425925925925927 0.05520833333333333 0.08703703703703704
0 0.9104166666666667 0.22314814814814815 0.052083333333333336 0.06851851851851852
0 0.6338541666666667 0.18796296296296297 0.03854166666666667 0.06111111111111111
0 0.5760416666666667 0.13518518518518519 0.029166666666666667 0.05185185185185185
0 0.53125 0.13055555555555556 0.027083333333333334 0.05
0 0.625 0.12222222222222222 0.029166666666666667 0.044444444444444446
1 0.7541666666666667 0.08055555555555556 0.05416666666666667 0.08333333333333333
1 0.84375 0.12222222222222222 0.09166666666666666 0.15555555555555556
