0 0.025520833333333333 0.7685185185185185 0.04895833333333333 0.21481481481481482
3 0.0828125 0.7861111111111111 0.16354166666666667 0.42777777777777776
0 0.384375 0.11851851851851852 0.06041666666666667 0.1
1 0.9145833333333333 0.1648148148148148 0.17083333333333334 0.32592592592592595
0 0.3890625 0.2851851851851852 0.08645833333333333 0.17037037037037037
0 0.37395833333333334 0.8046296296296296 0.20208333333333334 0.3907407407407407
0 0.6984375 0.04351851851851852 0.06354166666666666 0.08333333333333333
0 0.6401041666666667 0.1175925925925926 0.071875 0.10925925925925926
2 0.9161458333333333 0.5064814814814815 0.16770833333333332 0.3277777777777778
0 0.7359375 0.6212962962962963 0.146875 0.29814814814814816
