0 0.759375 0.12222222222222222 0.029166666666666667 0.044444444444444446
0 0.4734375 0.5009259259259259 0.10520833333333333 0.1537037037037037
0 0.48802083333333335 0.3574074074074074 0.06979166666666667 0.1
0 0.6546875 0.5203703703703704 0.09895833333333333 0.1925925925925926
0 0.5765625 0.25925925925925924 0.046875 0.07407407407407407
0 0.6036458333333333 0.1787037037037037 0.034375 0.05740740740740741
0 0.8151041666666666 0.2388888888888889 0.053125 0.07407407407407407
0 0.646875 0.1537037037037037 0.03125 0.04814814814814815
0 0.5901041666666667 0.1537037037037037 0.030208333333333334 0.04814814814814815
1 0.4979166666666667 0.18333333333333332 0.12708333333333333 0.15925925925925927
