0 0.4890625 0.11944444444444445 0.03229166666666667 0.053703703703703705
0 0.5739583333333333 0.5138888888888888 0.1125 0.19444444444444445
1 0.5244791666666667 0.14907407407407408 0.07604166666666666 0.16111111111111112
0 0.575 0.1259259259259259 0.03333333333333333 0.04814814814814815
0 0.66875 0.06851851851851852 0.027083333333333334 0.040740740740740744
0 0.7125 0.07037037037037037 0.03125 0.05185185185185185
0 0.6317708333333333 0.11574074074074074 0.036458333333333336 0.06111111111111111
0 0.6135416666666667 0.075 0.03125 0.05
0 0.5734375 0.09537037037037037 0.028125 0.05
0 0.9109375 0.20185185185185187 0.06770833333333333 0.08148148148148149
