0 0.27760416666666665 0.24351851851851852 0.06979166666666667 0.06851851851851852
0 0.19583333333333333 0.24722222222222223 0.08125 0.07592592592592592
0 0.43854166666666666 0.24722222222222223 0.08541666666666667 0.07592592592592592
0 0.27239583333333334 0.6129629629629629 0.178125 0.18888888888888888
0 0.46145833333333336 0.37037037037037035 0.11041666666666666 0.08518518518518518
0 0.59375 0.3277777777777778 0.12291666666666666 0.08148148148148149
0 0.125 0.3925925925925926 0.10833333333333334 0.10740740740740741
0 0.6578125 0.40370370370370373 0.140625 0.10740740740740741
0 0.7375 0.3277777777777778 0.1375 0.1
0 0.0484375 0.6055555555555555 0.09479166666666666 0.2222222222222222
