0 0.30104166666666665 0.8527777777777777 0.1875 0.29444444444444445
0 0.2703125 0.40185185185185185 0.10520833333333333 0.16296296296296298
0 0.40260416666666665 0.1648148148148148 0.06145833333333333 0.08518518518518518
0 0.6151041666666667 0.2759259259259259 0.06979166666666667 0.12962962962962962
0 0.5932291666666667 0.12037037037037036 0.046875 0.07407407407407407
0 0.8765625 0.016666666666666666 0.051041666666666666 0.02962962962962963
0 0.825 0.07962962962962963 0.05416666666666667 0.07037037037037037
0 0.3770833333333333 0.06759259259259259 0.052083333333333336 0.06481481481481481
0 0.5270833333333333 0.023148148148148147 0.03333333333333333 0.04259259259259259
0 0.6375 0.016666666666666666 0.03333333333333333 0.02962962962962963
0 0.5875 0.009259259259259259 0.029166666666666667 0.014814814814814815
