0 0.4734375 0.18611111111111112 0.05520833333333333 0.07962962962962963
2 0.37604166666666666 0.7888888888888889 0.23333333333333334 0.4222222222222222
0 0.47239583333333335 0.15833333333333333 0.09270833333333334 0.07222222222222222
0 0.46510416666666665 0.5333333333333333 0.11770833333333333 0.2
0 0.5833333333333334 0.15555555555555556 0.04791666666666667 0.08888888888888889
0 0.6380208333333334 0.23148148148148148 0.06145833333333333 0.1111111111111111
0 0.65625 0.12777777777777777 0.04375 0.07777777777777778
0 0.9479166666666666 0.2759259259259259 0.10416666666666667 0.13703703703703704
0 0.9505208333333334 0.6055555555555555 0.09895833333333333 0.22962962962962963
1 0.4921875 0.09351851851851851 0.12604166666666666 0.1537037037037037
