0 0.7666666666666667 0.2601851851851852 0.03958333333333333 0.053703703703703705
0 0.1390625 0.5583333333333333 0.140625 0.1388888888888889
0 0.3703125 0.48055555555555557 0.11979166666666667 0.12037037037037036
0 0.14895833333333333 0.4287037037037037 0.09791666666666667 0.10185185185185185
2 0.7859375 0.3425925925925926 0.046875 0.07407407407407407
0 0.5447916666666667 0.32407407407407407 0.06875 0.07777777777777778
2 0.45416666666666666 0.3351851851851852 0.06875 0.0962962962962963
0 0.9734375 0.4685185185185185 0.053125 0.10740740740740741
0 0.5463541666666667 0.5851851851851851 0.121875 0.15185185185185185
0 0.5255208333333333 0.2462962962962963 0.051041666666666666 0.06296296296296296
