0 0.30052083333333335 0.23703703703703705 0.04479166666666667 0.09259259259259259
1 0.07604166666666666 0.5925925925925926 0.15 0.5
1 0.9140625 0.5333333333333333 0.171875 0.5148148148148148
0 0.275 0.32037037037037036 0.0625 0.1111111111111111
0 0.33541666666666664 0.7694444444444445 0.15208333333333332 0.2759259259259259
0 0.37083333333333335 0.2611111111111111 0.058333333333333334 0.09259259259259259
0 0.36666666666666664 0.3509259259259259 0.07916666666666666 0.13518518518518519
0 0.2203125 0.6240740740740741 0.12395833333333334 0.21481481481481482
0 0.4109375 0.2175925925925926 0.051041666666666666 0.07592592592592592
0 0.45677083333333335 0.18425925925925926 0.042708333333333334 0.06851851851851852
