0 0.18125 0.4861111111111111 0.0875 0.12037037037037036
0 0.20729166666666668 0.6481481481481481 0.1125 0.16296296296296298
0 0.6026041666666667 0.16944444444444445 0.026041666666666668 0.03888888888888889
0 0.6541666666666667 0.1685185185185185 0.025 0.040740740740740744
0 0.7171875 0.17962962962962964 0.03229166666666667 0.04814814814814815
0 0.6197916666666666 0.22962962962962963 0.0375 0.05925925925925926
0 0.7447916666666666 0.2175925925925926 0.0375 0.05
0 0.6770833333333334 0.22870370370370371 0.035416666666666666 0.05
2 0.640625 0.32037037037037036 0.05416666666666667 0.08148148148148149
0 0.8015625 0.21574074074074073 0.036458333333333336 0.046296296296296294
2 0.32447916666666665 0.19907407407407407 0.04479166666666667 0.08703703703703704
0 0.6901041666666666 0.5518518518518518 0.08020833333333334 0.12962962962962962
0 0.44947916666666665 0.19907407407407407 0.030208333333333334 0.05
0 0.8520833333333333 0.5962962962962963 0.10208333333333333 0.14444444444444443
0 0.9421875 0.5157407407407407 0.10104166666666667 0.11666666666666667
2 0.35833333333333334 0.16944444444444445 0.0375 0.07222222222222222
