0 0.47239583333333335 0.21296296296296297 0.053125 0.08518518518518518
0 0.565625 0.24814814814814815 0.05416666666666667 0.0962962962962963
2 0.4822916666666667 0.5351851851851852 0.10416666666666667 0.26296296296296295
0 0.6640625 0.3972222222222222 0.08229166666666667 0.15
0 0.7640625 0.06388888888888888 0.03229166666666667 0.05
0 0.7307291666666667 0.09907407407407408 0.036458333333333336 0.05740740740740741
0 0.5682291666666667 0.14166666666666666 0.04479166666666667 0.07962962962962963
0 0.6489583333333333 0.1675925925925926 0.04583333333333333 0.07962962962962963
0 0.8010416666666667 0.11018518518518519 0.041666666666666664 0.06481481481481481
0 0.6489583333333333 0.10648148148148148 0.035416666666666666 0.06111111111111111
0 0.5989583333333334 0.10277777777777777 0.035416666666666666 0.05740740740740741
1 0.4890625 0.10555555555555556 0.12395833333333334 0.15185185185185185
