0 0.9333333333333333 0.39166666666666666 0.13333333333333333 0.15
0 0.7255208333333333 0.32037037037037036 0.10520833333333333 0.08888888888888889
0 0.5911458333333334 0.2675925925925926 0.08645833333333333 0.08333333333333333
2 0.49375 0.2324074074074074 0.07083333333333333 0.07962962962962963
2 0.7072916666666667 0.8629629629629629 0.29375 0.2740740740740741
0 0.415625 0.21481481481481482 0.05625 0.05925925925925926
0 0.35260416666666666 0.19166666666666668 0.042708333333333334 0.046296296296296294
0 0.6239583333333333 0.33240740740740743 0.10416666666666667 0.09444444444444444
2 0.8078125 0.7472222222222222 0.271875 0.3277777777777778
0 0.5739583333333333 0.5805555555555556 0.15833333333333333 0.1685185185185185
1 0.3807291666666667 0.30648148148148147 0.18020833333333333 0.20555555555555555
0 0.9223958333333333 0.5453703703703704 0.15520833333333334 0.19444444444444445
0 0.6291666666666667 0.5046296296296297 0.16458333333333333 0.14629629629629629
0 0.4171875 0.4638888888888889 0.11354166666666667 0.12777777777777777
2 0.8125 0.5657407407407408 0.175 0.20185185185185187
0 0.9541666666666667 0.7240740740740741 0.09166666666666666 0.16666666666666666
0 0.7546875 0.4601851851851852 0.153125 0.13148148148148148
0 0.6015625 0.3824074074074074 0.11979166666666667 0.11296296296296296
0 0.28072916666666664 0.34074074074074073 0.06979166666666667 0.1
0 0.34375 0.39814814814814814 0.07708333333333334 0.1
0 0.4796875 0.3175925925925926 0.06770833333333333 0.09444444444444444
0 0.28229166666666666 0.28055555555555556 0.0375 0.05740740740740741
0 0.240625 0.2564814814814815 0.041666666666666664 0.05740740740740741
