0 0.6776041666666667 0.18796296296296297 0.030208333333333334 0.04259259259259259
0 0.6395833333333333 0.22037037037037038 0.03333333333333333 0.05185185185185185
0 0.1328125 0.5564814814814815 0.10729166666666666 0.1648148148148148
0 0.7229166666666667 0.18055555555555555 0.029166666666666667 0.053703703703703705
0 0.709375 0.2462962962962963 0.03958333333333333 0.06296296296296296
0 0.6505208333333333 0.25555555555555554 0.03854166666666667 0.06666666666666667
0 0.31354166666666666 0.41203703703703703 0.06458333333333334 0.09814814814814815
0 0.4625 0.41203703703703703 0.058333333333333334 0.09814814814814815
0 0.14791666666666667 0.4148148148148148 0.08333333333333333 0.11481481481481481
0 0.7880208333333333 0.25277777777777777 0.040625 0.05
2 0.7848958333333333 0.1935185185185185 0.036458333333333336 0.05740740740740741
0 0.6609375 0.35833333333333334 0.053125 0.08703703703703704
0 0.821875 0.31296296296296294 0.05625 0.07407407407407407
2 0.4979166666666667 0.23796296296296296 0.0375 0.07592592592592592
0 0.46510416666666665 0.20277777777777778 0.028125 0.046296296296296294
0 0.815625 0.5138888888888888 0.08958333333333333 0.16111111111111112
2 0.4161458333333333 0.19444444444444445 0.028125 0.05555555555555555
