0 0.9333333333333333 0.4027777777777778 0.13333333333333333 0.14629629629629629
0 0.7296875 0.3287037037037037 0.11354166666666667 0.11666666666666667
0 0.5526041666666667 0.2777777777777778 0.07604166666666666 0.07407407407407407
0 0.4125 0.22314814814814815 0.05625 0.06111111111111111
0 0.4239583333333333 0.6175925925925926 0.13958333333333334 0.20555555555555555
0 0.17291666666666666 0.34074074074074073 0.05625 0.07777777777777778
2 0.7927083333333333 0.7527777777777778 0.2708333333333333 0.32037037037037036
0 0.5619791666666667 0.5907407407407408 0.15520833333333334 0.17407407407407408
1 0.36822916666666666 0.3138888888888889 0.18020833333333333 0.20925925925925926
0 0.9171875 0.5694444444444444 0.165625 0.21666666666666667
0 0.42239583333333336 0.45555555555555555 0.12604166666666666 0.11851851851851852
0 0.27395833333333336 0.36203703703703705 0.06041666666666667 0.08703703703703704
2 0.7104166666666667 0.5194444444444445 0.14791666666666667 0.1648148148148148
0 0.925 0.7157407407407408 0.15 0.19444444444444445
0 0.7197916666666667 0.45740740740740743 0.14583333333333334 0.11481481481481481
0 0.5265625 0.36203703703703705 0.10104166666666667 0.09444444444444444
0 0.23125 0.262037037037037 0.04791666666666667 0.07222222222222222
0 0.17552083333333332 0.2851851851851852 0.036458333333333336 0.05555555555555555
