0 0.6270833333333333 0.2064814814814815 0.035416666666666666 0.05740740740740741
2 0.07135416666666666 0.6314814814814815 0.109375 0.2037037037037037
0 0.7098958333333333 0.2175925925925926 0.03854166666666667 0.06481481481481481
0 0.37604166666666666 0.5833333333333334 0.09375 0.15925925925925927
0 0.7505208333333333 0.3074074074074074 0.057291666666666664 0.1
0 0.6645833333333333 0.3472222222222222 0.05625 0.08703703703703704
0 0.8296875 0.30185185185185187 0.053125 0.07407407407407407
0 0.9083333333333333 0.4046296296296296 0.07708333333333334 0.09814814814814815
0 0.909375 0.687962962962963 0.12916666666666668 0.17962962962962964
0 0.5171875 0.1925925925925926 0.03229166666666667 0.05185185185185185
