0 0.4713541666666667 0.21203703703703702 0.053125 0.07962962962962963
0 0.5734375 0.20833333333333334 0.04895833333333333 0.08333333333333333
2 0.5161458333333333 0.38333333333333336 0.07395833333333333 0.18518518518518517
0 0.6567708333333333 0.28425925925925927 0.06145833333333333 0.10925925925925926
0 0.7760416666666666 0.08425925925925926 0.0375 0.05740740740740741
0 0.7442708333333333 0.1287037037037037 0.042708333333333334 0.06481481481481481
0 0.575 0.12685185185185185 0.041666666666666664 0.07222222222222222
0 0.65 0.1388888888888889 0.03958333333333333 0.07037037037037037
0 0.81875 0.14814814814814814 0.05 0.07037037037037037
0 0.6505208333333333 0.09166666666666666 0.034375 0.053703703703703705
0 0.6005208333333333 0.09537037037037037 0.034375 0.05740740740740741
1 0.48854166666666665 0.1111111111111111 0.12291666666666666 0.14814814814814814
