0 0.634375 0.21944444444444444 0.0375 0.06111111111111111
0 0.7895833333333333 0.1787037037037037 0.03333333333333333 0.05
0 0.7723958333333333 0.23796296296296296 0.040625 0.06111111111111111
0 0.6828125 0.39814814814814814 0.06145833333333333 0.0962962962962963
0 0.8020833333333334 0.425 0.07708333333333334 0.12037037037037036
0 0.37083333333333335 0.2657407407407407 0.041666666666666664 0.06481481481481481
0 0.43645833333333334 0.23796296296296296 0.041666666666666664 0.06851851851851852
2 0.503125 0.23981481481481481 0.035416666666666666 0.07592592592592592
0 0.8989583333333333 0.2712962962962963 0.05625 0.06481481481481481
0 0.8822916666666667 0.3712962962962963 0.08125 0.09814814814814815
