0 0.7390625 0.046296296296296294 0.030208333333333334 0.040740740740740744
0 0.6114583333333333 0.32037037037037036 0.075 0.12222222222222222
0 0.6109375 0.1814814814814815 0.04895833333333333 0.07777777777777778
0 0.7609375 0.3768518518518518 0.096875 0.14629629629629629
0 0.7666666666666667 0.07777777777777778 0.0375 0.05555555555555555
0 0.5458333333333333 0.1648148148148148 0.03958333333333333 0.07037037037037037
2 0.603125 0.11944444444444445 0.0375 0.06851851851851852
0 0.6864583333333333 0.175 0.05416666666666667 0.08333333333333333
0 0.8208333333333333 0.11018518518518519 0.03958333333333333 0.06111111111111111
0 0.5322916666666667 0.11574074074074074 0.035416666666666666 0.06111111111111111
0 0.6578125 0.11203703703703703 0.04479166666666667 0.06851851851851852
0 0.5651041666666666 0.0824074074074074 0.036458333333333336 0.06111111111111111
2 0.646875 0.06944444444444445 0.03125 0.053703703703703705
0 0.884375 0.19166666666666668 0.06666666666666667 0.08703703703703704
0 0.6088541666666667 0.05092592592592592 0.026041666666666668 0.05
0 0.9677083333333333 0.18055555555555555 0.06458333333333334 0.08703703703703704
1 0.4552083333333333 0.5796296296296296 0.21666666666666667 0.674074074074074
