0 0.03854166666666667 0.7092592592592593 0.075 0.2037037037037037
2 0.1921875 0.6759259259259259 0.121875 0.25555555555555554
0 0.6427083333333333 0.18611111111111112 0.029166666666666667 0.06111111111111111
0 0.2520833333333333 0.9157407407407407 0.16041666666666668 0.1685185185185185
0 0.10364583333333334 0.43148148148148147 0.090625 0.1037037037037037
0 0.7776041666666667 0.19907407407407407 0.03854166666666667 0.05740740740740741
2 0.6588541666666666 0.30925925925925923 0.05520833333333333 0.10740740740740741
0 0.2791666666666667 0.29814814814814816 0.05416666666666667 0.08148148148148149
0 0.8609375 0.28425925925925927 0.059375 0.07592592592592592
0 0.35885416666666664 0.2388888888888889 0.042708333333333334 0.06666666666666667
0 0.8848958333333333 0.22777777777777777 0.04895833333333333 0.06296296296296296
0 0.48072916666666665 0.2611111111111111 0.053125 0.0962962962962963
0 0.7109375 0.4898148148148148 0.08645833333333333 0.1388888888888889
0 0.44114583333333335 0.20462962962962963 0.036458333333333336 0.06111111111111111
0 0.8333333333333334 0.4462962962962963 0.07708333333333334 0.1111111111111111
