2 0.24583333333333332 0.8166666666666667 0.22291666666666668 0.36666666666666664
0 0.484375 0.2101851851851852 0.0625 0.06851851851851852
0 0.7182291666666667 0.07407407407407407 0.03229166666666667 0.05185185185185185
0 0.578125 0.22777777777777777 0.058333333333333334 0.08888888888888889
0 0.5854166666666667 0.15925925925925927 0.041666666666666664 0.06296296296296296
0 0.6755208333333333 0.36203703703703705 0.071875 0.12777777777777777
0 0.7380208333333333 0.12129629629629629 0.040625 0.05740740740740741
0 0.6515625 0.15462962962962962 0.040625 0.06851851851851852
0 0.8729166666666667 0.2 0.0625 0.08148148148148149
0 0.5911458333333334 0.1175925925925926 0.034375 0.06111111111111111
0 0.6390625 0.10740740740740741 0.036458333333333336 0.07037037037037037
0 0.9385416666666667 0.26851851851851855 0.07916666666666666 0.1037037037037037
1 0.48802083333333335 0.1287037037037037 0.12395833333333334 0.1574074074074074
