0 0.6390625 0.14166666666666666 0.034375 0.053703703703703705
2 0.6708333333333333 0.18333333333333332 0.04791666666666667 0.08888888888888889
0 0.7421875 0.32037037037037036 0.065625 0.10740740740740741
0 0.17760416666666667 0.9175925925925926 0.20104166666666667 0.1648148148148148
0 0.16979166666666667 0.575925925925926 0.1125 0.16666666666666666
0 0.21458333333333332 0.7203703703703703 0.15208333333333332 0.21851851851851853
0 0.3963541666666667 0.34444444444444444 0.06770833333333333 0.10740740740740741
0 0.35989583333333336 0.275 0.065625 0.08703703703703704
0 0.44375 0.22407407407407406 0.04583333333333333 0.06666666666666667
0 0.49114583333333334 0.4212962962962963 0.078125 0.1425925925925926
0 0.4041666666666667 0.18333333333333332 0.03958333333333333 0.06296296296296296
0 0.4739583333333333 0.14722222222222223 0.03333333333333333 0.05
0 0.5203125 0.1675925925925926 0.03229166666666667 0.05740740740740741
2 0.4395833333333333 0.1175925925925926 0.035416666666666666 0.07592592592592592
0 0.49166666666666664 0.1111111111111111 0.025 0.044444444444444446
