0 0.8208333333333333 0.15 0.041666666666666664 0.05185185185185185
0 0.6177083333333333 0.42592592592592593 0.07708333333333334 0.15555555555555556
0 0.49375 0.4462962962962963 0.07916666666666666 0.16666666666666666
0 0.75625 0.4212962962962963 0.08541666666666667 0.13518518518518519
2 0.5859375 0.2111111111111111 0.040625 0.1
2 0.5875 0.13425925925925927 0.027083333333333334 0.06111111111111111
0 0.5734375 0.10648148148148148 0.026041666666666668 0.046296296296296294
0 0.60625 0.08518518518518518 0.022916666666666665 0.037037037037037035
1 0.7630208333333334 0.07685185185185185 0.06770833333333333 0.11666666666666667
1 0.9588541666666667 0.23055555555555557 0.08229166666666667 0.18703703703703703
