0 0.6229166666666667 0.09444444444444444 0.029166666666666667 0.05555555555555555
0 0.6776041666666667 0.08981481481481482 0.03229166666666667 0.046296296296296294
0 0.5833333333333334 0.11944444444444445 0.03125 0.053703703703703705
0 0.6546875 0.12129629629629629 0.028125 0.04259259259259259
0 0.6557291666666667 0.16018518518518518 0.042708333333333334 0.06481481481481481
0 0.7317708333333334 0.18796296296296297 0.04895833333333333 0.06851851851851852
0 0.6171875 0.21666666666666667 0.04895833333333333 0.07407407407407407
2 0.7046875 0.2722222222222222 0.057291666666666664 0.1037037037037037
0 0.8479166666666667 0.32407407407407407 0.08333333333333333 0.11851851851851852
0 0.7953125 0.4666666666666667 0.11354166666666667 0.15185185185185185
0 0.7505208333333333 0.7407407407407407 0.153125 0.24814814814814815
0 0.3026041666666667 0.31203703703703706 0.059375 0.09074074074074075
0 0.3098958333333333 0.4685185185185185 0.08854166666666667 0.14074074074074075
0 0.42552083333333335 0.7175925925925926 0.134375 0.29444444444444445
0 0.4791666666666667 0.33055555555555555 0.06041666666666667 0.10925925925925926
0 0.44895833333333335 0.1537037037037037 0.041666666666666664 0.05555555555555555
0 0.5114583333333333 0.1574074074074074 0.03958333333333333 0.07407407407407407
