0 0.4973958333333333 0.11851851851851852 0.03229166666666667 0.05185185185185185
0 0.6088541666666667 0.35462962962962963 0.078125 0.13518518518518519
0 0.69375 0.05648148148148148 0.022916666666666665 0.03148148148148148
0 0.5578125 0.2518518518518518 0.05520833333333333 0.09259259259259259
0 0.7890625 0.48333333333333334 0.10729166666666666 0.1814814814814815
0 0.6822916666666666 0.07592592592592592 0.027083333333333334 0.037037037037037035
0 0.7286458333333333 0.06111111111111111 0.028125 0.037037037037037035
2 0.6734375 0.19074074074074074 0.065625 0.12222222222222222
0 0.69375 0.1037037037037037 0.035416666666666666 0.05555555555555555
0 0.7640625 0.11203703703703703 0.04479166666666667 0.06481481481481481
0 0.5776041666666667 0.10833333333333334 0.030208333333333334 0.046296296296296294
0 0.76875 0.18981481481481483 0.05 0.06111111111111111
0 0.8791666666666667 0.22962962962962963 0.06875 0.08888888888888889
0 0.4921875 0.1574074074074074 0.059375 0.05925925925925926
0 0.565625 0.04814814814814815 0.01875 0.03333333333333333
