0 0.07552083333333333 0.3990740740740741 0.121875 0.10925925925925926
0 0.1375 0.49074074074074076 0.19166666666666668 0.15555555555555556
0 0.4296875 0.30648148148148147 0.140625 0.11296296296296296
0 0.4864583333333333 0.20092592592592592 0.08958333333333333 0.07962962962962963
0 0.8583333333333333 0.2814814814814815 0.1 0.1
0 0.615625 0.18703703703703703 0.08541666666666667 0.07777777777777778
0 0.8229166666666666 0.4361111111111111 0.12291666666666666 0.1537037037037037
0 0.7005208333333334 0.23425925925925925 0.103125 0.09444444444444444
2 0.7390625 0.12222222222222222 0.06145833333333333 0.07037037037037037
2 0.8239583333333333 0.6527777777777778 0.17708333333333334 0.26851851851851855
2 0.8229166666666666 0.1259259259259259 0.075 0.08518518518518518
