0 0.49322916666666666 0.9064814814814814 0.203125 0.18703703703703703
0 0.24947916666666667 0.06759259259259259 0.030208333333333334 0.03518518518518519
0 0.2864583333333333 0.05648148148148148 0.03125 0.03518518518518519
0 0.21770833333333334 0.07222222222222222 0.029166666666666667 0.03333333333333333
0 0.26927083333333335 0.09907407407407408 0.036458333333333336 0.03888888888888889
0 0.2734375 0.3277777777777778 0.07604166666666666 0.1037037037037037
2 0.11822916666666666 0.25925925925925924 0.059375 0.10740740740740741
2 0.36770833333333336 0.08796296296296297 0.041666666666666664 0.053703703703703705
0 0.390625 0.07592592592592592 0.03125 0.037037037037037035
0 0.15 0.1814814814814815 0.04375 0.06666666666666667
2 0.48125 0.13240740740740742 0.058333333333333334 0.06481481481481481
0 0.1125 0.13425925925925927 0.0375 0.05
2 0.5369791666666667 0.125 0.057291666666666664 0.06851851851851852
0 0.515625 0.18611111111111112 0.06458333333333334 0.06851851851851852
0 0.04010416666666667 0.3768518518518518 0.078125 0.13148148148148148
0 0.1109375 0.0712962962962963 0.028125 0.03518518518518519
2 0.016666666666666666 0.20185185185185187 0.03125 0.08518518518518518
0 0.765625 0.36203703703703705 0.1375 0.10925925925925926
0 0.9151041666666667 0.3138888888888889 0.13020833333333334 0.10185185185185185
