0 0.6380208333333334 0.18703703703703703 0.030208333333333334 0.04814814814814815
0 0.096875 0.4666666666666667 0.08958333333333333 0.11481481481481481
0 0.65625 0.25092592592592594 0.03958333333333333 0.06111111111111111
0 0.7494791666666667 0.2037037037037037 0.036458333333333336 0.04814814814814815
0 0.7359375 0.2824074074074074 0.046875 0.06851851851851852
0 0.6546875 0.31666666666666665 0.042708333333333334 0.07037037037037037
0 0.27239583333333334 0.3861111111111111 0.06770833333333333 0.10925925925925926
0 0.8364583333333333 0.21388888888888888 0.041666666666666664 0.05740740740740741
0 0.8166666666666667 0.2935185185185185 0.052083333333333336 0.07222222222222222
0 0.6859375 0.42777777777777776 0.06354166666666666 0.09259259259259259
0 0.8052083333333333 0.41203703703703703 0.06875 0.09444444444444444
0 0.4395833333333333 0.26296296296296295 0.041666666666666664 0.06296296296296296
0 0.31197916666666664 0.25 0.036458333333333336 0.06296296296296296
0 0.40572916666666664 0.21666666666666667 0.034375 0.05555555555555555
0 0.5192708333333333 0.22407407407407406 0.034375 0.05925925925925926
0 0.9213541666666667 0.3194444444444444 0.06145833333333333 0.07592592592592592
0 0.7640625 0.6833333333333333 0.10104166666666667 0.16666666666666666
0 0.365625 0.19074074074074074 0.03125 0.04814814814814815
0 0.46979166666666666 0.18888888888888888 0.03125 0.04814814814814815
