0 0.6234375 0.3277777777777778 0.07395833333333333 0.1259259259259259
0 0.8677083333333333 0.587037037037037 0.13958333333333334 0.21851851851851853
2 0.6098958333333333 0.21203703703703702 0.046875 0.11296296296296296
0 0.7885416666666667 0.046296296296296294 0.03125 0.044444444444444446
0 0.6786458333333333 0.19166666666666668 0.059375 0.08703703703703704
0 0.7390625 0.05185185185185185 0.03229166666666667 0.040740740740740744
0 0.6098958333333333 0.125 0.036458333333333336 0.05740740740740741
0 0.8395833333333333 0.07592592592592592 0.04375 0.05185185185185185
0 0.7973958333333333 0.09351851851851851 0.03854166666666667 0.05
0 0.8098958333333334 0.12314814814814815 0.04479166666666667 0.06111111111111111
0 0.8151041666666666 0.19907407407407407 0.059375 0.08333333333333333
0 0.503125 0.2212962962962963 0.06666666666666667 0.08333333333333333
0 0.9109375 0.21296296296296297 0.071875 0.09259259259259259
0 0.6401041666666667 0.06111111111111111 0.028125 0.044444444444444446
0 0.5921875 0.04351851851851852 0.023958333333333335 0.04259259259259259
1 0.5453125 0.053703703703703705 0.042708333333333334 0.1037037037037037
