0 0.084375 0.412962962962963 0.13125 0.12222222222222222
0 0.3489583333333333 0.41203703703703703 0.11875 0.12407407407407407
2 0.965625 0.25 0.041666666666666664 0.09259259259259259
0 0.3932291666666667 0.2324074074074074 0.059375 0.06481481481481481
0 0.44895833333333335 0.275 0.075 0.07962962962962963
0 0.5744791666666667 0.23333333333333334 0.065625 0.07037037037037037
0 0.796875 0.48333333333333334 0.08541666666666667 0.15555555555555556
0 0.49270833333333336 0.1712962962962963 0.04791666666666667 0.046296296296296294
0 0.5630208333333333 0.15462962962962962 0.046875 0.06111111111111111
0 0.5421875 0.7925925925925926 0.17395833333333333 0.26296296296296295
