1 0.1625 0.41944444444444445 0.22083333333333333 0.3277777777777778
0 0.1 0.8240740740740741 0.13125 0.22962962962962963
2 0.2791666666666667 0.8074074074074075 0.17083333333333334 0.3148148148148148
0 0.7651041666666667 0.17407407407407408 0.03854166666666667 0.06296296296296296
0 0.728125 0.24166666666666667 0.04583333333333333 0.06111111111111111
0 0.396875 0.44722222222222224 0.07083333333333333 0.12777777777777777
0 0.6697916666666667 0.29444444444444445 0.0375 0.07407407407407407
2 0.4140625 0.262037037037037 0.042708333333333334 0.09444444444444444
2 0.8359375 0.1675925925925926 0.04479166666666667 0.06111111111111111
2 0.39114583333333336 0.23055555555555557 0.036458333333333336 0.08333333333333333
0 0.4979166666666667 0.2462962962962963 0.04583333333333333 0.07037037037037037
0 0.2546875 0.2611111111111111 0.051041666666666666 0.05555555555555555
2 0.36354166666666665 0.18611111111111112 0.03958333333333333 0.07222222222222222
0 0.9203125 0.3509259259259259 0.06979166666666667 0.09444444444444444
0 0.4822916666666667 0.18518518518518517 0.035416666666666666 0.05185185185185185
