0 0.075 0.9092592592592592 0.14791666666666667 0.1814814814814815
0 0.6755208333333333 0.20462962962962963 0.03229166666666667 0.046296296296296294
0 0.459375 0.3638888888888889 0.052083333333333336 0.08703703703703704
0 0.6359375 0.25462962962962965 0.040625 0.06111111111111111
0 0.7375 0.2824074074074074 0.05 0.07962962962962963
2 0.40572916666666664 0.2962962962962963 0.051041666666666666 0.08518518518518518
2 0.28854166666666664 0.2490740740740741 0.05625 0.10185185185185185
0 0.5 0.24814814814814815 0.035416666666666666 0.06296296296296296
0 0.6953125 0.4722222222222222 0.078125 0.11481481481481481
0 0.4010416666666667 0.20277777777777778 0.03125 0.046296296296296294
0 0.459375 0.20462962962962963 0.03125 0.05
0 0.5177083333333333 0.18888888888888888 0.027083333333333334 0.044444444444444446
0 0.9302083333333333 0.3472222222222222 0.06875 0.07592592592592592
0 0.4270833333333333 0.17407407407407408 0.025 0.037037037037037035
0 0.4635416666666667 0.17407407407407408 0.027083333333333334 0.037037037037037035
