1 0.49322916666666666 0.12685185185185185 0.071875 0.22777777777777777
0 0.6375 0.41203703703703703 0.0875 0.1537037037037037
0 0.8177083333333334 0.5231481481481481 0.13125 0.20185185185185187
2 0.7229166666666667 0.27037037037037037 0.07916666666666666 0.14814814814814814
0 0.6010416666666667 0.21574074074074073 0.052083333333333336 0.08703703703703704
0 0.59375 0.15092592592592594 0.04375 0.07592592592592592
0 0.5677083333333334 0.08425925925925926 0.029166666666666667 0.046296296296296294
0 0.7453125 0.09444444444444444 0.04479166666666667 0.05185185185185185
0 0.8734375 0.14166666666666666 0.06145833333333333 0.06851851851851852
0 0.5953125 0.04351851851851852 0.023958333333333335 0.03888888888888889
0 0.5463541666666667 0.040740740740740744 0.021875 0.037037037037037035
0 0.8885416666666667 0.34629629629629627 0.11458333333333333 0.14814814814814814
0 0.46145833333333336 0.12129629629629629 0.025 0.06481481481481481
1 0.42239583333333336 0.6583333333333333 0.2864583333333333 0.6833333333333333
