0 0.043229166666666666 0.7537037037037037 0.084375 0.2037037037037037
0 0.1078125 0.8333333333333334 0.17604166666666668 0.22592592592592592
0 0.075 0.4638888888888889 0.11041666666666666 0.12407407407407407
0 0.6338541666666667 0.1814814814814815 0.034375 0.06296296296296296
0 0.3890625 0.5583333333333333 0.08854166666666667 0.1537037037037037
0 0.303125 0.4703703703703704 0.0875 0.13703703703703704
0 0.7895833333333333 0.22592592592592592 0.0375 0.05555555555555555
0 0.7208333333333333 0.23333333333333334 0.035416666666666666 0.06296296296296296
0 0.27395833333333336 0.37962962962962965 0.06458333333333334 0.10740740740740741
0 0.44166666666666665 0.36944444444444446 0.06666666666666667 0.12777777777777777
0 0.8515625 0.31851851851851853 0.06145833333333333 0.08148148148148149
2 0.846875 0.20277777777777778 0.035416666666666666 0.07592592592592592
0 0.38385416666666666 0.22037037037037038 0.042708333333333334 0.07037037037037037
0 0.7140625 0.5407407407407407 0.08229166666666667 0.14444444444444443
