1 0.6229166666666667 0.12407407407407407 0.3875 0.21481481481481482
0 0.9479166666666666 0.4787037037037037 0.10416666666666667 0.17962962962962964
0 0.026041666666666668 0.41759259259259257 0.05 0.13148148148148148
0 0.5953125 0.2462962962962963 0.159375 0.13703703703703704
2 0.9255208333333333 0.1537037037037037 0.096875 0.0962962962962963
0 0.9223958333333333 0.21944444444444444 0.103125 0.10185185185185185
0 0.06458333333333334 0.12222222222222222 0.12708333333333333 0.1037037037037037
0 0.2171875 0.1 0.14479166666666668 0.0962962962962963
0 0.3546875 0.0712962962962963 0.10520833333333333 0.09444444444444444
0 0.4786458333333333 0.06296296296296296 0.10520833333333333 0.08148148148148149
