3 0.6364583333333333 0.18333333333333332 0.03333333333333333 0.08148148148148149
0 0.7098958333333333 0.19814814814814816 0.036458333333333336 0.05185185185185185
0 0.7921875 0.22592592592592592 0.042708333333333334 0.06296296296296296
0 0.24635416666666668 0.29074074074074074 0.06145833333333333 0.07407407407407407
0 0.4869791666666667 0.28055555555555556 0.04479166666666667 0.07222222222222222
0 0.7953125 0.3972222222222222 0.06979166666666667 0.10555555555555556
0 0.8807291666666667 0.25092592592592594 0.053125 0.06111111111111111
0 0.3703125 0.21944444444444444 0.03854166666666667 0.053703703703703705
2 0.4432291666666667 0.20185185185185187 0.03229166666666667 0.07037037037037037
0 0.7708333333333334 0.7175925925925926 0.1 0.19814814814814816
0 0.5109375 0.20092592592592592 0.03229166666666667 0.053703703703703705
