0 0.6921875 0.6268518518518519 0.121875 0.22777777777777777
0 0.621875 0.2537037037037037 0.0625 0.1037037037037037
0 0.7447916666666666 0.05555555555555555 0.03333333333333333 0.04814814814814815
0 0.55625 0.2212962962962963 0.05 0.08333333333333333
2 0.6072916666666667 0.16944444444444445 0.04375 0.08333333333333333
0 0.7375 0.30277777777777776 0.07916666666666666 0.11296296296296296
0 0.8 0.06851851851851852 0.03333333333333333 0.04814814814814815
0 0.5421875 0.15648148148148147 0.04479166666666667 0.06481481481481481
0 0.6979166666666666 0.19166666666666668 0.0625 0.09444444444444444
0 0.5880208333333333 0.12037037037037036 0.042708333333333334 0.07407407407407407
2 0.6640625 0.11388888888888889 0.03854166666666667 0.07592592592592592
0 0.8119791666666667 0.11388888888888889 0.046875 0.06481481481481481
0 0.6276041666666666 0.08425925925925926 0.03229166666666667 0.053703703703703705
0 0.8958333333333334 0.125 0.052083333333333336 0.06481481481481481
0 0.8864583333333333 0.20277777777777778 0.06875 0.07962962962962963
0 0.6390625 0.05925925925925926 0.026041666666666668 0.037037037037037035
1 0.4588541666666667 0.5824074074074074 0.221875 0.6685185185185185
