0 0.6838541666666667 0.19166666666666668 0.026041666666666668 0.03888888888888889
0 0.63125 0.20185185185185187 0.029166666666666667 0.044444444444444446
0 0.7322916666666667 0.18055555555555555 0.03125 0.03888888888888889
0 0.65 0.2657407407407407 0.0375 0.06481481481481481
0 0.4119791666666667 0.5277777777777778 0.08229166666666667 0.14074074074074075
0 0.7739583333333333 0.2361111111111111 0.03958333333333333 0.05
0 0.7411458333333333 0.29814814814814816 0.046875 0.07037037037037037
0 0.8265625 0.22407407407407406 0.042708333333333334 0.05555555555555555
0 0.39010416666666664 0.3037037037037037 0.04895833333333333 0.07037037037037037
0 0.8328125 0.30185185185185187 0.057291666666666664 0.06666666666666667
0 0.6984375 0.45 0.06145833333333333 0.1
2 0.8364583333333333 0.48518518518518516 0.07083333333333333 0.14814814814814814
0 0.896875 0.29259259259259257 0.052083333333333336 0.06296296296296296
2 0.3536458333333333 0.20462962962962963 0.03854166666666667 0.06851851851851852
0 0.9145833333333333 0.4351851851851852 0.08125 0.11851851851851852
0 0.46458333333333335 0.1962962962962963 0.027083333333333334 0.040740740740740744
