0 0.3453125 0.11574074074074074 0.057291666666666664 0.09444444444444444
1 0.9046875 0.21481481481481482 0.190625 0.42592592592592593
0 0.28125 0.41574074074074074 0.14791666666666667 0.22037037037037038
0 0.19322916666666667 0.9388888888888889 0.20104166666666667 0.12222222222222222
0 0.41302083333333334 0.1388888888888889 0.06979166666666667 0.10740740740740741
2 0.6635416666666667 0.006481481481481481 0.03958333333333333 0.009259259259259259
0 0.3807291666666667 0.03425925925925926 0.05520833333333333 0.06481481481481481
2 0.46875 0.027777777777777776 0.04375 0.05185185185185185
0 0.3489583333333333 0.012037037037037037 0.07083333333333333 0.020370370370370372
0 0.5145833333333333 0.08703703703703704 0.05416666666666667 0.09259259259259259
0 0.7526041666666666 0.3101851851851852 0.11145833333333334 0.1537037037037037
0 0.4510416666666667 0.012037037037037037 0.041666666666666664 0.020370370370370372
0 0.525 0.010185185185185186 0.041666666666666664 0.016666666666666666
