0 0.8088541666666667 0.1962962962962963 0.034375 0.05555555555555555
0 0.7223958333333333 0.13055555555555556 0.028125 0.03888888888888889
0 0.7864583333333334 0.2212962962962963 0.052083333333333336 0.06111111111111111
0 0.8973958333333333 0.8083333333333333 0.15729166666666666 0.2611111111111111
0 0.6088541666666667 0.43796296296296294 0.071875 0.13148148148148148
0 0.5947916666666667 0.32314814814814813 0.05625 0.09444444444444444
0 0.534375 0.26296296296296295 0.041666666666666664 0.07777777777777778
0 0.5859375 0.20833333333333334 0.034375 0.06111111111111111
0 0.5791666666666667 0.1787037037037037 0.03125 0.053703703703703705
0 0.9651041666666667 0.3314814814814815 0.065625 0.09259259259259259
1 0.7979166666666667 0.1287037037037037 0.06875 0.10925925925925926
1 0.9161458333333333 0.18796296296296297 0.134375 0.19814814814814816
