0 0.6807291666666667 0.7861111111111111 0.21145833333333333 0.3055555555555556
0 0.40572916666666664 0.1 0.042708333333333334 0.05185185185185185
0 0.18333333333333332 0.7379629629629629 0.13125 0.2351851851851852
0 0.33489583333333334 0.36203703703703705 0.08854166666666667 0.13148148148148148
0 0.4557291666666667 0.15462962962962962 0.06145833333333333 0.05740740740740741
0 0.3458333333333333 0.27314814814814814 0.06875 0.09074074074074075
0 0.06979166666666667 0.3648148148148148 0.06458333333333334 0.11481481481481481
0 0.453125 0.19537037037037036 0.06041666666666667 0.06481481481481481
0 0.6411458333333333 0.19814814814814816 0.07395833333333333 0.08518518518518518
0 0.15052083333333333 0.18796296296296297 0.040625 0.06111111111111111
0 0.21302083333333333 0.15833333333333333 0.042708333333333334 0.06111111111111111
