1 0.9765625 0.2212962962962963 0.046875 0.19074074074074074
0 0.01875 0.5194444444444445 0.035416666666666666 0.07592592592592592
2 0.1625 0.5175925925925926 0.09583333333333334 0.10925925925925926
0 0.7734375 0.30833333333333335 0.109375 0.10185185185185185
0 0.7953125 0.14166666666666666 0.053125 0.046296296296296294
0 0.8192708333333333 0.38796296296296295 0.11354166666666667 0.10925925925925926
0 0.46927083333333336 0.30277777777777776 0.07395833333333333 0.06851851851851852
0 0.50625 0.6787037037037037 0.19375 0.20185185185185187
0 0.5770833333333333 0.1962962962962963 0.0625 0.05925925925925926
0 0.459375 0.8925925925925926 0.24791666666666667 0.21481481481481482
0 0.6895833333333333 0.1425925925925926 0.058333333333333334 0.05925925925925926
2 0.21302083333333333 0.5851851851851851 0.09270833333333334 0.08518518518518518
