0 0.8958333333333334 0.15462962962962962 0.035416666666666666 0.05740740740740741
0 0.8953125 0.24074074074074073 0.046875 0.07777777777777778
0 0.9807291666666667 0.26851851851851855 0.03854166666666667 0.07777777777777778
0 0.2515625 0.32037037037037036 0.09479166666666666 0.08888888888888889
0 0.2786458333333333 0.3453703703703704 0.09479166666666666 0.09814814814814815
0 0.74375 0.3212962962962963 0.06666666666666667 0.09074074074074075
0 0.5432291666666667 0.25277777777777777 0.06979166666666667 0.07222222222222222
0 0.4947916666666667 0.1962962962962963 0.06041666666666667 0.05925925925925926
0 0.4432291666666667 0.637962962962963 0.140625 0.18333333333333332
0 0.5317708333333333 0.7972222222222223 0.17395833333333333 0.2537037037037037
