0 0.615625 0.1787037037037037 0.029166666666666667 0.046296296296296294
0 0.6729166666666667 0.17314814814814813 0.029166666666666667 0.04259259259259259
0 0.6322916666666667 0.21851851851851853 0.03333333333333333 0.05185185185185185
0 0.265625 0.6259259259259259 0.11041666666666666 0.16296296296296298
0 0.6984375 0.2175925925925926 0.03854166666666667 0.053703703703703705
0 0.3411458333333333 0.29814814814814816 0.04479166666666667 0.06666666666666667
0 0.765625 0.16296296296296298 0.027083333333333334 0.037037037037037035
0 0.2390625 0.3435185185185185 0.06145833333333333 0.08703703703703704
0 0.4765625 0.34629629629629627 0.04895833333333333 0.08148148148148149
0 0.38177083333333334 0.2361111111111111 0.03854166666666667 0.053703703703703705
0 0.5015625 0.26666666666666666 0.036458333333333336 0.05925925925925926
2 0.42916666666666664 0.25277777777777777 0.04791666666666667 0.10555555555555556
0 0.7822916666666667 0.22314814814814815 0.041666666666666664 0.06111111111111111
0 0.3229166666666667 0.23703703703703705 0.0375 0.05555555555555555
0 0.6661458333333333 0.37407407407407406 0.057291666666666664 0.09259259259259259
0 0.8385416666666666 0.3194444444444444 0.058333333333333334 0.07962962962962963
0 0.8588541666666667 0.387037037037037 0.06354166666666666 0.09259259259259259
0 0.45677083333333335 0.21296296296296297 0.03229166666666667 0.05555555555555555
0 0.9171875 0.30648148148148147 0.059375 0.07222222222222222
0 0.47760416666666666 0.17685185185185184 0.026041666666666668 0.04259259259259259
0 0.5229166666666667 0.1814814814814815 0.029166666666666667 0.044444444444444446
