0 0.609375 0.17222222222222222 0.027083333333333334 0.044444444444444446
0 0.21927083333333333 0.44722222222222224 0.078125 0.11296296296296296
0 0.04739583333333333 0.575925925925926 0.09270833333333334 0.14074074074074075
0 0.7427083333333333 0.18055555555555555 0.029166666666666667 0.03888888888888889
0 0.6786458333333333 0.2175925925925926 0.034375 0.053703703703703705
0 0.35 0.38425925925925924 0.06666666666666667 0.11666666666666667
0 0.46197916666666666 0.3435185185185185 0.04895833333333333 0.08333333333333333
0 0.3953125 0.29259259259259257 0.051041666666666666 0.08148148148148149
0 0.3416666666666667 0.2675925925925926 0.04375 0.06111111111111111
0 0.6447916666666667 0.37592592592592594 0.052083333333333336 0.08148148148148149
0 0.3140625 0.23703703703703705 0.040625 0.05555555555555555
0 0.4453125 0.22314814814814815 0.036458333333333336 0.05740740740740741
0 0.5057291666666667 0.2074074074074074 0.030208333333333334 0.05185185185185185
0 0.45677083333333335 0.17777777777777778 0.030208333333333334 0.044444444444444446
0 0.765625 0.8481481481481481 0.13541666666666666 0.2111111111111111
