0 0.6364583333333333 0.17314814814814813 0.03333333333333333 0.05
0 0.16041666666666668 0.4888888888888889 0.10625 0.12222222222222222
0 0.7447916666666666 0.18055555555555555 0.035416666666666666 0.053703703703703705
0 0.3880208333333333 0.562962962962963 0.096875 0.18888888888888888
0 0.3171875 0.43796296296296294 0.07604166666666666 0.12037037037037036
0 0.7072916666666667 0.2324074074074074 0.04583333333333333 0.06851851851851852
0 0.45260416666666664 0.3333333333333333 0.053125 0.09259259259259259
2 0.6666666666666666 0.2777777777777778 0.05 0.10740740740740741
0 0.26666666666666666 0.25462962962962965 0.052083333333333336 0.06481481481481481
0 0.43020833333333336 0.22777777777777777 0.041666666666666664 0.06296296296296296
0 0.8348958333333333 0.26851851851851855 0.05520833333333333 0.07407407407407407
0 0.5015625 0.2111111111111111 0.042708333333333334 0.06666666666666667
