1 0.04375 0.6620370370370371 0.08541666666666667 0.3574074074074074
0 0.6401041666666667 0.175 0.023958333333333335 0.046296296296296294
2 0.3067708333333333 0.487962962962963 0.08645833333333333 0.17592592592592593
2 0.321875 0.38333333333333336 0.0625 0.1259259259259259
0 0.4140625 0.5546296296296296 0.09270833333333334 0.1648148148148148
0 0.06145833333333333 0.47962962962962963 0.09791666666666667 0.12222222222222222
2 0.28177083333333336 0.30833333333333335 0.065625 0.11666666666666667
0 0.7963541666666667 0.1787037037037037 0.034375 0.05
0 0.453125 0.3425925925925926 0.052083333333333336 0.08888888888888889
2 0.7098958333333333 0.41759259259259257 0.059375 0.13518518518518519
0 0.4869791666666667 0.23425925925925925 0.03854166666666667 0.06481481481481481
0 0.9057291666666667 0.5925925925925926 0.11145833333333334 0.15185185185185185
0 0.9427083333333334 0.29814814814814816 0.06458333333333334 0.08148148148148149
0 0.4453125 0.18796296296296297 0.034375 0.05740740740740741
