0 0.044270833333333336 0.7444444444444445 0.08645833333333333 0.2037037037037037
0 0.6473958333333333 0.2074074074074074 0.03229166666666667 0.05185185185185185
0 0.1515625 0.8222222222222222 0.153125 0.24444444444444444
2 0.7213541666666666 0.2324074074074074 0.034375 0.07592592592592592
2 0.6583333333333333 0.28703703703703703 0.04791666666666667 0.09259259259259259
0 0.7864583333333334 0.22407407407407406 0.04375 0.06296296296296296
0 0.7640625 0.29444444444444445 0.053125 0.07777777777777778
0 0.3734375 0.37592592592592594 0.059375 0.0962962962962963
0 0.8052083333333333 0.17962962962962964 0.035416666666666666 0.04814814814814815
0 0.4796875 0.32685185185185184 0.053125 0.08703703703703704
0 0.3734375 0.24074074074074073 0.03854166666666667 0.05925925925925926
2 0.7182291666666667 0.46574074074074073 0.07604166666666666 0.1537037037037037
0 0.8677083333333333 0.23148148148148148 0.04791666666666667 0.05555555555555555
0 0.440625 0.2564814814814815 0.04375 0.07222222222222222
0 0.8765625 0.3425925925925926 0.06354166666666666 0.07777777777777778
0 0.8869791666666667 0.5416666666666666 0.10104166666666667 0.13518518518518519
