1 0.8479166666666667 0.09074074074074075 0.18333333333333332 0.17777777777777778
0 0.35052083333333334 0.0712962962962963 0.078125 0.08703703703703704
0 0.08854166666666667 0.8342592592592593 0.175 0.3314814814814815
0 0.3489583333333333 0.8935185185185185 0.20625 0.21296296296296297
0 0.6833333333333333 0.05555555555555555 0.06458333333333334 0.08518518518518518
0 0.35833333333333334 0.17037037037037037 0.08958333333333333 0.1259259259259259
0 0.48020833333333335 0.18796296296296297 0.07708333333333334 0.13518518518518519
2 0.8776041666666666 0.5990740740740741 0.18020833333333333 0.3351851851851852
0 0.49583333333333335 0.020370370370370372 0.04791666666666667 0.037037037037037035
0 0.39114583333333336 0.011111111111111112 0.07395833333333333 0.018518518518518517
