0 0.22083333333333333 0.46944444444444444 0.10625 0.15
2 0.29583333333333334 0.046296296296296294 0.03125 0.044444444444444446
0 0.4109375 0.487962962962963 0.12395833333333334 0.1648148148148148
0 0.21614583333333334 0.2777777777777778 0.065625 0.09259259259259259
0 0.36875 0.2898148148148148 0.09791666666666667 0.12777777777777777
0 0.3625 0.053703703703703705 0.035416666666666666 0.037037037037037035
0 0.26666666666666666 0.06481481481481481 0.03125 0.044444444444444446
0 0.315625 0.10925925925925926 0.05 0.05185185185185185
0 0.08645833333333333 0.23425925925925925 0.05 0.07592592592592592
0 0.5046875 0.13333333333333333 0.06145833333333333 0.05185185185185185
0 0.4979166666666667 0.16574074074074074 0.06458333333333334 0.053703703703703705
0 0.4901041666666667 0.20185185185185187 0.06979166666666667 0.05925925925925926
0 0.646875 0.15185185185185185 0.06458333333333334 0.06296296296296296
0 0.7 0.2111111111111111 0.08958333333333333 0.07037037037037037
2 0.13229166666666667 0.08425925925925926 0.035416666666666666 0.06111111111111111
0 0.07760416666666667 0.09537037037037037 0.030208333333333334 0.05
