2 0.6447916666666667 0.17037037037037037 0.03958333333333333 0.07777777777777778
0 0.22552083333333334 0.43148148148148147 0.084375 0.1111111111111111
0 0.3609375 0.5907407407407408 0.09895833333333333 0.17777777777777778
0 0.190625 0.3435185185185185 0.07083333333333333 0.08703703703703704
2 0.46197916666666666 0.35555555555555557 0.05520833333333333 0.1259259259259259
0 0.3880208333333333 0.32592592592592595 0.057291666666666664 0.08518518518518518
0 0.6776041666666667 0.3472222222222222 0.05520833333333333 0.08703703703703704
0 0.8666666666666667 0.2222222222222222 0.04583333333333333 0.05925925925925926
0 0.9401041666666666 0.44166666666666665 0.08645833333333333 0.12037037037037036
0 0.775 0.8314814814814815 0.14375 0.21851851851851853
0 0.04114583333333333 0.6888888888888889 0.08020833333333334 0.2037037037037037
