0 0.6473958333333333 0.24537037037037038 0.03854166666666667 0.06111111111111111
0 0.71875 0.2574074074074074 0.04583333333333333 0.07407407407407407
0 0.23177083333333334 0.5055555555555555 0.084375 0.1259259259259259
0 0.3614583333333333 0.39166666666666666 0.06458333333333334 0.11296296296296296
2 0.4395833333333333 0.46111111111111114 0.06875 0.14814814814814814
0 0.8114583333333333 0.19074074074074074 0.035416666666666666 0.05185185185185185
0 0.7520833333333333 0.21481481481481482 0.03958333333333333 0.05925925925925926
0 0.49375 0.27685185185185185 0.041666666666666664 0.06851851851851852
0 0.828125 0.32037037037037036 0.05625 0.07407407407407407
0 0.3734375 0.2462962962962963 0.036458333333333336 0.05555555555555555
0 0.7604166666666666 0.6907407407407408 0.10625 0.17037037037037037
0 0.46197916666666666 0.18981481481481483 0.028125 0.04259259259259259
0 0.9411458333333333 0.7666666666666667 0.11770833333333333 0.18518518518518517
