0 0.5380208333333333 0.787962962962963 0.19270833333333334 0.2722222222222222
0 0.18385416666666668 0.05185185185185185 0.028125 0.02962962962962963
0 0.23072916666666668 0.04814814814814815 0.026041666666666668 0.03333333333333333
0 0.2734375 0.05092592592592592 0.030208333333333334 0.03518518518518519
0 0.27291666666666664 0.03425925925925926 0.027083333333333334 0.03148148148148148
1 0.3145833333333333 0.3212962962962963 0.19583333333333333 0.30185185185185187
0 0.634375 0.5203703703703704 0.15416666666666667 0.17407407407407408
2 0.34010416666666665 0.06851851851851852 0.03854166666666667 0.044444444444444446
0 0.24791666666666667 0.7601851851851852 0.14583333333333334 0.2574074074074074
0 0.28020833333333334 0.09722222222222222 0.03958333333333333 0.03518518518518519
0 0.3171875 0.08888888888888889 0.03854166666666667 0.044444444444444446
0 0.41302083333333334 0.13148148148148148 0.053125 0.06296296296296296
0 0.5005208333333333 0.13240740740740742 0.053125 0.05740740740740741
0 0.5802083333333333 0.1648148148148148 0.06458333333333334 0.05925925925925926
0 0.128125 0.1537037037037037 0.03958333333333333 0.05555555555555555
0 0.190625 0.13796296296296295 0.041666666666666664 0.05
0 0.06354166666666666 0.1675925925925926 0.03958333333333333 0.06111111111111111
0 0.5526041666666667 0.1259259259259259 0.06145833333333333 0.05555555555555555
0 0.12395833333333334 0.0787037037037037 0.035416666666666666 0.04259259259259259
0 0.6416666666666667 0.287962962962963 0.09791666666666667 0.07962962962962963
0 0.7494791666666667 0.2740740740740741 0.10520833333333333 0.09259259259259259
0 0.8515625 0.26481481481481484 0.103125 0.09259259259259259
2 0.0640625 0.07314814814814814 0.026041666666666668 0.046296296296296294
0 0.013541666666666667 0.08703703703703704 0.025 0.03333333333333333
0 0.009375 0.11666666666666667 0.016666666666666666 0.040740740740740744
