0 0.6411458333333333 0.20092592592592592 0.03229166666666667 0.05
0 0.13385416666666666 0.8685185185185185 0.18020833333333333 0.26296296296296295
0 0.0875 0.6351851851851852 0.12291666666666666 0.16666666666666666
0 0.159375 0.4027777777777778 0.075 0.09814814814814815
0 0.6614583333333334 0.27314814814814814 0.03958333333333333 0.06481481481481481
0 0.7619791666666667 0.22037037037037038 0.03854166666666667 0.05185185185185185
0 0.7505208333333333 0.31296296296296294 0.051041666666666666 0.07407407407407407
0 0.6604166666666667 0.35 0.04583333333333333 0.07777777777777778
0 0.31197916666666664 0.33055555555555555 0.059375 0.08703703703703704
0 0.8578125 0.2361111111111111 0.046875 0.06851851851851852
0 0.8411458333333334 0.32685185185185184 0.059375 0.07962962962962963
0 0.7005208333333334 0.49537037037037035 0.07604166666666666 0.11296296296296296
0 0.8354166666666667 0.4759259259259259 0.08125 0.11481481481481481
0 0.45208333333333334 0.23703703703703705 0.035416666666666666 0.05555555555555555
0 0.3375 0.2212962962962963 0.03333333333333333 0.053703703703703705
0 0.4166666666666667 0.2 0.03333333333333333 0.04814814814814815
0 0.5260416666666666 0.2 0.03125 0.05185185185185185
0 0.9651041666666667 0.3638888888888889 0.06979166666666667 0.08703703703703704
0 0.8125 0.8546296296296296 0.1375 0.20185185185185187
0 0.3807291666666667 0.17592592592592593 0.030208333333333334 0.044444444444444446
0 0.47760416666666666 0.17314814814814813 0.028125 0.046296296296296294
