0 0.96875 0.25 0.0625 0.09259259259259259
0 0.12864583333333332 0.562037037037037 0.10520833333333333 0.09814814814814815
2 0.121875 0.43425925925925923 0.10833333333333334 0.09814814814814815
0 0.3703125 0.3685185185185185 0.08854166666666667 0.09259259259259259
2 0.6380208333333334 0.40370370370370373 0.121875 0.15925925925925927
3 0.44635416666666666 0.25555555555555554 0.09895833333333333 0.12962962962962962
0 0.5234375 0.6611111111111111 0.17604166666666668 0.18518518518518517
0 0.6682291666666667 0.8074074074074075 0.20729166666666668 0.23333333333333334
0 0.24479166666666666 0.7870370370370371 0.23125 0.2111111111111111
2 0.47604166666666664 0.2 0.08333333333333333 0.08518518518518518
0 0.625 0.18333333333333332 0.0625 0.05555555555555555
