0 0.6723958333333333 0.20925925925925926 0.04895833333333333 0.07037037037037037
0 0.6557291666666667 0.15925925925925927 0.036458333333333336 0.05185185185185185
2 0.7359375 0.30092592592592593 0.078125 0.12777777777777777
0 0.37552083333333336 0.4388888888888889 0.08854166666666667 0.16296296296296298
0 0.28854166666666664 0.3712962962962963 0.06875 0.11666666666666667
0 0.3807291666666667 0.34074074074074073 0.065625 0.0962962962962963
0 0.4421875 0.21481481481481482 0.042708333333333334 0.07407407407407407
0 0.41458333333333336 0.17407407407407408 0.03958333333333333 0.05925925925925926
0 0.471875 0.1537037037037037 0.03333333333333333 0.05555555555555555
0 0.521875 0.16574074074074074 0.03958333333333333 0.06111111111111111
