1 0.052083333333333336 0.637962962962963 0.10208333333333333 0.4537037037037037
0 0.31145833333333334 0.24722222222222223 0.052083333333333336 0.07592592592592592
0 0.3296875 0.3907407407407407 0.08020833333333334 0.1259259259259259
0 0.11354166666666667 0.8703703703703703 0.19375 0.2222222222222222
0 0.34427083333333336 0.30925925925925923 0.059375 0.08888888888888889
0 0.4322916666666667 0.5166666666666667 0.0875 0.16296296296296298
0 0.4015625 0.24074074074074073 0.042708333333333334 0.07037037037037037
0 0.4661458333333333 0.3037037037037037 0.05520833333333333 0.08518518518518518
1 0.3770833333333333 0.1574074074074074 0.058333333333333334 0.12222222222222222
0 0.4453125 0.18981481481481483 0.034375 0.05740740740740741
0 0.4739583333333333 0.21666666666666667 0.041666666666666664 0.06296296296296296
1 0.9151041666666667 0.5518518518518518 0.16979166666666667 0.5259259259259259
