2 0.6817708333333333 0.16944444444444445 0.021875 0.05
0 0.17760416666666667 0.7092592592592593 0.12604166666666666 0.18888888888888888
0 0.6416666666666667 0.23703703703703705 0.03333333333333333 0.05185185185185185
2 0.7208333333333333 0.2574074074074074 0.041666666666666664 0.07407407407407407
0 0.29791666666666666 0.35648148148148145 0.05416666666666667 0.08333333333333333
0 0.6755208333333333 0.3425925925925926 0.04895833333333333 0.07407407407407407
0 0.8161458333333333 0.24722222222222223 0.040625 0.06111111111111111
2 0.48489583333333336 0.2962962962962963 0.040625 0.08888888888888889
0 0.428125 0.27870370370370373 0.041666666666666664 0.06481481481481481
0 0.8067708333333333 0.425 0.06770833333333333 0.09074074074074075
0 0.6994791666666667 0.5287037037037037 0.08229166666666667 0.12777777777777777
0 0.8822916666666667 0.3962962962962963 0.0625 0.09259259259259259
2 0.4630208333333333 0.1962962962962963 0.028125 0.06296296296296296
0 0.7989583333333333 0.8981481481481481 0.13541666666666666 0.17037037037037037
