0 0.47239583333333335 0.2037037037037037 0.053125 0.07777777777777778
0 0.528125 0.2712962962962963 0.06666666666666667 0.12777777777777777
0 0.5526041666666667 0.5935185185185186 0.128125 0.24259259259259258
0 0.6416666666666667 0.2898148148148148 0.06666666666666667 0.12407407407407407
0 0.5713541666666667 0.17777777777777778 0.04895833333333333 0.07777777777777778
0 0.784375 0.07777777777777778 0.0375 0.05925925925925926
0 0.7484375 0.11851851851851852 0.046875 0.06666666666666667
0 0.65 0.18796296296296297 0.04791666666666667 0.08333333333333333
2 0.590625 0.10092592592592593 0.04583333333333333 0.09074074074074075
2 0.8130208333333333 0.10555555555555556 0.04895833333333333 0.08518518518518518
0 0.44635416666666666 0.1787037037037037 0.08020833333333334 0.06851851851851852
0 0.8317708333333333 0.19166666666666668 0.06145833333333333 0.08703703703703704
0 0.8203125 0.29814814814814816 0.084375 0.12222222222222222
0 0.9755208333333333 0.3175925925925926 0.04895833333333333 0.12777777777777777
1 0.4921875 0.1 0.13020833333333334 0.16666666666666666
