0 0.24895833333333334 0.862037037037037 0.17291666666666666 0.2759259259259259
0 0.7046875 0.21388888888888888 0.034375 0.05740740740740741
0 0.22135416666666666 0.35185185185185186 0.065625 0.08888888888888889
0 0.64375 0.2175925925925926 0.03333333333333333 0.053703703703703705
0 0.3692708333333333 0.3907407407407407 0.065625 0.11851851851851852
0 0.7666666666666667 0.22037037037037038 0.03958333333333333 0.05555555555555555
0 0.7557291666666667 0.32314814814814813 0.051041666666666666 0.07962962962962963
0 0.8203125 0.19537037037037036 0.040625 0.05740740740740741
0 0.6822916666666666 0.3435185185185185 0.058333333333333334 0.07962962962962963
0 0.8223958333333333 0.42592592592592593 0.07604166666666666 0.1
0 0.5125 0.2564814814814815 0.03958333333333333 0.06851851851851852
2 0.8927083333333333 0.3592592592592593 0.06458333333333334 0.10740740740740741
0 0.7625 0.6796296296296296 0.10625 0.17037037037037037
0 0.953125 0.33425925925925926 0.0625 0.07962962962962963
0 0.47552083333333334 0.19537037037037036 0.030208333333333334 0.046296296296296294
0 0.4234375 0.19166666666666668 0.03229166666666667 0.05
