0 0.6427083333333333 0.14351851851851852 0.0375 0.06111111111111111
0 0.6817708333333333 0.17407407407407408 0.036458333333333336 0.05925925925925926
0 0.684375 0.225 0.05 0.07592592592592592
0 0.7395833333333334 0.31574074074074077 0.075 0.10555555555555556
0 0.6692708333333334 0.48518518518518516 0.09270833333333334 0.16296296296296298
0 0.890625 0.462037037037037 0.10833333333333334 0.1537037037037037
0 0.0796875 0.8037037037037037 0.15729166666666666 0.2518518518518518
0 0.32708333333333334 0.23425925925925925 0.05416666666666667 0.07222222222222222
2 0.484375 0.4666666666666667 0.07291666666666667 0.17777777777777778
0 0.4109375 0.32407407407407407 0.06354166666666666 0.1
0 0.40625 0.19166666666666668 0.0375 0.06111111111111111
0 0.44375 0.225 0.04791666666666667 0.07222222222222222
2 0.46770833333333334 0.12685185185185185 0.027083333333333334 0.05740740740740741
