0 0.1640625 0.6018518518518519 0.165625 0.1814814814814815
0 0.28489583333333335 0.3925925925925926 0.115625 0.1259259259259259
0 0.29791666666666666 0.337037037037037 0.09583333333333334 0.08148148148148149
0 0.8135416666666667 0.20277777777777778 0.03958333333333333 0.06481481481481481
0 0.734375 0.2212962962962963 0.04583333333333333 0.06111111111111111
0 0.4921875 0.31851851851851853 0.08229166666666667 0.09259259259259259
2 0.4479166666666667 0.24444444444444444 0.08125 0.0962962962962963
0 0.9416666666666667 0.48333333333333334 0.06875 0.14444444444444443
0 0.515625 0.1962962962962963 0.04791666666666667 0.05185185185185185
0 0.6338541666666667 0.5888888888888889 0.11770833333333333 0.17777777777777778
0 0.5447916666666667 0.15555555555555556 0.041666666666666664 0.040740740740740744
