0 0.634375 0.1824074074074074 0.03125 0.05
0 0.6864583333333333 0.19722222222222222 0.0375 0.05740740740740741
0 0.20572916666666666 0.687962962962963 0.128125 0.22407407407407406
0 0.4401041666666667 0.45092592592592595 0.065625 0.11666666666666667
0 0.7609375 0.22037037037037038 0.03854166666666667 0.05555555555555555
0 0.28177083333333336 0.3675925925925926 0.06145833333333333 0.08333333333333333
0 0.6848958333333334 0.4009259259259259 0.06354166666666666 0.09814814814814815
0 0.4296875 0.24814814814814815 0.03854166666666667 0.05555555555555555
0 0.7927083333333333 0.4203703703703704 0.06666666666666667 0.1
2 0.49583333333333335 0.2388888888888889 0.035416666666666666 0.06666666666666667
0 0.8927083333333333 0.287962962962963 0.05416666666666667 0.07222222222222222
0 0.7598958333333333 0.7064814814814815 0.11145833333333334 0.17592592592592593
0 0.9296875 0.7157407407407408 0.140625 0.17962962962962964
0 0.465625 0.19166666666666668 0.029166666666666667 0.046296296296296294
