1 0.47708333333333336 0.18333333333333332 0.09583333333333334 0.29259259259259257
0 0.7026041666666667 0.7574074074074074 0.153125 0.3296296296296296
0 0.6234375 0.34074074074074073 0.08229166666666667 0.1259259259259259
0 0.5911458333333334 0.17314814814814813 0.04479166666666667 0.07592592592592592
0 0.6223958333333334 0.11296296296296296 0.040625 0.06296296296296296
0 0.5270833333333333 0.06296296296296296 0.03125 0.04814814814814815
0 0.6734375 0.062037037037037036 0.040625 0.053703703703703705
0 0.5098958333333333 0.11574074074074074 0.07395833333333333 0.06111111111111111
0 0.7807291666666667 0.125 0.053125 0.06851851851851852
1 0.3921875 0.937037037037037 0.33229166666666665 0.1259259259259259
