0 0.1046875 0.9287037037037037 0.16145833333333334 0.1425925925925926
0 0.39739583333333334 0.6666666666666666 0.103125 0.1814814814814815
0 0.30104166666666665 0.525 0.08958333333333333 0.13148148148148148
0 0.6244791666666667 0.21574074074074073 0.034375 0.053703703703703705
0 0.07864583333333333 0.6203703703703703 0.12604166666666666 0.2037037037037037
0 0.4479166666666667 0.37407407407407406 0.05625 0.08518518518518518
0 0.7651041666666667 0.2462962962962963 0.040625 0.05185185185185185
0 0.41354166666666664 0.2814814814814815 0.04583333333333333 0.06666666666666667
0 0.8213541666666667 0.22314814814814815 0.040625 0.05740740740740741
0 0.7776041666666667 0.42777777777777776 0.065625 0.1
0 0.31197916666666664 0.24722222222222223 0.042708333333333334 0.06111111111111111
0 0.5114583333333333 0.18333333333333332 0.025 0.044444444444444446
0 0.7677083333333333 0.7861111111111111 0.13333333333333333 0.20185185185185187
0 0.9645833333333333 0.8314814814814815 0.07083333333333333 0.2222222222222222
