0 0.696875 0.058333333333333334 0.020833333333333332 0.03518518518518519
0 0.7083333333333334 0.06388888888888888 0.025 0.03518518518518519
0 0.31666666666666665 0.30925925925925923 0.08125 0.09259259259259259
0 0.7322916666666667 0.06574074074074074 0.022916666666666665 0.024074074074074074
0 0.728125 0.03888888888888889 0.020833333333333332 0.02962962962962963
0 0.7489583333333333 0.020370370370370372 0.01875 0.037037037037037035
0 0.7479166666666667 0.04722222222222222 0.027083333333333334 0.027777777777777776
0 0.746875 0.08796296296296297 0.027083333333333334 0.046296296296296294
0 0.7661458333333333 0.075 0.021875 0.04259259259259259
0 0.6317708333333333 0.8287037037037037 0.134375 0.29074074074074074
0 0.4859375 0.21296296296296297 0.059375 0.07037037037037037
0 0.9213541666666667 0.8981481481481481 0.15729166666666666 0.16666666666666666
0 0.7338541666666667 0.1037037037037037 0.026041666666666668 0.04814814814814815
0 0.7916666666666666 0.10185185185185185 0.027083333333333334 0.044444444444444446
0 0.7369791666666666 0.39537037037037037 0.08645833333333333 0.13518518518518519
0 0.7770833333333333 0.125 0.035416666666666666 0.053703703703703705
2 0.7161458333333334 0.11944444444444445 0.036458333333333336 0.06111111111111111
0 0.6583333333333333 0.1824074074074074 0.041666666666666664 0.07222222222222222
0 0.8432291666666667 0.1537037037037037 0.04479166666666667 0.07407407407407407
0 0.5859375 0.05277777777777778 0.019791666666666666 0.03518518518518519
0 0.5958333333333333 0.03981481481481482 0.016666666666666666 0.03148148148148148
0 0.8817708333333333 0.24166666666666667 0.065625 0.08333333333333333
0 0.9859375 0.29074074074074074 0.028125 0.08518518518518518
1 0.5463541666666667 0.07777777777777778 0.042708333333333334 0.0962962962962963
