2 0.6651041666666667 0.8398148148148148 0.134375 0.32037037037037036
0 0.8109375 0.2222222222222222 0.03854166666666667 0.05185185185185185
0 0.7484375 0.13333333333333333 0.028125 0.037037037037037035
0 0.765625 0.15462962962962962 0.03333333333333333 0.04259259259259259
0 0.7265625 0.15462962962962962 0.028125 0.04259259259259259
0 0.7067708333333333 0.13703703703703704 0.026041666666666668 0.037037037037037035
0 0.8067708333333333 0.2537037037037037 0.053125 0.06666666666666667
0 0.7463541666666667 0.462037037037037 0.08229166666666667 0.13148148148148148
0 0.59375 0.33796296296296297 0.05416666666666667 0.09444444444444444
0 0.5973958333333333 0.25833333333333336 0.042708333333333334 0.06851851851851852
0 0.5307291666666667 0.22777777777777777 0.034375 0.06296296296296296
0 0.5802083333333333 0.19444444444444445 0.03125 0.05185185185185185
0 0.5744791666666667 0.16666666666666666 0.028125 0.044444444444444446
0 0.9770833333333333 0.39166666666666666 0.04375 0.10555555555555556
1 0.8223958333333333 0.16296296296296298 0.08020833333333334 0.12222222222222222
1 0.9390625 0.2222222222222222 0.121875 0.21851851851851853
