0 0.6447916666666667 0.17777777777777778 0.035416666666666666 0.06296296296296296
0 0.7296875 0.22962962962962963 0.04895833333333333 0.07037037037037037
0 0.6916666666666667 0.2759259259259259 0.04583333333333333 0.07037037037037037
2 0.36354166666666665 0.34814814814814815 0.0625 0.1259259259259259
0 0.8255208333333334 0.18425925925925926 0.042708333333333334 0.046296296296296294
0 0.8359375 0.26944444444444443 0.059375 0.07962962962962963
0 0.30416666666666664 0.25277777777777777 0.04583333333333333 0.06481481481481481
0 0.7958333333333333 0.45185185185185184 0.07708333333333334 0.10740740740740741
2 0.33541666666666664 0.21203703703703702 0.029166666666666667 0.06851851851851852
0 0.9135416666666667 0.2675925925925926 0.06041666666666667 0.07222222222222222
0 0.44895833333333335 0.1824074074074074 0.03125 0.05740740740740741
0 0.5067708333333333 0.1935185185185185 0.03229166666666667 0.05740740740740741
1 0.9442708333333333 0.7 0.11145833333333334 0.5296296296296297
