0 0.8723958333333334 0.737037037037037 0.21770833333333334 0.25925925925925924
0 0.27708333333333335 0.053703703703703705 0.029166666666666667 0.02962962962962963
2 0.37395833333333334 0.39537037037037037 0.10833333333333334 0.17222222222222222
0 0.3921875 0.3148148148148148 0.08645833333333333 0.09259259259259259
0 0.3854166666666667 0.7175925925925926 0.18958333333333333 0.31666666666666665
0 0.36666666666666664 0.06574074074074074 0.03125 0.03148148148148148
0 0.3609375 0.08518518518518518 0.03854166666666667 0.04814814814814815
0 0.28125 0.0962962962962963 0.03958333333333333 0.037037037037037035
0 0.121875 0.23055555555555557 0.05 0.07592592592592592
0 0.19010416666666666 0.2111111111111111 0.051041666666666666 0.07037037037037037
2 0.4578125 0.09166666666666666 0.04479166666666667 0.053703703703703705
0 0.434375 0.11296296296296296 0.03958333333333333 0.05925925925925926
0 0.36875 0.11851851851851852 0.04375 0.044444444444444446
0 0.1359375 0.17314814814814813 0.042708333333333334 0.06851851851851852
0 0.19947916666666668 0.14351851851851852 0.04479166666666667 0.06111111111111111
0 0.11927083333333334 0.12314814814814815 0.030208333333333334 0.046296296296296294
0 0.10260416666666666 0.5925925925925926 0.103125 0.2
0 0.0484375 0.13240740740740742 0.030208333333333334 0.05
0 0.55625 0.20833333333333334 0.07083333333333333 0.06481481481481481
0 0.46875 0.20462962962962963 0.0625 0.053703703703703705
0 0.13958333333333334 0.09537037037037037 0.029166666666666667 0.03518518518518519
0 0.010416666666666666 0.11388888888888889 0.01875 0.03888888888888889
0 0.6671875 0.28055555555555556 0.09479166666666666 0.08703703703703704
0 0.8229166666666666 0.27685185185185185 0.10625 0.08703703703703704
2 0.078125 0.07777777777777778 0.027083333333333334 0.05185185185185185
