0 0.4828125 0.12037037037037036 0.030208333333333334 0.040740740740740744
2 0.5932291666666667 0.2175925925925926 0.046875 0.07962962962962963
0 0.5786458333333333 0.15185185185185185 0.036458333333333336 0.05555555555555555
0 0.6953125 0.2796296296296296 0.059375 0.10740740740740741
0 0.65625 0.1685185185185185 0.04791666666666667 0.08148148148148149
0 0.7875 0.10740740740740741 0.04583333333333333 0.05185185185185185
0 0.5598958333333334 0.11296296296296296 0.028125 0.04814814814814815
0 0.5619791666666667 0.0712962962962963 0.021875 0.03518518518518519
0 0.5947916666666667 0.05092592592592592 0.022916666666666665 0.03518518518518519
2 0.4765625 0.14074074074074075 0.030208333333333334 0.07037037037037037
1 0.4875 0.24722222222222223 0.09583333333333334 0.2537037037037037
