2 0.6255208333333333 0.1824074074074074 0.023958333333333335 0.046296296296296294
0 0.6708333333333333 0.17777777777777778 0.029166666666666667 0.040740740740740744
0 0.6817708333333333 0.20277777777777778 0.030208333333333334 0.04259259259259259
0 0.7427083333333333 0.2064814814814815 0.03125 0.046296296296296294
0 0.6385416666666667 0.25 0.035416666666666666 0.06296296296296296
0 0.40260416666666665 0.5694444444444444 0.090625 0.17222222222222222
0 0.3104166666666667 0.5537037037037037 0.08333333333333333 0.14444444444444443
0 0.19583333333333333 0.4787037037037037 0.08958333333333333 0.10925925925925926
0 0.3645833333333333 0.4305555555555556 0.06458333333333334 0.10185185185185185
0 0.33958333333333335 0.3138888888888889 0.04583333333333333 0.06481481481481481
0 0.3296875 0.25833333333333336 0.042708333333333334 0.053703703703703705
0 0.7859375 0.1935185185185185 0.03229166666666667 0.04259259259259259
0 0.49635416666666665 0.32222222222222224 0.042708333333333334 0.07407407407407407
2 0.4453125 0.25 0.03229166666666667 0.06666666666666667
0 0.8583333333333333 0.262037037037037 0.04791666666666667 0.06111111111111111
0 0.8338541666666667 0.3194444444444444 0.05520833333333333 0.07592592592592592
0 0.6973958333333333 0.46296296296296297 0.06145833333333333 0.1037037037037037
0 0.5119791666666667 0.24814814814814815 0.034375 0.05185185185185185
0 0.85625 0.5342592592592592 0.09375 0.12777777777777777
0 0.9255208333333333 0.3314814814814815 0.06145833333333333 0.07407407407407407
0 0.5119791666666667 0.18981481481481483 0.030208333333333334 0.053703703703703705
