0 0.043229166666666666 0.20833333333333334 0.053125 0.05740740740740741
0 0.2713541666666667 0.2462962962962963 0.07604166666666666 0.05925925925925926
0 0.30625 0.2953703703703704 0.09375 0.07962962962962963
0 0.2734375 0.42777777777777776 0.121875 0.1259259259259259
0 0.440625 0.25 0.075 0.06666666666666667
2 0.625 0.2462962962962963 0.09375 0.08518518518518518
0 0.13229166666666667 0.6472222222222223 0.16666666666666666 0.20555555555555555
0 0.8010416666666667 0.32407407407407407 0.11875 0.08888888888888889
0 0.024479166666666666 0.3638888888888889 0.046875 0.09074074074074075
0 0.9208333333333333 0.42685185185185187 0.10625 0.09444444444444444
