0 0.928125 0.17777777777777778 0.07916666666666666 0.08518518518518518
0 0.06458333333333334 0.4787037037037037 0.09583333333333334 0.08333333333333333
0 0.784375 0.31666666666666665 0.11041666666666666 0.11851851851851852
0 0.17135416666666667 0.5157407407407407 0.103125 0.08333333333333333
0 0.26875 0.4074074074074074 0.09375 0.1
0 0.2526041666666667 0.3851851851851852 0.084375 0.07037037037037037
0 0.3875 0.36666666666666664 0.09583333333333334 0.08518518518518518
0 0.3338541666666667 0.7342592592592593 0.234375 0.21666666666666667
0 0.5838541666666667 0.15 0.053125 0.044444444444444446
0 0.275 0.5546296296296296 0.07291666666666667 0.05740740740740741
