0 0.08385416666666666 0.23055555555555557 0.053125 0.046296296296296294
0 0.029166666666666667 0.23703703703703705 0.05625 0.04814814814814815
0 0.03229166666666667 0.2675925925925926 0.0625 0.06111111111111111
0 0.2921875 0.2601851851851852 0.06770833333333333 0.07222222222222222
2 0.43645833333333334 0.3527777777777778 0.13125 0.11296296296296296
0 0.3302083333333333 0.7305555555555555 0.2125 0.22037037037037038
0 0.6015625 0.3824074074074074 0.121875 0.10555555555555556
0 0.07239583333333334 0.4222222222222222 0.103125 0.11851851851851852
0 0.7848958333333333 0.5518518518518518 0.17395833333333333 0.14444444444444443
0 0.10572916666666667 0.7462962962962963 0.16145833333333334 0.24444444444444444
0 0.9151041666666667 0.5416666666666666 0.16979166666666667 0.13518518518518519
