0 0.46510416666666665 0.18703703703703703 0.059375 0.07777777777777778
0 0.6776041666666667 0.8555555555555555 0.15520833333333334 0.28888888888888886
0 0.5088541666666667 0.20925925925925926 0.06979166666666667 0.07777777777777778
0 0.9317708333333333 0.8629629629629629 0.13645833333333332 0.22962962962962963
0 0.5604166666666667 0.16574074074074074 0.03958333333333333 0.07592592592592592
0 0.6734375 0.24351851851851852 0.059375 0.10555555555555556
0 0.746875 0.42407407407407405 0.1 0.16666666666666666
0 0.75625 0.06296296296296296 0.035416666666666666 0.044444444444444446
0 0.5520833333333334 0.09722222222222222 0.035416666666666666 0.053703703703703705
0 0.8890625 0.1935185185185185 0.06354166666666666 0.07962962962962963
1 0.45416666666666666 0.475 0.17916666666666667 0.4759259259259259
