0 0.6380208333333334 0.1361111111111111 0.034375 0.05
2 0.6635416666666667 0.16574074074074074 0.04375 0.07592592592592592
0 0.7265625 0.2833333333333333 0.059375 0.0962962962962963
0 0.8453125 0.9305555555555556 0.203125 0.1388888888888889
0 0.14739583333333334 0.6268518518518519 0.121875 0.17592592592592593
0 0.13802083333333334 0.8592592592592593 0.196875 0.25555555555555554
0 0.38645833333333335 0.3731481481481482 0.07083333333333333 0.11666666666666667
0 0.3489583333333333 0.2962962962962963 0.06666666666666667 0.08888888888888889
0 0.43802083333333336 0.23425925925925925 0.051041666666666666 0.07222222222222222
0 0.48020833333333335 0.5277777777777778 0.09791666666666667 0.17777777777777778
0 0.4 0.19537037037037036 0.04375 0.06481481481481481
0 0.46875 0.1527777777777778 0.035416666666666666 0.053703703703703705
0 0.5197916666666667 0.17962962962962964 0.03958333333333333 0.06296296296296296
2 0.4348958333333333 0.125 0.036458333333333336 0.07962962962962963
0 0.4895833333333333 0.11481481481481481 0.027083333333333334 0.044444444444444446
