0 0.2609375 0.48055555555555557 0.11145833333333334 0.18333333333333332
0 0.5713541666666667 0.725 0.12604166666666666 0.31296296296296294
0 0.8328125 0.8537037037037037 0.178125 0.24814814814814815
0 0.5234375 0.30925925925925923 0.07604166666666666 0.12222222222222222
0 0.7583333333333333 0.011111111111111112 0.0375 0.018518518518518517
0 0.5796875 0.17962962962962964 0.057291666666666664 0.1
0 0.6833333333333333 0.20833333333333334 0.06458333333333334 0.09444444444444444
0 0.5 0.11388888888888889 0.05 0.07592592592592592
0 0.8859375 0.028703703703703703 0.05520833333333333 0.053703703703703705
0 0.8270833333333333 0.11944444444444445 0.06041666666666667 0.07962962962962963
0 0.8916666666666667 0.09351851851851851 0.0625 0.06851851851851852
2 0.6583333333333333 0.04351851851851852 0.041666666666666664 0.08333333333333333
0 0.959375 0.17777777777777778 0.08125 0.08518518518518518
0 0.9328125 0.26481481481481484 0.09479166666666666 0.10740740740740741
