0 0.6942708333333333 0.03981481481481482 0.019791666666666666 0.027777777777777776
0 0.7052083333333333 0.05277777777777778 0.022916666666666665 0.03518518518518519
0 0.225 0.4083333333333333 0.1 0.12777777777777777
0 0.7380208333333333 0.022222222222222223 0.021875 0.025925925925925925
0 0.7223958333333333 0.027777777777777776 0.019791666666666666 0.02962962962962963
0 0.7354166666666667 0.062037037037037036 0.029166666666666667 0.027777777777777776
0 0.7442708333333333 0.049074074074074076 0.021875 0.03518518518518519
0 0.3578125 0.2712962962962963 0.07604166666666666 0.08703703703703704
0 0.73125 0.08703703703703704 0.029166666666666667 0.040740740740740744
0 0.7796875 0.07777777777777778 0.028125 0.044444444444444446
0 0.7666666666666667 0.1 0.03333333333333333 0.05185185185185185
2 0.6885416666666667 0.0824074074074074 0.029166666666666667 0.05
0 0.7869791666666667 0.65 0.13229166666666667 0.22592592592592592
0 0.8140625 0.09722222222222222 0.036458333333333336 0.053703703703703705
0 0.628125 0.0962962962962963 0.029166666666666667 0.044444444444444446
0 0.5963541666666666 0.07407407407407407 0.021875 0.040740740740740744
0 0.7984375 0.14722222222222223 0.042708333333333334 0.05740740740740741
0 0.8723958333333334 0.16203703703703703 0.051041666666666666 0.05740740740740741
0 0.88125 0.2074074074074074 0.06041666666666667 0.07037037037037037
0 0.9192708333333334 0.14074074074074075 0.071875 0.06666666666666667
0 0.5859375 0.03611111111111111 0.019791666666666666 0.03148148148148148
0 0.6098958333333333 0.020370370370370372 0.017708333333333333 0.037037037037037035
1 0.5505208333333333 0.11666666666666667 0.04895833333333333 0.13703703703703704
