0 0.484375 0.021296296296296296 0.05625 0.03888888888888889
0 0.4041666666666667 0.09444444444444444 0.06458333333333334 0.1
0 0.34739583333333335 0.020370370370370372 0.059375 0.037037037037037035
0 0.634375 0.07962962962962963 0.05625 0.08518518518518518
0 0.49375 0.2037037037037037 0.08333333333333333 0.13333333333333333
0 0.6921875 0.3055555555555556 0.09479166666666666 0.15555555555555556
0 0.23489583333333333 0.22407407407407406 0.10520833333333333 0.14074074074074075
0 0.4578125 0.7638888888888888 0.140625 0.2537037037037037
0 0.0921875 0.9064814814814814 0.18229166666666666 0.18703703703703703
0 0.9578125 0.8212962962962963 0.084375 0.2388888888888889
