0 0.25416666666666665 0.7148148148148148 0.13125 0.24444444444444444
0 0.1984375 0.4824074074074074 0.09270833333333334 0.12037037037037036
0 0.39947916666666666 0.31296296296296294 0.057291666666666664 0.1
0 0.47239583333333335 0.34074074074074073 0.053125 0.1111111111111111
0 0.30625 0.2564814814814815 0.041666666666666664 0.06111111111111111
0 0.6557291666666667 0.25 0.04479166666666667 0.08148148148148149
0 0.6328125 0.17777777777777778 0.034375 0.06296296296296296
0 0.7104166666666667 0.18518518518518517 0.035416666666666666 0.04814814814814815
0 0.7765625 0.20925925925925926 0.040625 0.05185185185185185
0 0.7432291666666667 0.2675925925925926 0.051041666666666666 0.06481481481481481
0 0.8494791666666667 0.22685185185185186 0.04479166666666667 0.05740740740740741
0 0.8552083333333333 0.325 0.05625 0.06851851851851852
0 0.6984375 0.4388888888888889 0.071875 0.1
0 0.8213541666666667 0.44537037037037036 0.08020833333333334 0.11296296296296296
0 0.7526041666666666 0.7305555555555555 0.11979166666666667 0.20185185185185187
0 0.9390625 0.42777777777777776 0.084375 0.10740740740740741
