0 0.7005208333333334 0.2740740740740741 0.06145833333333333 0.08888888888888889
0 0.6744791666666666 0.19444444444444445 0.042708333333333334 0.05925925925925926
0 0.640625 0.1425925925925926 0.035416666666666666 0.05185185185185185
2 0.8041666666666667 0.45 0.11875 0.2
0 0.46822916666666664 0.7824074074074074 0.140625 0.2796296296296296
0 0.33125 0.587037037037037 0.11666666666666667 0.1962962962962963
0 0.4046875 0.3296296296296296 0.06770833333333333 0.11481481481481481
0 0.3151041666666667 0.3194444444444444 0.059375 0.09444444444444444
0 0.409375 0.2601851851851852 0.04791666666666667 0.06851851851851852
0 0.4578125 0.17685185185185184 0.034375 0.06481481481481481
