0 0.5166666666666667 0.9305555555555556 0.175 0.1388888888888889
2 0.23072916666666668 0.04259259259259259 0.03229166666666667 0.044444444444444446
0 0.20572916666666666 0.06296296296296296 0.030208333333333334 0.02962962962962963
0 0.3171875 0.044444444444444446 0.023958333333333335 0.03333333333333333
0 0.42552083333333335 0.3287037037037037 0.08854166666666667 0.10555555555555556
2 0.3104166666666667 0.0824074074074074 0.03958333333333333 0.046296296296296294
0 0.3333333333333333 0.06666666666666667 0.03333333333333333 0.040740740740740744
0 0.3796875 0.11666666666666667 0.042708333333333334 0.04814814814814815
0 0.3015625 0.11018518518518519 0.034375 0.03888888888888889
0 0.19635416666666666 0.4361111111111111 0.09479166666666666 0.13518518518518519
0 0.075 0.19444444444444445 0.04583333333333333 0.06296296296296296
0 0.22135416666666666 0.17222222222222222 0.046875 0.06296296296296296
0 0.48385416666666664 0.1675925925925926 0.065625 0.06111111111111111
0 0.5484375 0.15462962962962962 0.065625 0.05740740740740741
0 0.609375 0.24259259259259258 0.09166666666666666 0.07777777777777778
0 0.6671875 0.3074074074074074 0.103125 0.08148148148148149
0 0.08645833333333333 0.09444444444444444 0.029166666666666667 0.040740740740740744
2 0.0265625 0.09351851851851851 0.028125 0.053703703703703705
2 0.8354166666666667 0.2601851851851852 0.12708333333333333 0.12037037037037036
