0 0.6098958333333333 0.46944444444444444 0.08020833333333334 0.1537037037037037
0 0.08125 0.6342592592592593 0.16041666666666668 0.20185185185185187
0 0.7307291666666667 0.06944444444444445 0.023958333333333335 0.04259259259259259
0 0.7697916666666667 0.06851851851851852 0.027083333333333334 0.037037037037037035
0 0.6005208333333333 0.18888888888888888 0.040625 0.07407407407407407
0 0.7 0.0824074074074074 0.029166666666666667 0.04259259259259259
0 0.7786458333333334 0.09166666666666666 0.028125 0.04259259259259259
0 0.7640625 0.12314814814814815 0.03854166666666667 0.06111111111111111
0 0.6229166666666667 0.08055555555555556 0.022916666666666665 0.046296296296296294
0 0.5723958333333333 0.04722222222222222 0.021875 0.03518518518518519
0 0.5671875 0.07407407407407407 0.023958333333333335 0.040740740740740744
0 0.8604166666666667 0.21851851851851853 0.0625 0.07777777777777778
0 0.8864583333333333 0.30277777777777776 0.08333333333333333 0.12407407407407407
