2 0.6744791666666666 0.30185185185185187 0.05520833333333333 0.09259259259259259
0 0.7640625 0.31203703703703706 0.057291666666666664 0.08333333333333333
0 0.28177083333333336 0.3287037037037037 0.06354166666666666 0.08333333333333333
0 0.8270833333333333 0.28055555555555556 0.05625 0.06851851851851852
0 0.8333333333333334 0.20462962962962963 0.04583333333333333 0.053703703703703705
0 0.3885416666666667 0.2962962962962963 0.052083333333333336 0.08148148148148149
0 0.4791666666666667 0.2777777777777778 0.04583333333333333 0.08148148148148149
0 0.7385416666666667 0.5222222222222223 0.08958333333333333 0.16296296296296298
0 0.4432291666666667 0.2175925925925926 0.04479166666666667 0.07222222222222222
0 0.9692708333333333 0.34629629629629627 0.06145833333333333 0.09259259259259259
