0 0.07552083333333333 0.9185185185185185 0.14895833333333333 0.16296296296296298
1 0.8276041666666667 0.06759259259259259 0.16979166666666667 0.13148148148148148
0 0.2671875 0.18333333333333332 0.08645833333333333 0.14074074074074075
0 0.19010416666666666 0.5157407407407407 0.18645833333333334 0.26481481481481484
0 0.3776041666666667 0.8435185185185186 0.209375 0.31296296296296294
3 0.359375 0.15092592592592594 0.12916666666666668 0.26851851851851855
0 0.39427083333333335 0.020370370370370372 0.042708333333333334 0.037037037037037035
1 0.9375 0.23981481481481481 0.125 0.43148148148148147
0 0.7192708333333333 0.07407407407407407 0.065625 0.08888888888888889
0 0.44479166666666664 0.03888888888888889 0.05416666666666667 0.07407407407407407
0 0.5140625 0.03611111111111111 0.04895833333333333 0.06851851851851852
0 0.9005208333333333 0.6333333333333333 0.19895833333333332 0.3296296296296296
