2 0.7489583333333333 0.812962962962963 0.18541666666666667 0.37407407407407406
0 0.6473958333333333 0.537962962962963 0.109375 0.19444444444444445
0 0.6442708333333333 0.337037037037037 0.084375 0.16296296296296298
0 0.9442708333333333 0.8009259259259259 0.11145833333333334 0.35
0 0.8052083333333333 0.42685185185185187 0.11041666666666666 0.1648148148148148
0 0.6109375 0.19074074074074074 0.04895833333333333 0.08888888888888889
0 0.775 0.05740740740740741 0.0375 0.05555555555555555
0 0.8109375 0.04537037037037037 0.03229166666666667 0.046296296296296294
0 0.7067708333333333 0.18888888888888888 0.053125 0.08518518518518518
2 0.5880208333333333 0.12314814814814815 0.034375 0.08333333333333333
0 0.8369791666666667 0.08611111111111111 0.042708333333333334 0.06111111111111111
0 0.6197916666666666 0.1 0.035416666666666666 0.06296296296296296
0 0.8005208333333333 0.125 0.04895833333333333 0.07592592592592592
0 0.6015625 0.05555555555555555 0.030208333333333334 0.04814814814814815
0 0.9416666666666667 0.15555555555555556 0.06458333333333334 0.07407407407407407
0 0.9598958333333333 0.22962962962962963 0.08020833333333334 0.0962962962962963
0 0.9552083333333333 0.32037037037037036 0.08958333333333333 0.1259259259259259
1 0.3848958333333333 0.7666666666666667 0.36354166666666665 0.43703703703703706
