1 0.07760416666666667 0.6314814814814815 0.153125 0.4703703703703704
0 0.6453125 0.19166666666666668 0.028125 0.046296296296296294
2 0.34479166666666666 0.4111111111111111 0.07083333333333333 0.14444444444444443
2 0.34427083333333336 0.32685185185185184 0.04895833333333333 0.10185185185185185
0 0.4479166666666667 0.42962962962962964 0.07083333333333333 0.11851851851851852
0 0.12916666666666668 0.39814814814814814 0.08125 0.0962962962962963
2 0.30833333333333335 0.2675925925925926 0.052083333333333336 0.09444444444444444
0 0.8177083333333334 0.2101851851851852 0.041666666666666664 0.05740740740740741
0 0.4640625 0.28888888888888886 0.04479166666666667 0.07037037037037037
2 0.7385416666666667 0.524074074074074 0.08333333333333333 0.15925925925925927
0 0.49583333333333335 0.2 0.03333333333333333 0.05555555555555555
0 0.9625 0.7814814814814814 0.075 0.1925925925925926
0 0.9765625 0.34444444444444444 0.046875 0.08148148148148149
