0 0.5104166666666666 0.18333333333333332 0.0375 0.07037037037037037
0 0.5963541666666666 0.27314814814814814 0.051041666666666666 0.09444444444444444
2 0.5244791666666667 0.22777777777777777 0.04895833333333333 0.11481481481481481
0 0.5729166666666666 0.175 0.03958333333333333 0.06851851851851852
0 0.66875 0.06574074074074074 0.03125 0.04259259259259259
0 0.6838541666666667 0.046296296296296294 0.028125 0.044444444444444446
0 0.6333333333333333 0.15925925925925927 0.052083333333333336 0.08148148148148149
0 0.7421875 0.4444444444444444 0.09270833333333334 0.16666666666666666
0 0.7333333333333333 0.10092592592592593 0.03958333333333333 0.05740740740740741
0 0.5760416666666667 0.07407407407407407 0.027083333333333334 0.05185185185185185
1 0.5161458333333333 0.046296296296296294 0.03854166666666667 0.08888888888888889
0 0.8598958333333333 0.18796296296296297 0.06770833333333333 0.09074074074074075
1 0.4515625 0.4722222222222222 0.17395833333333333 0.5111111111111111
