0 0.23697916666666666 0.4861111111111111 0.08645833333333333 0.07222222222222222
0 0.23385416666666667 0.8805555555555555 0.20104166666666667 0.1685185185185185
0 0.534375 0.7351851851851852 0.13333333333333333 0.1259259259259259
3 0.05364583333333333 0.6861111111111111 0.10520833333333333 0.13518518518518519
1 0.3203125 0.6101851851851852 0.34270833333333334 0.2611111111111111
0 0.04895833333333333 0.5861111111111111 0.09583333333333334 0.08333333333333333
1 0.9651041666666667 0.7222222222222222 0.06979166666666667 0.27037037037037037
0 0.9322916666666666 0.6111111111111112 0.08958333333333333 0.09259259259259259
0 0.8390625 0.5638888888888889 0.078125 0.07962962962962963
0 0.5651041666666666 0.512962962962963 0.09270833333333334 0.06666666666666667
