0 0.909375 0.34814814814814815 0.14166666666666666 0.11481481481481481
0 0.7239583333333334 0.2759259259259259 0.11041666666666666 0.1037037037037037
2 0.615625 0.23796296296296296 0.09583333333333334 0.09074074074074075
0 0.5119791666666667 0.21203703703703702 0.06979166666666667 0.06851851851851852
0 0.4432291666666667 0.19166666666666668 0.05520833333333333 0.06111111111111111
0 0.23489583333333333 0.3814814814814815 0.07395833333333333 0.0962962962962963
0 0.503125 0.2462962962962963 0.07083333333333333 0.07407407407407407
2 0.815625 0.7129629629629629 0.27291666666666664 0.32592592592592595
0 0.5807291666666666 0.549074074074074 0.15520833333333334 0.1685185185185185
1 0.3859375 0.27870370370370373 0.18229166666666666 0.20185185185185187
0 0.9453125 0.5203703703703704 0.109375 0.17407407407407408
0 0.6369791666666667 0.47129629629629627 0.16770833333333332 0.1388888888888889
0 0.4244791666666667 0.4361111111111111 0.11145833333333334 0.12407407407407407
2 0.8203125 0.5370370370370371 0.17395833333333333 0.2037037037037037
0 0.9578125 0.6842592592592592 0.084375 0.1537037037037037
0 0.7619791666666667 0.425 0.15520833333333334 0.12037037037037036
0 0.6171875 0.35648148148148145 0.11979166666666667 0.10555555555555556
0 0.2875 0.3148148148148148 0.06875 0.0962962962962963
0 0.3494791666666667 0.375 0.078125 0.09814814814814815
0 0.5052083333333334 0.3 0.08333333333333333 0.10740740740740741
0 0.29375 0.2574074074074074 0.04583333333333333 0.06296296296296296
0 0.2484375 0.23425925925925925 0.042708333333333334 0.05
0 0.23958333333333334 0.28425925925925927 0.04583333333333333 0.07222222222222222
