0 0.4895833333333333 0.12314814814814815 0.041666666666666664 0.05740740740740741
0 0.7036458333333333 0.046296296296296294 0.026041666666666668 0.040740740740740744
0 0.6348958333333333 0.38425925925925924 0.078125 0.12777777777777777
0 0.68125 0.06574074074074074 0.027083333333333334 0.046296296296296294
0 0.7270833333333333 0.09537037037037037 0.035416666666666666 0.05
0 0.5395833333333333 0.23981481481481481 0.058333333333333334 0.09444444444444444
1 0.5484375 0.09537037037037037 0.051041666666666666 0.11296296296296296
0 0.5723958333333333 0.08888888888888889 0.021875 0.04814814814814815
0 0.7380208333333333 0.16666666666666666 0.04895833333333333 0.06296296296296296
0 0.7927083333333333 0.15462962962962962 0.04791666666666667 0.07592592592592592
0 0.603125 0.05925925925925926 0.027083333333333334 0.040740740740740744
