0 0.3848958333333333 0.7277777777777777 0.15520833333333334 0.23703703703703705
0 0.76875 0.14351851851851852 0.03125 0.046296296296296294
0 0.525 0.4046296296296296 0.08125 0.12407407407407407
0 0.6796875 0.8870370370370371 0.13854166666666667 0.22592592592592592
0 0.5255208333333333 0.3055555555555556 0.06145833333333333 0.07777777777777778
0 0.6619791666666667 0.387037037037037 0.06979166666666667 0.13703703703703704
0 0.5880208333333333 0.23055555555555557 0.04479166666666667 0.06481481481481481
0 0.6067708333333334 0.17407407407407408 0.03229166666666667 0.05555555555555555
0 0.8755208333333333 0.3351851851851852 0.07395833333333333 0.09259259259259259
1 0.4942708333333333 0.18981481481481483 0.128125 0.1574074074074074
