0 0.334375 0.23055555555555557 0.04375 0.07222222222222222
0 0.63125 0.11481481481481481 0.025 0.05185185185185185
0 0.5776041666666667 0.0787037037037037 0.021875 0.03888888888888889
0 0.6822916666666666 0.13425925925925927 0.035416666666666666 0.046296296296296294
0 0.6661458333333333 0.1712962962962963 0.046875 0.06851851851851852
0 0.29739583333333336 0.6351851851851852 0.121875 0.2037037037037037
0 0.16979166666666667 0.5907407407407408 0.12916666666666668 0.18518518518518517
0 0.5015625 0.24074074074074073 0.04479166666666667 0.08148148148148149
0 0.73125 0.19907407407407407 0.04583333333333333 0.06851851851851852
0 0.4197916666666667 0.2490740740740741 0.052083333333333336 0.07592592592592592
0 0.4734375 0.1361111111111111 0.03229166666666667 0.053703703703703705
0 0.525 0.17592592592592593 0.041666666666666664 0.05925925925925926
0 0.7338541666666667 0.3388888888888889 0.071875 0.11851851851851852
0 0.8776041666666666 0.3768518518518518 0.09270833333333334 0.12407407407407407
0 0.5125 0.12314814814814815 0.03125 0.04259259259259259
0 0.4588541666666667 0.1111111111111111 0.021875 0.037037037037037035
0 0.49270833333333336 0.09259259259259259 0.022916666666666665 0.03333333333333333
1 0.6708333333333333 0.08703703703703704 0.05 0.08888888888888889
