0 0.6223958333333334 0.19074074074074074 0.028125 0.044444444444444446
0 0.721875 0.18333333333333332 0.029166666666666667 0.040740740740740744
2 0.20885416666666667 0.9351851851851852 0.15729166666666666 0.12962962962962962
0 0.33541666666666664 0.462037037037037 0.06875 0.10925925925925926
0 0.6859375 0.21666666666666667 0.034375 0.06296296296296296
2 0.19791666666666666 0.487962962962963 0.07708333333333334 0.14629629629629629
0 0.765625 0.2490740740740741 0.041666666666666664 0.053703703703703705
0 0.33541666666666664 0.3296296296296296 0.05 0.06666666666666667
0 0.7390625 0.31666666666666665 0.04895833333333333 0.07407407407407407
0 0.39114583333333336 0.23703703703703705 0.034375 0.05185185185185185
0 0.6895833333333333 0.43148148148148147 0.058333333333333334 0.09259259259259259
0 0.8135416666666667 0.48518518518518516 0.08333333333333333 0.11481481481481481
0 0.8864583333333333 0.4009259259259259 0.06875 0.08703703703703704
0 0.4666666666666667 0.21944444444444444 0.03333333333333333 0.053703703703703705
0 0.51875 0.21296296296296297 0.029166666666666667 0.05185185185185185
0 0.44479166666666664 0.17777777777777778 0.025 0.037037037037037035
0 0.9395833333333333 0.34629629629629627 0.0625 0.07407407407407407
0 0.48125 0.19074074074074074 0.027083333333333334 0.044444444444444446
