1 0.8177083333333334 0.06018518518518518 0.15416666666666667 0.11666666666666667
0 0.24479166666666666 0.22314814814814815 0.09375 0.16111111111111112
0 0.11458333333333333 0.6398148148148148 0.22708333333333333 0.3277777777777778
3 0.33958333333333335 0.19166666666666668 0.14166666666666666 0.30185185185185187
0 0.39479166666666665 0.022222222222222223 0.05 0.040740740740740744
1 0.9322916666666666 0.23148148148148148 0.13541666666666666 0.44074074074074077
0 0.7046875 0.03981481481481482 0.059375 0.07592592592592592
0 0.4390625 0.05092592592592592 0.057291666666666664 0.09814814814814815
0 0.5109375 0.058333333333333334 0.057291666666666664 0.09074074074074075
0 0.8572916666666667 0.47962962962962963 0.17708333333333334 0.24814814814814815
