0 0.9473958333333333 0.8407407407407408 0.10520833333333333 0.2074074074074074
0 0.6098958333333333 0.6574074074074074 0.18645833333333334 0.22962962962962963
0 0.21354166666666666 0.05648148148148148 0.03125 0.03518518518518519
0 0.23645833333333333 0.041666666666666664 0.03125 0.03148148148148148
0 0.30625 0.03425925925925926 0.027083333333333334 0.03148148148148148
0 0.196875 0.3787037037037037 0.08333333333333333 0.12407407407407407
0 0.2828125 0.09259259259259259 0.042708333333333334 0.040740740740740744
0 0.3854166666666667 0.1111111111111111 0.05 0.044444444444444446
0 0.18958333333333333 0.2111111111111111 0.05625 0.07037037037037037
0 0.3890625 0.14444444444444443 0.04479166666666667 0.044444444444444446
0 0.11510416666666666 0.12407407407407407 0.036458333333333336 0.05185185185185185
0 0.5166666666666667 0.21481481481481482 0.075 0.06666666666666667
0 0.596875 0.20555555555555555 0.07708333333333334 0.07407407407407407
0 0.6552083333333333 0.18796296296296297 0.06875 0.07222222222222222
0 0.7208333333333333 0.175 0.08125 0.06851851851851852
1 0.07291666666666667 0.06481481481481481 0.06041666666666667 0.10740740740740741
0 0.13177083333333334 0.08055555555555556 0.036458333333333336 0.04259259259259259
2 0.9302083333333333 0.2916666666666667 0.13958333333333334 0.11666666666666667
