1 0.5171875 0.18425925925925926 0.46770833333333334 0.2574074074074074
1 0.8734375 0.09814814814814815 0.221875 0.1925925925925926
0 0.1671875 0.4444444444444444 0.25104166666666666 0.24074074074074073
0 0.5447916666666667 0.2824074074074074 0.16041666666666668 0.1537037037037037
0 0.8661458333333333 0.19074074074074074 0.096875 0.09259259259259259
0 0.8322916666666667 0.2796296296296296 0.12916666666666668 0.11851851851851852
0 0.07604166666666666 0.1574074074074074 0.15 0.10740740740740741
0 0.23072916666666668 0.1398148148148148 0.134375 0.09814814814814815
0 0.375 0.10740740740740741 0.10833333333333334 0.1037037037037037
0 0.5161458333333333 0.10277777777777777 0.09895833333333333 0.08703703703703704
