0 0.6807291666666667 0.20092592592592592 0.04895833333333333 0.06851851851851852
2 0.5984375 0.18888888888888888 0.046875 0.0962962962962963
0 0.7088541666666667 0.2833333333333333 0.06979166666666667 0.11851851851851852
0 0.6713541666666667 0.40185185185185185 0.07604166666666666 0.12962962962962962
0 0.840625 0.5509259259259259 0.125 0.1685185185185185
0 0.27291666666666664 0.7481481481481481 0.14791666666666667 0.24814814814814815
0 0.30416666666666664 0.4935185185185185 0.09791666666666667 0.1574074074074074
0 0.4942708333333333 0.34444444444444444 0.06354166666666666 0.1111111111111111
0 0.41302083333333334 0.27314814814814814 0.059375 0.09444444444444444
2 0.5041666666666667 0.23703703703703705 0.052083333333333336 0.1111111111111111
0 0.38958333333333334 0.20925925925925926 0.04375 0.06666666666666667
0 0.4171875 0.15092592592592594 0.03854166666666667 0.05740740740740741
2 0.5166666666666667 0.14629629629629629 0.03125 0.06666666666666667
0 0.4890625 0.11018518518518519 0.028125 0.04259259259259259
0 0.44947916666666665 0.09907407407407408 0.026041666666666668 0.046296296296296294
