0 0.678125 0.17407407407407408 0.029166666666666667 0.05185185185185185
0 0.38385416666666666 0.6555555555555556 0.09479166666666666 0.17037037037037037
0 0.6401041666666667 0.23333333333333334 0.036458333333333336 0.07407407407407407
0 0.7427083333333333 0.19444444444444445 0.03125 0.04814814814814815
0 0.434375 0.41203703703703703 0.0625 0.09814814814814815
3 0.30520833333333336 0.4546296296296296 0.09375 0.2388888888888889
0 0.20729166666666668 0.4425925925925926 0.0875 0.11851851851851852
0 0.7828125 0.18425925925925926 0.03229166666666667 0.046296296296296294
0 0.24427083333333333 0.3148148148148148 0.051041666666666666 0.07037037037037037
0 0.3489583333333333 0.28888888888888886 0.052083333333333336 0.07037037037037037
0 0.33697916666666666 0.2222222222222222 0.03229166666666667 0.044444444444444446
0 0.696875 0.5175925925925926 0.07708333333333334 0.11666666666666667
0 0.8958333333333334 0.6555555555555556 0.11875 0.16296296296296298
0 0.9583333333333334 0.4740740740740741 0.08333333333333333 0.11481481481481481
