0 0.78125 0.23703703703703705 0.0375 0.05185185185185185
0 0.8411458333333334 0.23981481481481481 0.034375 0.05
0 0.04375 0.5611111111111111 0.08541666666666667 0.14074074074074075
0 0.7177083333333333 0.34629629629629627 0.0625 0.07777777777777778
2 0.8484375 0.44351851851851853 0.06145833333333333 0.13148148148148148
0 0.4390625 0.34814814814814815 0.07604166666666666 0.07777777777777778
0 0.9588541666666667 0.5370370370370371 0.08229166666666667 0.14074074074074075
0 0.440625 0.26666666666666666 0.052083333333333336 0.05555555555555555
0 0.6005208333333333 0.28055555555555556 0.05520833333333333 0.05740740740740741
0 0.24375 0.9027777777777778 0.21458333333333332 0.19444444444444445
