0 0.3494791666666667 0.8472222222222222 0.13645833333333332 0.2537037037037037
0 0.24375 0.6425925925925926 0.1125 0.17407407407407408
0 0.6213541666666667 0.19166666666666668 0.030208333333333334 0.046296296296296294
0 0.4322916666666667 0.42314814814814816 0.06458333333333334 0.10185185185185185
0 0.7515625 0.2222222222222222 0.036458333333333336 0.05185185185185185
0 0.396875 0.3101851851851852 0.052083333333333336 0.07962962962962963
0 0.8020833333333334 0.19814814814814816 0.03958333333333333 0.05185185185185185
0 0.753125 0.36666666666666664 0.05625 0.08148148148148149
0 0.2869791666666667 0.26666666666666666 0.046875 0.07037037037037037
0 0.509375 0.19074074074074074 0.027083333333333334 0.04814814814814815
0 0.725 0.6055555555555555 0.1 0.15185185185185185
0 0.9322916666666666 0.6574074074074074 0.13541666666666666 0.1962962962962963
