0 0.03125 0.6212962962962963 0.06041666666666667 0.12777777777777777
0 0.18385416666666668 0.41574074074074074 0.121875 0.12777777777777777
0 0.8848958333333333 0.22685185185185186 0.042708333333333334 0.06851851851851852
0 0.34427083333333336 0.3527777777777778 0.096875 0.10555555555555556
0 0.42135416666666664 0.35185185185185186 0.103125 0.12962962962962962
0 0.771875 0.2935185185185185 0.06875 0.10925925925925926
0 0.29739583333333336 0.29074074074074074 0.08229166666666667 0.08148148148148149
0 0.6869791666666667 0.2935185185185185 0.065625 0.09074074074074075
2 0.8229166666666666 0.4935185185185185 0.08125 0.17592592592592593
2 0.975 0.4398148148148148 0.05 0.16111111111111112
0 0.5671875 0.19814814814814816 0.053125 0.06296296296296296
0 0.5114583333333333 0.1537037037037037 0.04791666666666667 0.05185185185185185
0 0.44895833333333335 0.6101851851851852 0.14166666666666666 0.18703703703703703
