0 0.6197916666666666 0.08425925925925926 0.029166666666666667 0.05740740740740741
0 0.671875 0.08055555555555556 0.029166666666666667 0.046296296296296294
0 0.5838541666666667 0.10648148148148148 0.028125 0.046296296296296294
0 0.653125 0.10648148148148148 0.03333333333333333 0.04259259259259259
0 0.6515625 0.14166666666666666 0.040625 0.06111111111111111
0 0.7229166666666667 0.1685185185185185 0.04583333333333333 0.07037037037037037
0 0.6135416666666667 0.19444444444444445 0.04791666666666667 0.07037037037037037
2 0.6932291666666667 0.24351851851851852 0.053125 0.09444444444444444
0 0.8265625 0.2962962962962963 0.078125 0.10740740740740741
0 0.7671875 0.40185185185185185 0.09895833333333333 0.12962962962962962
0 0.7161458333333334 0.6055555555555555 0.11979166666666667 0.21481481481481482
0 0.29635416666666664 0.3296296296296296 0.06354166666666666 0.1037037037037037
0 0.28020833333333334 0.5453703703703704 0.11041666666666666 0.17962962962962964
0 0.390625 0.8731481481481481 0.17708333333333334 0.2537037037037037
0 0.4708333333333333 0.37592592592592594 0.07291666666666667 0.1259259259259259
0 0.44375 0.16018518518518518 0.04375 0.06481481481481481
0 0.5098958333333333 0.1712962962962963 0.046875 0.08333333333333333
