0 0.4979166666666667 0.11666666666666667 0.03958333333333333 0.06296296296296296
0 0.5994791666666667 0.31296296296296294 0.071875 0.12222222222222222
0 0.6947916666666667 0.06388888888888888 0.027083333333333334 0.03888888888888889
0 0.73125 0.05462962962962963 0.03333333333333333 0.03888888888888889
0 0.5885416666666666 0.15092592592592594 0.0375 0.05740740740740741
0 0.7395833333333334 0.10555555555555556 0.03958333333333333 0.040740740740740744
0 0.5645833333333333 0.11481481481481481 0.03125 0.04814814814814815
0 0.6484375 0.14722222222222223 0.036458333333333336 0.05740740740740741
0 0.7395833333333334 0.15833333333333333 0.052083333333333336 0.06111111111111111
0 0.8119791666666667 0.13333333333333333 0.040625 0.05185185185185185
2 0.6171875 0.07685185185185185 0.03229166666666667 0.06481481481481481
0 0.7916666666666666 0.22777777777777777 0.06458333333333334 0.08888888888888889
0 0.8989583333333333 0.23425925925925925 0.07291666666666667 0.11296296296296296
0 0.5713541666666667 0.04351851851851852 0.021875 0.03148148148148148
