0 0.7427083333333333 0.8824074074074074 0.17291666666666666 0.2351851851851852
2 0.6776041666666667 0.4564814814814815 0.103125 0.2388888888888889
0 0.6098958333333333 0.35 0.071875 0.12962962962962962
0 0.6291666666666667 0.25092592592592594 0.06875 0.12407407407407407
0 0.7953125 0.3787037037037037 0.09479166666666666 0.17222222222222222
0 0.7369791666666666 0.2601851851851852 0.071875 0.10555555555555556
0 0.609375 0.1527777777777778 0.04375 0.07592592592592592
0 0.7723958333333333 0.06018518518518518 0.034375 0.04259259259259259
0 0.796875 0.09814814814814815 0.04375 0.06666666666666667
0 0.8552083333333333 0.08518518518518518 0.041666666666666664 0.05185185185185185
0 0.6833333333333333 0.11944444444444445 0.03958333333333333 0.06481481481481481
2 0.5859375 0.09259259259259259 0.03229166666666667 0.06296296296296296
0 0.8802083333333334 0.1388888888888889 0.05625 0.07037037037037037
0 0.6114583333333333 0.07777777777777778 0.029166666666666667 0.05185185185185185
0 0.8703125 0.24259259259259258 0.07395833333333333 0.09259259259259259
0 0.5994791666666667 0.03333333333333333 0.023958333333333335 0.044444444444444446
1 0.3921875 0.6657407407407407 0.334375 0.6685185185185185
