0 0.9552083333333333 0.16944444444444445 0.03125 0.05
2 0.83125 0.1537037037037037 0.03125 0.05555555555555555
0 0.03125 0.5333333333333333 0.06041666666666667 0.1111111111111111
0 0.8953125 0.21666666666666667 0.036458333333333336 0.06666666666666667
0 0.43333333333333335 0.35185185185185186 0.10208333333333333 0.10740740740740741
0 0.7807291666666667 0.2722222222222222 0.05520833333333333 0.08518518518518518
1 0.8380208333333333 0.362962962962963 0.115625 0.3111111111111111
0 0.5166666666666667 0.23148148148148148 0.06041666666666667 0.06296296296296296
2 0.6302083333333334 0.3768518518518518 0.07083333333333333 0.12407407407407407
2 0.5614583333333333 0.15462962962962962 0.035416666666666666 0.06111111111111111
0 0.6578125 0.1648148148148148 0.040625 0.05555555555555555
0 0.9598958333333333 0.8712962962962963 0.08020833333333334 0.2574074074074074
