0 0.4791666666666667 0.8685185185185185 0.18125 0.26296296296296295
0 0.1296875 0.6055555555555555 0.10520833333333333 0.1925925925925926
2 0.39947916666666666 0.4212962962962963 0.11979166666666667 0.18703703703703703
0 0.38177083333333334 0.30277777777777776 0.08020833333333334 0.09074074074074075
0 0.3640625 0.13425925925925927 0.046875 0.05740740740740741
0 0.5651041666666666 0.13240740740740742 0.053125 0.05740740740740741
2 0.14583333333333334 0.26944444444444443 0.0625 0.12037037037037036
0 0.5453125 0.1962962962962963 0.06770833333333333 0.06296296296296296
0 0.025520833333333333 0.23981481481481481 0.04895833333333333 0.07962962962962963
0 0.7671875 0.19722222222222222 0.084375 0.08333333333333333
0 0.11927083333333334 0.17222222222222222 0.042708333333333334 0.05925925925925926
