0 0.3953125 0.5981481481481481 0.09270833333333334 0.16296296296296298
2 0.2796875 0.5203703703703704 0.115625 0.24814814814814815
2 0.31614583333333335 0.30833333333333335 0.046875 0.08333333333333333
2 0.3619791666666667 0.38333333333333336 0.06145833333333333 0.11851851851851852
0 0.4786458333333333 0.337037037037037 0.04895833333333333 0.08148148148148149
0 0.3953125 0.30833333333333335 0.04479166666666667 0.07222222222222222
0 0.38333333333333336 0.22777777777777777 0.03958333333333333 0.06296296296296296
0 0.3223958333333333 0.22407407407407406 0.036458333333333336 0.06296296296296296
2 0.6854166666666667 0.4351851851851852 0.07291666666666667 0.14444444444444443
0 0.509375 0.22314814814814815 0.03333333333333333 0.06111111111111111
0 0.45364583333333336 0.22685185185185186 0.034375 0.05740740740740741
0 0.4083333333333333 0.18518518518518517 0.029166666666666667 0.044444444444444446
0 0.9354166666666667 0.687037037037037 0.12916666666666668 0.16296296296296298
0 0.9614583333333333 0.5185185185185185 0.07708333333333334 0.11851851851851852
