0 0.6177083333333333 0.20833333333333334 0.03125 0.05
0 0.14479166666666668 0.7870370370370371 0.14583333333333334 0.2111111111111111
0 0.671875 0.2 0.03333333333333333 0.05185185185185185
0 0.728125 0.2111111111111111 0.0375 0.05185185185185185
2 0.07864583333333333 0.4425925925925926 0.12395833333333334 0.2037037037037037
0 0.7651041666666667 0.17962962962962964 0.03229166666666667 0.04814814814814815
0 0.6291666666666667 0.2712962962962963 0.04375 0.07222222222222222
0 0.3536458333333333 0.2574074074074074 0.040625 0.05925925925925926
0 0.2916666666666667 0.26666666666666666 0.04375 0.05925925925925926
0 0.8286458333333333 0.2953703703703704 0.051041666666666666 0.06851851851851852
0 0.765625 0.41388888888888886 0.06458333333333334 0.09074074074074075
0 0.43645833333333334 0.21388888888888888 0.035416666666666666 0.05740740740740741
0 0.4979166666666667 0.20833333333333334 0.029166666666666667 0.05
0 0.45625 0.17962962962962964 0.03125 0.04814814814814815
