0 0.2671875 0.924074074074074 0.13854166666666667 0.15185185185185185
0 0.7083333333333334 0.17222222222222222 0.027083333333333334 0.040740740740740744
0 0.2520833333333333 0.5861111111111111 0.11041666666666666 0.16111111111111112
0 0.6947916666666667 0.24722222222222223 0.0375 0.05740740740740741
0 0.07291666666666667 0.5009259259259259 0.10833333333333334 0.15
0 0.484375 0.287962962962963 0.03958333333333333 0.06481481481481481
0 0.653125 0.32037037037037036 0.04791666666666667 0.07407407407407407
0 0.7723958333333333 0.35555555555555557 0.06354166666666666 0.0962962962962963
2 0.43854166666666666 0.24074074074074073 0.03958333333333333 0.06296296296296296
2 0.3328125 0.2111111111111111 0.04479166666666667 0.08148148148148149
0 0.5114583333333333 0.21203703703703702 0.03125 0.053703703703703705
0 0.7697916666666667 0.7462962962962963 0.12916666666666668 0.1925925925925926
0 0.42083333333333334 0.1787037037037037 0.027083333333333334 0.03888888888888889
