0 0.48802083333333335 0.12037037037037036 0.03854166666666667 0.04814814814814815
0 0.6557291666666667 0.6777777777777778 0.140625 0.2740740740740741
0 0.5296875 0.4212962962962963 0.07395833333333333 0.15
0 0.6744791666666666 0.05555555555555555 0.023958333333333335 0.040740740740740744
2 0.7421875 0.3453703703703704 0.10104166666666667 0.20185185185185187
0 0.6598958333333333 0.06574074074074074 0.028125 0.04259259259259259
0 0.7291666666666666 0.07407407407407407 0.03125 0.040740740740740744
0 0.5953125 0.15648148148148147 0.03854166666666667 0.05740740740740741
0 0.721875 0.11944444444444445 0.03958333333333333 0.046296296296296294
0 0.7963541666666667 0.1527777777777778 0.051041666666666666 0.06481481481481481
0 0.525 0.1675925925925926 0.05416666666666667 0.06851851851851852
0 0.5645833333333333 0.06018518518518518 0.016666666666666666 0.03888888888888889
0 0.9171875 0.4009259259259259 0.090625 0.11296296296296296
0 0.9651041666666667 0.30648148148148147 0.06979166666666667 0.10925925925925926
