2 0.8776041666666666 0.18888888888888888 0.08645833333333333 0.11481481481481481
0 0.8364583333333333 0.3388888888888889 0.10625 0.11851851851851852
0 0.3177083333333333 0.41574074074074074 0.08333333333333333 0.08333333333333333
0 0.22447916666666667 0.3972222222222222 0.090625 0.08333333333333333
0 0.6484375 0.40370370370370373 0.13020833333333334 0.13333333333333333
0 0.6807291666666667 0.5268518518518519 0.14895833333333333 0.1574074074074074
0 0.278125 0.7324074074074074 0.21875 0.22037037037037038
0 0.5984375 0.8314814814814815 0.221875 0.25925925925925924
0 0.6369791666666667 0.1527777777777778 0.057291666666666664 0.05740740740740741
0 0.30416666666666664 0.5314814814814814 0.07083333333333333 0.05555555555555555
