0 0.3229166666666667 0.43425925925925923 0.10208333333333333 0.18703703703703703
0 0.46458333333333335 0.387037037037037 0.09791666666666667 0.13333333333333333
0 0.24427083333333333 0.06018518518518518 0.028125 0.03518518518518519
0 0.2421875 0.09074074074074075 0.036458333333333336 0.03333333333333333
2 0.2911458333333333 0.046296296296296294 0.034375 0.044444444444444446
0 0.1 0.26296296296296295 0.058333333333333334 0.08518518518518518
0 0.275 0.07777777777777778 0.03958333333333333 0.044444444444444446
2 0.4078125 0.09722222222222222 0.040625 0.053703703703703705
0 0.1796875 0.22592592592592592 0.059375 0.07407407407407407
0 0.10260416666666666 0.1574074074074074 0.03854166666666667 0.05185185185185185
0 0.19375 0.15185185185185185 0.05416666666666667 0.07407407407407407
0 0.5244791666666667 0.12129629629629629 0.05520833333333333 0.046296296296296294
0 0.421875 0.14907407407407408 0.052083333333333336 0.06481481481481481
0 0.5130208333333334 0.2222222222222222 0.07604166666666666 0.07407407407407407
0 0.021354166666666667 0.1398148148148148 0.040625 0.046296296296296294
0 0.043229166666666666 0.5333333333333333 0.084375 0.16296296296296298
0 0.7911458333333333 0.26481481481481484 0.10729166666666666 0.08888888888888889
