0 0.8276041666666667 0.9212962962962963 0.23229166666666667 0.1574074074074074
0 0.18541666666666667 0.05 0.027083333333333334 0.02962962962962963
0 0.178125 0.39537037037037037 0.08958333333333333 0.12777777777777777
2 0.31875 0.05740740740740741 0.035416666666666666 0.04814814814814815
0 0.3229166666666667 0.3907407407407407 0.09791666666666667 0.1259259259259259
0 0.17760416666666667 0.2361111111111111 0.05520833333333333 0.07592592592592592
0 0.3078125 0.23703703703703705 0.078125 0.1111111111111111
0 0.39166666666666666 0.06481481481481481 0.03958333333333333 0.040740740740740744
0 0.29375 0.08333333333333333 0.03958333333333333 0.05555555555555555
0 0.3515625 0.12777777777777777 0.053125 0.05185185185185185
0 0.06822916666666666 0.20092592592592592 0.046875 0.06851851851851852
0 0.5583333333333333 0.15648148148148147 0.07291666666666667 0.06111111111111111
0 0.5760416666666667 0.2037037037037037 0.075 0.07037037037037037
0 0.5619791666666667 0.25 0.08645833333333333 0.07407407407407407
0 0.7302083333333333 0.18518518518518517 0.08333333333333333 0.06296296296296296
0 0.7885416666666667 0.2462962962962963 0.10625 0.07777777777777778
2 0.11510416666666666 0.07314814814814814 0.036458333333333336 0.05740740740740741
0 0.06354166666666666 0.0787037037037037 0.029166666666666667 0.03888888888888889
