0 0.07916666666666666 0.9305555555555556 0.15625 0.1388888888888889
0 0.3026041666666667 0.3416666666666667 0.05520833333333333 0.07222222222222222
0 0.7239583333333334 0.19444444444444445 0.03125 0.044444444444444446
0 0.10833333333333334 0.674074074074074 0.13333333333333333 0.17777777777777778
0 0.7479166666666667 0.29907407407407405 0.04583333333333333 0.06851851851851852
0 0.47291666666666665 0.3277777777777778 0.05416666666666667 0.08148148148148149
0 0.4125 0.2777777777777778 0.04583333333333333 0.06666666666666667
0 0.3098958333333333 0.23333333333333334 0.042708333333333334 0.06666666666666667
0 0.7020833333333333 0.4666666666666667 0.08333333333333333 0.15185185185185185
0 0.5036458333333333 0.22407407407407406 0.036458333333333336 0.05925925925925926
0 0.43385416666666665 0.21481481481481482 0.036458333333333336 0.06296296296296296
0 0.9005208333333333 0.29074074074074074 0.059375 0.07037037037037037
0 0.9322916666666666 0.4398148148148148 0.07708333333333334 0.10555555555555556
0 0.9078125 0.6425925925925926 0.10520833333333333 0.15925925925925927
0 0.38697916666666665 0.20277777777777778 0.034375 0.05
0 0.5026041666666666 0.1787037037037037 0.034375 0.06111111111111111
