0 0.6453125 0.13055555555555556 0.03854166666666667 0.06111111111111111
0 0.7145833333333333 0.1537037037037037 0.04375 0.06296296296296296
0 0.6067708333333334 0.18055555555555555 0.042708333333333334 0.06851851851851852
2 0.6838541666666667 0.22037037037037038 0.04895833333333333 0.08518518518518518
0 0.8083333333333333 0.2675925925925926 0.07291666666666667 0.10185185185185185
0 0.74375 0.3537037037037037 0.08333333333333333 0.12222222222222222
0 0.6932291666666667 0.5074074074074074 0.10104166666666667 0.16666666666666666
0 0.29010416666666666 0.3574074074074074 0.06354166666666666 0.11481481481481481
0 0.2375 0.6564814814814814 0.13541666666666666 0.20925925925925926
0 0.4625 0.44722222222222224 0.08541666666666667 0.14629629629629629
0 0.43802083333333336 0.1685185185185185 0.04479166666666667 0.06666666666666667
0 0.5067708333333333 0.18888888888888888 0.046875 0.08888888888888889
