2 0.725 0.7101851851851851 0.15416666666666667 0.37962962962962965
0 0.6364583333333333 0.475 0.09791666666666667 0.17222222222222222
0 0.6401041666666667 0.3101851851851852 0.078125 0.15
0 0.9109375 0.6444444444444445 0.14895833333333333 0.29259259259259257
0 0.7833333333333333 0.37407407407407406 0.09791666666666667 0.14074074074074075
0 0.6114583333333333 0.1787037037037037 0.04791666666666667 0.08333333333333333
0 0.7484375 0.03796296296296296 0.030208333333333334 0.04259259259259259
0 0.7796875 0.06851851851851852 0.036458333333333336 0.05925925925925926
0 0.8208333333333333 0.05740740740740741 0.035416666666666666 0.04814814814814815
0 0.7005208333333334 0.16944444444444445 0.04895833333333333 0.08333333333333333
2 0.5890625 0.11574074074074074 0.03229166666666667 0.07962962962962963
0 0.8473958333333333 0.1 0.04479166666666667 0.06296296296296296
0 0.6182291666666667 0.0962962962962963 0.034375 0.05925925925925926
0 0.8135416666666667 0.15185185185185185 0.05 0.07407407407407407
0 0.6026041666666667 0.05277777777777778 0.030208333333333334 0.046296296296296294
0 0.9640625 0.17314814814814813 0.071875 0.07962962962962963
0 0.9776041666666667 0.2601851851851852 0.04479166666666667 0.10185185185185185
0 0.9739583333333334 0.3824074074074074 0.052083333333333336 0.1425925925925926
1 0.3796875 0.7333333333333333 0.365625 0.5333333333333333
