2 0.11822916666666666 0.16018518518518518 0.040625 0.04259259259259259
0 0.165625 0.2212962962962963 0.05625 0.05740740740740741
0 0.25416666666666665 0.2351851851851852 0.05625 0.05925925925925926
0 0.4484375 0.49537037037037035 0.16979166666666667 0.18333333333333332
3 0.4739583333333333 0.24444444444444444 0.13125 0.11481481481481481
0 0.44895833333333335 0.3509259259259259 0.11458333333333333 0.09074074074074075
0 0.55 0.325 0.125 0.10185185185185185
2 0.63125 0.26296296296296295 0.11666666666666667 0.09259259259259259
0 0.125 0.587037037037037 0.13958333333333334 0.17037037037037037
0 0.0515625 0.32407407407407407 0.07604166666666666 0.08518518518518518
