0 0.64375 0.12962962962962962 0.03333333333333333 0.05185185185185185
0 0.5838541666666667 0.11388888888888889 0.028125 0.05
0 0.696875 0.12129629629629629 0.035416666666666666 0.05
0 0.6578125 0.17222222222222222 0.040625 0.07407407407407407
0 0.6015625 0.20925925925925926 0.051041666666666666 0.07777777777777778
0 0.7427083333333333 0.2064814814814815 0.052083333333333336 0.07222222222222222
0 0.6177083333333333 0.3074074074074074 0.06041666666666667 0.1037037037037037
0 0.7307291666666667 0.3074074074074074 0.065625 0.10740740740740741
0 0.8109375 0.5009259259259259 0.121875 0.18333333333333332
0 0.9385416666666667 0.44907407407407407 0.12291666666666666 0.16111111111111112
0 0.8078125 0.8870370370370371 0.18854166666666666 0.22592592592592592
0 0.325 0.225 0.052083333333333336 0.07222222222222222
0 0.1453125 0.6277777777777778 0.146875 0.1962962962962963
2 0.3609375 0.35648148148148145 0.07604166666666666 0.1574074074074074
0 0.428125 0.6916666666666667 0.125 0.24259259259259258
0 0.37083333333333335 0.1814814814814815 0.06666666666666667 0.05555555555555555
0 0.5036458333333333 0.26481481481481484 0.04895833333333333 0.09259259259259259
0 0.45260416666666664 0.16574074074074074 0.03854166666666667 0.05740740740740741
0 0.5125 0.15092592592592594 0.0375 0.06851851851851852
0 0.5145833333333333 0.11203703703703703 0.029166666666666667 0.04259259259259259
