0 0.4744791666666667 0.7296296296296296 0.13229166666666667 0.2518518518518518
0 0.53125 0.4425925925925926 0.075 0.1259259259259259
0 0.6578125 0.5916666666666667 0.09479166666666666 0.18703703703703703
0 0.5453125 0.30092592592592593 0.059375 0.08703703703703704
0 0.8286458333333333 0.23796296296296296 0.053125 0.07222222222222222
0 0.5859375 0.22685185185185186 0.042708333333333334 0.06481481481481481
0 0.6520833333333333 0.2796296296296296 0.04583333333333333 0.07777777777777778
0 0.59375 0.18796296296296297 0.03333333333333333 0.05
0 0.65625 0.1824074074074074 0.0375 0.06481481481481481
0 0.6078125 0.15925925925925927 0.030208333333333334 0.04814814814814815
1 0.49166666666666664 0.18888888888888888 0.125 0.15925925925925927
