0 0.022916666666666665 0.5888888888888889 0.04375 0.07037037037037037
0 0.8713541666666667 0.2222222222222222 0.08645833333333333 0.1
0 0.8291666666666667 0.37777777777777777 0.10833333333333334 0.11481481481481481
2 0.3953125 0.34444444444444444 0.071875 0.07777777777777778
0 0.5776041666666667 0.475 0.14895833333333333 0.13148148148148148
0 0.5328125 0.22314814814814815 0.06354166666666666 0.06111111111111111
0 0.6328125 0.6759259259259259 0.190625 0.2111111111111111
0 0.5661458333333333 0.15925925925925927 0.059375 0.05555555555555555
0 0.11510416666666666 0.9009259259259259 0.228125 0.19814814814814816
0 0.25364583333333335 0.6027777777777777 0.09479166666666666 0.10555555555555556
