0 0.08854166666666667 0.42592592592592593 0.11458333333333333 0.1
0 0.3223958333333333 0.4638888888888889 0.12395833333333334 0.12777777777777777
0 0.38333333333333336 0.32407407407407407 0.08958333333333333 0.0962962962962963
0 0.38645833333333335 0.28055555555555556 0.075 0.07592592592592592
0 0.7927083333333333 0.24537037037037038 0.04791666666666667 0.07592592592592592
0 0.6963541666666667 0.2722222222222222 0.057291666666666664 0.07037037037037037
0 0.5520833333333334 0.262037037037037 0.06458333333333334 0.07222222222222222
2 0.5057291666666667 0.20925925925925926 0.065625 0.08148148148148149
0 0.9489583333333333 0.6722222222222223 0.10208333333333333 0.21481481481481482
0 0.5536458333333333 0.17222222222222222 0.040625 0.044444444444444446
0 0.4859375 0.8787037037037037 0.171875 0.24259259259259258
