0 0.465625 0.1925925925925926 0.05625 0.07777777777777778
2 0.6776041666666667 0.5935185185185186 0.13645833333333332 0.3055555555555556
0 0.6390625 0.38981481481481484 0.084375 0.12777777777777777
0 0.5479166666666667 0.17592592592592593 0.041666666666666664 0.07407407407407407
0 0.778125 0.05925925925925926 0.03125 0.05185185185185185
0 0.7104166666666667 0.2759259259259259 0.08333333333333333 0.1259259259259259
0 0.5661458333333333 0.13055555555555556 0.03229166666666667 0.06111111111111111
0 0.6348958333333333 0.12129629629629629 0.040625 0.05740740740740741
0 0.6708333333333333 0.16296296296296298 0.04583333333333333 0.07407407407407407
0 0.8177083333333334 0.14907407407407408 0.04791666666666667 0.07222222222222222
0 0.5557291666666667 0.06666666666666667 0.028125 0.044444444444444446
1 0.4557291666666667 0.48518518518518516 0.184375 0.4777777777777778
