0 0.6026041666666667 0.29814814814814816 0.05520833333333333 0.1
0 0.6453125 0.862037037037037 0.15104166666666666 0.2759259259259259
0 0.1953125 0.4722222222222222 0.10520833333333333 0.15185185185185185
0 0.7083333333333334 0.05277777777777778 0.022916666666666665 0.03518518518518519
0 0.7375 0.07592592592592592 0.027083333333333334 0.044444444444444446
0 0.7802083333333333 0.07222222222222222 0.025 0.022222222222222223
0 0.5885416666666666 0.13425925925925927 0.03125 0.05740740740740741
0 0.709375 0.09907407407407408 0.03333333333333333 0.053703703703703705
0 0.7796875 0.10185185185185185 0.03229166666666667 0.037037037037037035
0 0.7895833333333333 0.14537037037037037 0.04375 0.06111111111111111
0 0.6192708333333333 0.062037037037037036 0.023958333333333335 0.04259259259259259
0 0.5760416666666667 0.03611111111111111 0.01875 0.03148148148148148
0 0.5666666666666667 0.05462962962962963 0.020833333333333332 0.03518518518518519
0 0.9416666666666667 0.30092592592592593 0.08541666666666667 0.10185185185185185
0 0.9578125 0.4361111111111111 0.06354166666666666 0.15
