0 0.440625 0.44537037037037036 0.09166666666666666 0.1648148148148148
0 0.7598958333333333 0.812037037037037 0.165625 0.30925925925925923
0 0.5895833333333333 0.3425925925925926 0.07291666666666667 0.15925925925925927
0 0.2869791666666667 0.41388888888888886 0.109375 0.18333333333333332
0 0.39166666666666666 0.2175925925925926 0.06875 0.10185185185185185
0 0.5166666666666667 0.17592592592592593 0.052083333333333336 0.1
0 0.6614583333333334 0.13055555555555556 0.04791666666666667 0.07962962962962963
0 0.8723958333333334 0.012037037037037037 0.046875 0.020370370370370372
0 0.8317708333333333 0.10185185185185185 0.059375 0.08888888888888889
2 0.6442708333333333 0.025 0.030208333333333334 0.046296296296296294
0 0.5244791666666667 0.016666666666666666 0.040625 0.02962962962962963
