0 0.49635416666666665 0.1574074074074074 0.03854166666666667 0.05925925925925926
0 0.7140625 0.8824074074074074 0.146875 0.19444444444444445
0 0.5828125 0.1925925925925926 0.03854166666666667 0.07037037037037037
0 0.7317708333333334 0.3527777777777778 0.08229166666666667 0.13518518518518519
2 0.5213541666666667 0.19166666666666668 0.04479166666666667 0.09814814814814815
0 0.5645833333333333 0.13425925925925927 0.035416666666666666 0.06111111111111111
0 0.7125 0.125 0.03958333333333333 0.06851851851851852
0 0.7494791666666667 0.11574074074074074 0.04479166666666667 0.06481481481481481
0 0.5739583333333333 0.09444444444444444 0.03125 0.05185185185185185
0 0.628125 0.11851851851851852 0.0375 0.06666666666666667
0 0.865625 0.24351851851851852 0.07916666666666666 0.08703703703703704
1 0.51875 0.03611111111111111 0.03333333333333333 0.06851851851851852
1 0.45208333333333334 0.4824074074074074 0.16875 0.5092592592592593
