0 0.30052083333333335 0.24166666666666667 0.04479166666666667 0.09074074074074075
1 0.08020833333333334 0.5898148148148148 0.15833333333333333 0.4722222222222222
1 0.9140625 0.5333333333333333 0.171875 0.5148148148148148
0 0.27447916666666666 0.32685185185185184 0.06354166666666666 0.12037037037037036
0 0.30833333333333335 0.8592592592592593 0.17083333333333334 0.2814814814814815
0 0.365625 0.26851851851851855 0.0625 0.09259259259259259
0 0.3567708333333333 0.3768518518518518 0.08229166666666667 0.15
0 0.18072916666666666 0.7092592592592593 0.146875 0.23333333333333334
0 0.4088541666666667 0.22685185185185186 0.051041666666666666 0.07962962962962963
0 0.4640625 0.18518518518518517 0.042708333333333334 0.05555555555555555
