0 0.475 0.2 0.05625 0.08148148148148149
0 0.4625 0.6703703703703704 0.13541666666666666 0.25925925925925924
2 0.5302083333333333 0.31203703703703706 0.0875 0.20925925925925926
0 0.4546875 0.175 0.08229166666666667 0.07222222222222222
0 0.7130208333333333 0.05092592592592592 0.034375 0.05
0 0.7953125 0.049074074074074076 0.034375 0.053703703703703705
0 0.5817708333333333 0.22407407407407406 0.053125 0.09259259259259259
0 0.8072916666666666 0.1037037037037037 0.04583333333333333 0.06666666666666667
0 0.8583333333333333 0.07592592592592592 0.04583333333333333 0.07037037037037037
0 0.5932291666666667 0.10185185185185185 0.040625 0.07037037037037037
0 0.65 0.10648148148148148 0.0375 0.06851851851851852
0 0.6447916666666667 0.06481481481481481 0.03333333333333333 0.04814814814814815
1 0.49270833333333336 0.08981481481481482 0.12708333333333333 0.14629629629629629
