0 0.6609375 0.43703703703703706 0.096875 0.16296296296296298
0 0.5989583333333334 0.3277777777777778 0.07708333333333334 0.1259259259259259
2 0.6265625 0.23796296296296296 0.06145833333333333 0.12777777777777777
0 0.565625 0.21574074074074073 0.05416666666666667 0.08703703703703704
0 0.8447916666666667 0.5166666666666667 0.13958333333333334 0.25925925925925924
0 0.6140625 0.15185185185185185 0.04895833333333333 0.06666666666666667
2 0.7171875 0.2101851851851852 0.06354166666666666 0.12407407407407407
0 0.7802083333333333 0.04351851851851852 0.029166666666666667 0.046296296296296294
0 0.6760416666666667 0.14444444444444443 0.04583333333333333 0.07777777777777778
0 0.8302083333333333 0.058333333333333334 0.03958333333333333 0.05
0 0.7890625 0.08425925925925926 0.042708333333333334 0.053703703703703705
0 0.665625 0.10648148148148148 0.03958333333333333 0.05
0 0.5984375 0.07592592592592592 0.034375 0.05555555555555555
0 0.8817708333333333 0.1638888888888889 0.059375 0.07222222222222222
0 0.9151041666666667 0.2824074074074074 0.09270833333333334 0.12407407407407407
0 0.9640625 0.22870370370370371 0.071875 0.09444444444444444
1 0.459375 0.575925925925926 0.21458333333333332 0.6666666666666666
