0 0.40572916666666664 0.49907407407407406 0.11770833333333333 0.19444444444444445
0 0.7458333333333333 0.006481481481481481 0.03125 0.009259259259259259
0 0.37447916666666664 0.2324074074074074 0.06979166666666667 0.10185185185185185
0 0.5822916666666667 0.21481481481481482 0.058333333333333334 0.1037037037037037
0 0.6901041666666666 0.23981481481481481 0.065625 0.10925925925925926
0 0.9057291666666667 0.007407407407407408 0.03229166666666667 0.011111111111111112
0 0.884375 0.027777777777777776 0.05 0.05185185185185185
0 0.465625 0.025925925925925925 0.0375 0.04814814814814815
0 0.5869791666666667 0.030555555555555555 0.040625 0.05740740740740741
0 0.8604166666666667 0.15 0.07291666666666667 0.07777777777777778
0 0.6578125 0.021296296296296296 0.03854166666666667 0.03888888888888889
