0 0.05677083333333333 0.5046296296296297 0.11145833333333334 0.13148148148148148
0 0.39166666666666666 0.41388888888888886 0.11041666666666666 0.11666666666666667
0 0.821875 0.1935185185185185 0.0375 0.05
0 0.8796875 0.24166666666666667 0.03854166666666667 0.06481481481481481
0 0.6875 0.3194444444444444 0.06458333333333334 0.07962962962962963
0 0.5213541666666667 0.23703703703703705 0.06145833333333333 0.08148148148148149
0 0.5989583333333334 0.22870370370370371 0.05625 0.07222222222222222
0 0.9411458333333333 0.4546296296296296 0.071875 0.13148148148148148
0 0.6161458333333333 0.6101851851851852 0.128125 0.17222222222222222
0 0.5541666666666667 0.16018518518518518 0.041666666666666664 0.03888888888888889
