0 0.17135416666666667 0.7333333333333333 0.15104166666666666 0.21481481481481482
0 0.6848958333333334 0.22592592592592592 0.034375 0.05185185185185185
0 0.4739583333333333 0.3212962962962963 0.04375 0.07222222222222222
0 0.6442708333333333 0.2824074074074074 0.04479166666666667 0.06481481481481481
0 0.753125 0.31574074074074077 0.05416666666666667 0.09074074074074075
2 0.4239583333333333 0.2657407407407407 0.04583333333333333 0.07222222222222222
2 0.3140625 0.22870370370370371 0.04895833333333333 0.08703703703703704
0 0.5072916666666667 0.22870370370370371 0.0375 0.06111111111111111
0 0.7244791666666667 0.5787037037037037 0.09270833333333334 0.1425925925925926
0 0.4119791666666667 0.19074074074074074 0.030208333333333334 0.044444444444444446
0 0.46770833333333334 0.19074074074074074 0.03125 0.044444444444444446
0 0.5208333333333334 0.1787037037037037 0.029166666666666667 0.03888888888888889
