0 0.5078125 0.1787037037037037 0.036458333333333336 0.06851851851851852
0 0.6020833333333333 0.2916666666666667 0.06458333333333334 0.10925925925925926
2 0.528125 0.22962962962962963 0.05416666666666667 0.11851851851851852
0 0.5776041666666667 0.18333333333333332 0.051041666666666666 0.07777777777777778
0 0.6635416666666667 0.05462962962962963 0.03125 0.046296296296296294
0 0.6447916666666667 0.17685185185185184 0.06041666666666667 0.09444444444444444
0 0.7911458333333333 0.6611111111111111 0.14895833333333333 0.2851851851851852
0 0.721875 0.08055555555555556 0.04375 0.05
0 0.5760416666666667 0.08055555555555556 0.03333333333333333 0.05740740740740741
1 0.5161458333333333 0.04814814814814815 0.03854166666666667 0.09259259259259259
0 0.8338541666666667 0.1537037037037037 0.059375 0.07777777777777778
0 0.5552083333333333 0.04537037037037037 0.020833333333333332 0.03888888888888889
0 0.5984375 0.04259259259259259 0.023958333333333335 0.03333333333333333
1 0.45260416666666664 0.47314814814814815 0.17395833333333333 0.512962962962963
