0 0.4739583333333333 0.18611111111111112 0.05416666666666667 0.07592592592592592
2 0.35 0.8407407407407408 0.24791666666666667 0.31851851851851853
0 0.4786458333333333 0.16111111111111112 0.09270833333333334 0.07037037037037037
0 0.4375 0.6157407407407407 0.13541666666666666 0.2351851851851852
0 0.5786458333333333 0.17592592592592593 0.051041666666666666 0.08888888888888889
0 0.6307291666666667 0.2657407407407407 0.06354166666666666 0.11666666666666667
0 0.6598958333333333 0.14814814814814814 0.046875 0.08148148148148149
0 0.9135416666666667 0.23333333333333334 0.08541666666666667 0.12222222222222222
0 0.9208333333333333 0.4759259259259259 0.125 0.17777777777777778
1 0.49270833333333336 0.09166666666666666 0.125 0.1537037037037037
