0 0.7015625 0.2064814814814815 0.03229166666666667 0.05
0 0.6453125 0.20277777777777778 0.03854166666666667 0.05740740740740741
0 0.7234375 0.25092592592592594 0.042708333333333334 0.06111111111111111
0 0.40677083333333336 0.6333333333333333 0.09895833333333333 0.1814814814814815
2 0.775 0.22037037037037038 0.035416666666666666 0.06666666666666667
0 0.6734375 0.33055555555555555 0.04895833333333333 0.07962962962962963
0 0.8130208333333333 0.20185185185185187 0.034375 0.04814814814814815
0 0.40677083333333336 0.3314814814814815 0.05520833333333333 0.08518518518518518
0 0.31614583333333335 0.33611111111111114 0.053125 0.07962962962962963
0 0.3567708333333333 0.27870370370370373 0.042708333333333334 0.06481481481481481
0 0.32447916666666665 0.23796296296296296 0.040625 0.05740740740740741
0 0.7203125 0.49166666666666664 0.06979166666666667 0.11666666666666667
0 0.86875 0.3685185185185185 0.06875 0.08518518518518518
0 0.9020833333333333 0.6287037037037037 0.11041666666666666 0.1537037037037037
0 0.7494791666666667 0.737037037037037 0.10104166666666667 0.16666666666666666
0 0.4109375 0.19444444444444445 0.03229166666666667 0.05555555555555555
