0 0.058333333333333334 0.7564814814814815 0.11458333333333333 0.17962962962962964
0 0.05260416666666667 0.5518518518518518 0.103125 0.1259259259259259
0 0.19791666666666666 0.524074074074074 0.13958333333333334 0.12222222222222222
0 0.9020833333333333 0.24722222222222223 0.03958333333333333 0.06851851851851852
0 0.9734375 0.36203703703703705 0.053125 0.08703703703703704
0 0.53125 0.3296296296296296 0.075 0.07407407407407407
0 0.4895833333333333 0.26944444444444443 0.058333333333333334 0.06111111111111111
0 0.5697916666666667 0.25462962962962965 0.05416666666666667 0.05740740740740741
0 0.571875 0.7537037037037037 0.15 0.21481481481481482
0 0.39791666666666664 0.7583333333333333 0.175 0.21666666666666667
