0 0.23958333333333334 0.5231481481481481 0.12916666666666668 0.19814814814814816
0 0.5822916666666667 0.5185185185185185 0.1 0.21851851851851853
0 0.15625 0.38055555555555554 0.12291666666666666 0.1685185185185185
0 0.503125 0.14166666666666666 0.05 0.07222222222222222
0 0.659375 0.1675925925925926 0.058333333333333334 0.09444444444444444
0 0.5875 0.08703703703703704 0.04375 0.07777777777777778
0 0.42864583333333334 0.09722222222222222 0.04895833333333333 0.07592592592592592
0 0.809375 0.06574074074074074 0.05625 0.05740740740740741
0 0.46875 0.03888888888888889 0.04375 0.05555555555555555
0 0.5421875 0.03148148148148148 0.03854166666666667 0.05925925925925926
0 0.9109375 0.10555555555555556 0.06979166666666667 0.08888888888888889
0 0.64375 0.013888888888888888 0.03333333333333333 0.024074074074074074
0 0.9875 0.11574074074074074 0.025 0.07592592592592592
