0 0.6416666666666667 0.21388888888888888 0.03125 0.05740740740740741
0 0.71875 0.225 0.041666666666666664 0.06111111111111111
2 0.7020833333333333 0.42777777777777776 0.075 0.13333333333333333
0 0.8208333333333333 0.4287037037037037 0.07916666666666666 0.10925925925925926
0 0.3458333333333333 0.24074074074074073 0.04583333333333333 0.06296296296296296
0 0.9041666666666667 0.39814814814814814 0.07916666666666666 0.1
0 0.9140625 0.28888888888888886 0.06145833333333333 0.07407407407407407
0 0.4296875 0.21388888888888888 0.03854166666666667 0.05740740740740741
0 0.5026041666666666 0.2074074074074074 0.036458333333333336 0.06296296296296296
0 0.8375 0.8842592592592593 0.15625 0.20925925925925926
