2 0.6828125 0.020370370370370372 0.017708333333333333 0.037037037037037035
0 0.6661458333333333 0.018518518518518517 0.019791666666666666 0.03333333333333333
0 0.7296875 0.04259259259259259 0.021875 0.037037037037037035
0 0.675 0.05740740740740741 0.025 0.040740740740740744
0 0.7041666666666667 0.053703703703703705 0.025 0.040740740740740744
0 0.7447916666666666 0.0962962962962963 0.035416666666666666 0.04814814814814815
0 0.825 0.15462962962962962 0.052083333333333336 0.06481481481481481
0 0.8145833333333333 0.18888888888888888 0.05416666666666667 0.07777777777777778
0 0.5671875 0.03981481481481482 0.019791666666666666 0.03518518518518519
1 0.41354166666666664 0.5907407407407408 0.225 0.7222222222222222
