0 0.33697916666666666 0.23148148148148148 0.04895833333333333 0.06666666666666667
0 0.6588541666666666 0.08611111111111111 0.019791666666666666 0.04259259259259259
0 0.4921875 0.38425925925925924 0.084375 0.16111111111111112
0 0.5838541666666667 0.09537037037037037 0.028125 0.03888888888888889
2 0.35520833333333335 0.32685185185185184 0.08333333333333333 0.17962962962962964
0 0.6479166666666667 0.1425925925925926 0.035416666666666666 0.05555555555555555
0 0.58125 0.12222222222222222 0.03333333333333333 0.05185185185185185
0 0.7036458333333333 0.20277777777777778 0.04895833333333333 0.06851851851851852
0 0.7072916666666667 0.25462962962962965 0.0625 0.09444444444444444
0 0.4479166666666667 0.22962962962962963 0.04791666666666667 0.07037037037037037
0 0.4 0.20925925925925926 0.041666666666666664 0.06296296296296296
0 0.5182291666666666 0.15092592592592594 0.030208333333333334 0.053703703703703705
0 0.7760416666666666 0.3527777777777778 0.07708333333333334 0.12037037037037036
0 0.4588541666666667 0.13333333333333333 0.028125 0.044444444444444446
0 0.49635416666666665 0.09444444444444444 0.021875 0.040740740740740744
0 0.5328125 0.11203703703703703 0.028125 0.03888888888888889
0 0.9197916666666667 0.799074074074074 0.11666666666666667 0.26851851851851855
1 0.7114583333333333 0.12407407407407407 0.07083333333333333 0.11851851851851852
1 0.6286458333333333 0.09074074074074075 0.04479166666666667 0.10740740740740741
