0 0.9328125 0.18333333333333332 0.06770833333333333 0.08518518518518518
0 0.9838541666666667 0.2037037037037037 0.03229166666666667 0.07407407407407407
0 0.22395833333333334 0.4 0.09375 0.07777777777777778
0 0.2557291666666667 0.45185185185185184 0.096875 0.07037037037037037
0 0.56875 0.487962962962963 0.14791666666666667 0.1574074074074074
0 0.7927083333333333 0.44537037037037036 0.12708333333333333 0.14629629629629629
0 0.5583333333333333 0.1537037037037037 0.05625 0.044444444444444446
0 0.18958333333333333 0.8629629629629629 0.25625 0.24444444444444444
0 0.6135416666666667 0.14814814814814814 0.05416666666666667 0.05925925925925926
0 0.6927083333333334 0.14074074074074075 0.052083333333333336 0.05555555555555555
0 0.65625 0.2611111111111111 0.06458333333333334 0.05555555555555555
0 0.3697916666666667 0.48333333333333334 0.07291666666666667 0.06296296296296296
