0 0.6109375 0.08333333333333333 0.023958333333333335 0.040740740740740744
0 0.5973958333333333 0.10555555555555556 0.026041666666666668 0.040740740740740744
2 0.4427083333333333 0.2324074074074074 0.05 0.10555555555555556
0 0.6302083333333334 0.30833333333333335 0.0625 0.09814814814814815
0 0.684375 0.5740740740740741 0.11458333333333333 0.17407407407407408
0 0.44375 0.11481481481481481 0.01875 0.040740740740740744
0 0.49114583333333334 0.08611111111111111 0.021875 0.03518518518518519
0 0.5276041666666667 0.06481481481481481 0.019791666666666666 0.03333333333333333
1 0.9354166666666667 0.44351851851851853 0.12916666666666668 0.37592592592592594
1 0.8526041666666667 0.4898148148148148 0.24895833333333334 0.5018518518518519
1 0.4005208333333333 0.1638888888888889 0.06770833333333333 0.1425925925925926
