0 0.036458333333333336 0.7157407407407408 0.07083333333333333 0.20925925925925926
0 0.3223958333333333 0.9074074074074074 0.134375 0.18518518518518517
0 0.16979166666666667 0.4638888888888889 0.08333333333333333 0.11666666666666667
0 0.44583333333333336 0.4305555555555556 0.07083333333333333 0.14629629629629629
2 0.6895833333333333 0.20925925925925926 0.035416666666666666 0.06666666666666667
0 0.38333333333333336 0.34629629629629627 0.052083333333333336 0.08148148148148149
0 0.75 0.33611111111111114 0.05625 0.07592592592592592
0 0.4869791666666667 0.29259259259259257 0.042708333333333334 0.07407407407407407
2 0.44895833333333335 0.22037037037037038 0.03958333333333333 0.07407407407407407
0 0.6947916666666667 0.46296296296296297 0.06875 0.1037037037037037
0 0.39739583333333334 0.20185185185185187 0.034375 0.04814814814814815
0 0.8921875 0.49444444444444446 0.09479166666666666 0.12962962962962962
2 0.96875 0.35833333333333334 0.0625 0.10185185185185185
