0 0.2630208333333333 0.925 0.14895833333333333 0.15
0 0.15625 0.7472222222222222 0.15 0.2574074074074074
0 0.7630208333333334 0.19074074074074074 0.030208333333333334 0.04814814814814815
0 0.6989583333333333 0.18981481481481483 0.03125 0.046296296296296294
0 0.1921875 0.5212962962962963 0.09479166666666666 0.1425925925925926
0 0.38697916666666665 0.5407407407407407 0.08854166666666667 0.18518518518518517
0 0.8104166666666667 0.262037037037037 0.052083333333333336 0.06851851851851852
2 0.8041666666666667 0.1648148148148148 0.03333333333333333 0.05185185185185185
0 0.3484375 0.26851851851851855 0.04895833333333333 0.08148148148148149
0 0.6760416666666667 0.3675925925925926 0.05416666666666667 0.09444444444444444
2 0.8234375 0.44166666666666665 0.096875 0.18333333333333332
0 0.9098958333333333 0.27870370370370373 0.057291666666666664 0.06851851851851852
0 0.9489583333333333 0.4212962962962963 0.10208333333333333 0.12777777777777777
2 0.3651041666666667 0.2111111111111111 0.042708333333333334 0.06666666666666667
0 0.8114583333333333 0.8694444444444445 0.15416666666666667 0.22037037037037038
