0 0.4901041666666667 0.12777777777777777 0.040625 0.05185185185185185
0 0.4666666666666667 0.9009259259259259 0.12916666666666668 0.1648148148148148
0 0.665625 0.04722222222222222 0.022916666666666665 0.03518518518518519
2 0.9380208333333333 0.8166666666666667 0.12395833333333334 0.32222222222222224
0 0.6411458333333333 0.05185185185185185 0.021875 0.02962962962962963
0 0.7130208333333333 0.06018518518518518 0.026041666666666668 0.04259259259259259
0 0.6270833333333333 0.26481481481481484 0.05625 0.1
0 0.6947916666666667 0.08703703703703704 0.03125 0.040740740740740744
0 0.7526041666666666 0.11851851851851852 0.040625 0.05555555555555555
0 0.5380208333333333 0.2101851851851852 0.04895833333333333 0.07962962962962963
1 0.5473958333333333 0.08703703703703704 0.046875 0.1
0 0.5692708333333333 0.08611111111111111 0.021875 0.046296296296296294
0 0.7859375 0.2324074074074074 0.059375 0.07962962962962963
0 0.8473958333333333 0.2037037037037037 0.05520833333333333 0.09259259259259259
0 0.5963541666666666 0.05 0.021875 0.02962962962962963
