2 0.6145833333333334 0.5842592592592593 0.09791666666666667 0.2759259259259259
0 0.8755208333333333 0.7240740740740741 0.178125 0.3
0 0.6286458333333333 0.2611111111111111 0.05520833333333333 0.1
0 0.7505208333333333 0.053703703703703705 0.028125 0.044444444444444446
0 0.6078125 0.4009259259259259 0.09895833333333333 0.13518518518518519
0 0.7953125 0.09444444444444444 0.042708333333333334 0.05185185185185185
0 0.6895833333333333 0.18611111111111112 0.05 0.08333333333333333
0 0.6083333333333333 0.12407407407407407 0.0375 0.06296296296296296
0 0.8432291666666667 0.11944444444444445 0.046875 0.06111111111111111
0 0.7432291666666667 0.1 0.040625 0.05925925925925926
0 0.8432291666666667 0.0712962962962963 0.03854166666666667 0.053703703703703705
0 0.5994791666666667 0.08055555555555556 0.030208333333333334 0.046296296296296294
0 0.6578125 0.08518518518518518 0.03229166666666667 0.05185185185185185
0 0.859375 0.20462962962962963 0.06666666666666667 0.08703703703703704
0 0.9453125 0.16944444444444445 0.057291666666666664 0.07222222222222222
0 0.9776041666666667 0.28703703703703703 0.04479166666666667 0.11481481481481481
2 0.5927083333333333 0.04814814814814815 0.022916666666666665 0.040740740740740744
1 0.5317708333333333 0.13796296296296295 0.06770833333333333 0.16111111111111112
