0 0.3328125 0.22685185185185186 0.078125 0.1388888888888889
1 0.9 0.18796296296296297 0.2 0.37222222222222223
0 0.26666666666666666 0.15833333333333333 0.08958333333333333 0.12777777777777777
2 0.14427083333333332 0.9138888888888889 0.21770833333333334 0.17222222222222222
0 0.3625 0.044444444444444446 0.05416666666666667 0.08518518518518518
0 0.390625 0.1537037037037037 0.07291666666666667 0.11481481481481481
0 0.46197916666666666 0.33611111111111114 0.10520833333333333 0.19814814814814816
2 0.6864583333333333 0.03796296296296296 0.05 0.07222222222222222
0 0.4984375 0.08703703703703704 0.06354166666666666 0.1
3 0.45677083333333335 0.026851851851851852 0.059375 0.05
0 0.33177083333333335 0.008333333333333333 0.06354166666666666 0.012962962962962963
0 0.8057291666666667 0.35648148148148145 0.13020833333333334 0.17222222222222222
1 0.9875 0.31296296296296294 0.025 0.29259259259259257
