0 0.6390625 0.962037037037037 0.15520833333333334 0.07592592592592592
0 0.3067708333333333 0.5592592592592592 0.12604166666666666 0.1814814814814815
0 0.3182291666666667 0.21388888888888888 0.051041666666666666 0.06111111111111111
0 0.18229166666666666 0.2064814814814815 0.035416666666666666 0.03518518518518519
0 0.16510416666666666 0.3490740740740741 0.06145833333333333 0.08333333333333333
1 0.040625 0.30925925925925923 0.07916666666666666 0.17407407407407408
0 0.4895833333333333 0.3111111111111111 0.10833333333333334 0.08518518518518518
0 0.17395833333333333 0.2833333333333333 0.05416666666666667 0.07037037037037037
0 0.090625 0.2833333333333333 0.04375 0.06296296296296296
0 0.8458333333333333 0.5925925925925926 0.21666666666666667 0.17777777777777778
