0 0.0921875 0.6203703703703703 0.12395833333333334 0.16666666666666666
0 0.6625 0.1824074074074074 0.029166666666666667 0.04259259259259259
0 0.2677083333333333 0.5435185185185185 0.10208333333333333 0.17592592592592593
0 0.4322916666666667 0.4583333333333333 0.06458333333333334 0.11666666666666667
0 0.34791666666666665 0.3861111111111111 0.06875 0.11296296296296296
0 0.2838541666666667 0.35 0.059375 0.08148148148148149
0 0.628125 0.29259259259259257 0.03958333333333333 0.07037037037037037
0 0.25677083333333334 0.30092592592592593 0.053125 0.07222222222222222
0 0.42239583333333336 0.2740740740740741 0.04479166666666667 0.06666666666666667
0 0.4984375 0.24814814814814815 0.036458333333333336 0.06296296296296296
0 0.4432291666666667 0.21388888888888888 0.034375 0.053703703703703705
0 0.6911458333333333 0.5231481481481481 0.08020833333333334 0.13148148148148148
0 0.3921875 0.20555555555555555 0.036458333333333336 0.06296296296296296
0 0.5010416666666667 0.18518518518518517 0.027083333333333334 0.04814814814814815
