0 0.5536458333333333 0.46574074074074073 0.140625 0.16111111111111112
0 0.28020833333333334 0.04351851851851852 0.03125 0.03518518518518519
0 0.184375 0.04814814814814815 0.027083333333333334 0.040740740740740744
0 0.340625 0.04814814814814815 0.03125 0.037037037037037035
0 0.2859375 0.3296296296296296 0.08854166666666667 0.13333333333333333
0 0.40729166666666666 0.06481481481481481 0.03958333333333333 0.037037037037037035
2 0.4078125 0.09074074074074075 0.03854166666666667 0.05555555555555555
0 0.10833333333333334 0.14166666666666666 0.03958333333333333 0.06851851851851852
0 0.17760416666666667 0.125 0.03854166666666667 0.053703703703703705
0 0.471875 0.15462962962962962 0.05625 0.05740740740740741
0 0.4921875 0.2111111111111111 0.071875 0.06296296296296296
2 0.5661458333333333 0.125 0.071875 0.06851851851851852
0 0.08854166666666667 0.5925925925925926 0.10625 0.17777777777777778
0 0.024479166666666666 0.12407407407407407 0.046875 0.04814814814814815
0 0.60625 0.21666666666666667 0.09583333333333334 0.1
2 0.7776041666666667 0.23703703703703705 0.08854166666666667 0.1037037037037037
0 0.06822916666666666 0.08981481481481482 0.03229166666666667 0.03888888888888889
