1 0.07135416666666666 0.412962962962963 0.140625 0.27037037037037037
1 0.4765625 0.23333333333333334 0.23645833333333333 0.18888888888888888
0 0.20416666666666666 0.1935185185185185 0.03333333333333333 0.03518518518518519
0 0.41510416666666666 0.5055555555555555 0.13854166666666667 0.16666666666666666
0 0.20052083333333334 0.2212962962962963 0.040625 0.046296296296296294
0 0.30833333333333335 0.2388888888888889 0.058333333333333334 0.05555555555555555
0 0.21041666666666667 0.41944444444444445 0.07916666666666666 0.11296296296296296
0 0.21302083333333333 0.3101851851851852 0.057291666666666664 0.07962962962962963
0 0.7473958333333334 0.44166666666666665 0.178125 0.13518518518518519
0 0.08802083333333334 0.24722222222222223 0.034375 0.046296296296296294
