0 0.29635416666666664 0.5546296296296296 0.09479166666666666 0.07592592592592592
1 0.09583333333333334 0.575 0.18958333333333333 0.1537037037037037
1 0.15520833333333334 0.7138888888888889 0.30833333333333335 0.2722222222222222
0 0.24010416666666667 0.5981481481481481 0.07395833333333333 0.06666666666666667
0 0.31927083333333334 0.7453703703703703 0.13020833333333334 0.12407407407407407
0 0.5458333333333333 0.6435185185185185 0.09791666666666667 0.09814814814814815
3 0.978125 0.7555555555555555 0.04375 0.26296296296296295
0 0.7958333333333333 0.6888888888888889 0.1 0.1037037037037037
0 0.8 0.575 0.08333333333333333 0.07962962962962963
0 0.9 0.7861111111111111 0.11041666666666666 0.11666666666666667
