1 0.9765625 0.2101851851851852 0.046875 0.17592592592592593
0 0.9197916666666667 0.1638888888888889 0.07291666666666667 0.08333333333333333
1 0.7526041666666666 0.55 0.378125 0.562962962962963
0 0.29739583333333336 0.40185185185185185 0.090625 0.08518518518518518
0 0.7385416666666667 0.3425925925925926 0.10208333333333333 0.11851851851851852
0 0.49114583333333334 0.5611111111111111 0.13645833333333332 0.16666666666666666
0 0.5552083333333333 0.6546296296296297 0.19375 0.20925925925925926
0 0.5635416666666667 0.18425925925925926 0.058333333333333334 0.05740740740740741
0 0.5932291666666667 0.13425925925925927 0.053125 0.05
0 0.6807291666666667 0.1259259259259259 0.051041666666666666 0.05185185185185185
0 0.775 0.2111111111111111 0.07083333333333333 0.07407407407407407
