0 0.6729166666666667 0.017592592592592594 0.020833333333333332 0.03148148148148148
0 0.6447916666666667 0.01574074074074074 0.020833333333333332 0.027777777777777776
0 0.6848958333333334 0.03333333333333333 0.023958333333333335 0.02962962962962963
0 0.7104166666666667 0.06018518518518518 0.03333333333333333 0.046296296296296294
2 0.7489583333333333 0.11296296296296296 0.03958333333333333 0.06296296296296296
0 0.7375 0.09537037037037037 0.029166666666666667 0.05
0 0.6354166666666666 0.49074074074074076 0.10625 0.17407407407407408
0 0.8880208333333334 0.19074074074074074 0.06145833333333333 0.07407407407407407
0 0.8458333333333333 0.29444444444444445 0.08125 0.1037037037037037
0 0.9223958333333333 0.2675925925925926 0.078125 0.10185185185185185
1 0.4239583333333333 0.5324074074074074 0.20625 0.6537037037037037
