0 0.296875 0.5555555555555556 0.09583333333333334 0.07407407407407407
1 0.0953125 0.5722222222222222 0.18854166666666666 0.15925925925925927
1 0.15885416666666666 0.7148148148148148 0.315625 0.2777777777777778
0 0.228125 0.600925925925926 0.07916666666666666 0.07222222222222222
0 0.35885416666666664 0.7333333333333333 0.12604166666666666 0.11851851851851852
0 0.5713541666666667 0.6333333333333333 0.10104166666666667 0.1037037037037037
3 0.9552083333333333 0.7768518518518519 0.08958333333333333 0.3055555555555556
0 0.8291666666666667 0.6648148148148149 0.09583333333333334 0.08518518518518518
0 0.8291666666666667 0.5638888888888889 0.08125 0.07592592592592592
0 0.8401041666666667 0.8342592592592593 0.12604166666666666 0.14629629629629629
