0 0.296875 0.9259259259259259 0.14583333333333334 0.1259259259259259
0 0.31875 0.55 0.09166666666666666 0.15925925925925927
0 0.2515625 0.41203703703703703 0.078125 0.09444444444444444
0 0.421875 0.2740740740740741 0.05 0.08518518518518518
0 0.4864583333333333 0.29074074074074074 0.04791666666666667 0.09259259259259259
0 0.3338541666666667 0.22314814814814815 0.034375 0.046296296296296294
0 0.6625 0.26944444444444443 0.04375 0.08703703703703704
0 0.6354166666666666 0.19444444444444445 0.035416666666666666 0.05925925925925926
0 0.7171875 0.20185185185185187 0.036458333333333336 0.04814814814814815
0 0.7869791666666667 0.2222222222222222 0.040625 0.04814814814814815
0 0.7572916666666667 0.29907407407407405 0.05416666666666667 0.07222222222222222
0 0.8765625 0.25 0.053125 0.06296296296296296
0 0.8822916666666667 0.35833333333333334 0.06041666666666667 0.07962962962962963
0 0.7177083333333333 0.512962962962963 0.08125 0.13333333333333333
0 0.859375 0.5212962962962963 0.09166666666666666 0.13148148148148148
0 0.7927083333333333 0.8935185185185185 0.15208333333333332 0.18703703703703703
0 0.9708333333333333 0.49166666666666664 0.058333333333333334 0.11296296296296296
