0 0.4421875 0.36018518518518516 0.09479166666666666 0.1537037037037037
0 0.7604166666666666 0.010185185185185186 0.04375 0.016666666666666666
0 0.403125 0.1675925925925926 0.05625 0.08703703703703704
0 0.5828125 0.15092592592592594 0.053125 0.09074074074074075
0 0.6786458333333333 0.1638888888888889 0.05520833333333333 0.08703703703703704
0 0.9229166666666667 0.013888888888888888 0.05 0.024074074074074074
0 0.9083333333333333 0.053703703703703705 0.05625 0.05555555555555555
0 0.4734375 0.01574074074074074 0.036458333333333336 0.027777777777777776
0 0.5875 0.018518518518518517 0.035416666666666666 0.03333333333333333
0 0.9114583333333334 0.2175925925925926 0.0875 0.09814814814814815
0 0.6526041666666667 0.010185185185185186 0.034375 0.016666666666666666
