0 0.08072916666666667 0.899074074074074 0.159375 0.17592592592592593
0 0.2515625 0.9277777777777778 0.153125 0.12222222222222222
0 0.7098958333333333 0.21203703703703702 0.040625 0.06481481481481481
0 0.6447916666666667 0.18518518518518517 0.03333333333333333 0.05555555555555555
0 0.7359375 0.1685185185185185 0.036458333333333336 0.044444444444444446
0 0.6473958333333333 0.24351851851851852 0.042708333333333334 0.07222222222222222
2 0.08958333333333333 0.6175925925925926 0.14375 0.22777777777777777
2 0.13020833333333334 0.3925925925925926 0.09583333333333334 0.14444444444444443
0 0.2578125 0.37037037037037035 0.07604166666666666 0.0962962962962963
0 0.7630208333333334 0.2462962962962963 0.042708333333333334 0.07037037037037037
0 0.4427083333333333 0.387037037037037 0.0625 0.12962962962962962
0 0.7890625 0.2111111111111111 0.046875 0.07037037037037037
0 0.38645833333333335 0.31574074074074077 0.05416666666666667 0.09074074074074075
0 0.75625 0.3296296296296296 0.058333333333333334 0.09259259259259259
0 0.8348958333333333 0.18518518518518517 0.040625 0.05185185185185185
0 0.4817708333333333 0.26296296296296295 0.042708333333333334 0.07407407407407407
2 0.6932291666666667 0.412962962962963 0.06770833333333333 0.14444444444444443
0 0.31614583333333335 0.21481481481481482 0.042708333333333334 0.05925925925925926
0 0.45260416666666664 0.19444444444444445 0.036458333333333336 0.05555555555555555
0 0.909375 0.38333333333333336 0.07916666666666666 0.10740740740740741
0 0.5161458333333333 0.17777777777777778 0.03229166666666667 0.05185185185185185
