1 0.4890625 0.14814814814814814 0.08020833333333334 0.24444444444444444
0 0.6994791666666667 0.7435185185185185 0.15520833333333334 0.29444444444444445
2 0.8203125 0.4648148148148148 0.13645833333333332 0.24814814814814815
0 0.6244791666666667 0.32592592592592595 0.07395833333333333 0.12962962962962962
0 0.6010416666666667 0.21296296296296297 0.05625 0.0962962962962963
0 0.5791666666666667 0.1175925925925926 0.0375 0.05
0 0.7119791666666667 0.05925925925925926 0.028125 0.037037037037037035
0 0.7989583333333333 0.08611111111111111 0.04583333333333333 0.05
0 0.6078125 0.07037037037037037 0.030208333333333334 0.044444444444444446
0 0.5432291666666667 0.053703703703703705 0.028125 0.037037037037037035
0 0.753125 0.16111111111111112 0.05625 0.07777777777777778
0 0.48020833333333335 0.13055555555555556 0.07083333333333333 0.05740740740740741
0 0.8947916666666667 0.23148148148148148 0.0875 0.09259259259259259
1 0.40989583333333335 0.7203703703703703 0.33229166666666665 0.5592592592592592
