0 0.18802083333333333 0.30462962962962964 0.09270833333333334 0.06851851851851852
1 0.18177083333333333 0.3925925925925926 0.209375 0.2962962962962963
0 0.3458333333333333 0.6620370370370371 0.13333333333333333 0.21666666666666667
0 0.3229166666666667 0.3037037037037037 0.06041666666666667 0.09259259259259259
0 0.3489583333333333 0.43425925925925923 0.08333333333333333 0.12777777777777777
0 0.6380208333333334 0.2712962962962963 0.04895833333333333 0.07222222222222222
0 0.44635416666666666 0.33611111111111114 0.06354166666666666 0.09444444444444444
0 0.4015625 0.24537037037037038 0.040625 0.07222222222222222
0 0.3890625 0.31203703703703706 0.05520833333333333 0.08703703703703704
0 0.48020833333333335 0.23333333333333334 0.04375 0.06666666666666667
0 0.41770833333333335 0.1962962962962963 0.035416666666666666 0.05555555555555555
0 0.40677083333333336 0.1527777777777778 0.030208333333333334 0.046296296296296294
