0 0.1265625 0.5166666666666667 0.15520833333333334 0.15185185185185185
0 0.36875 0.387037037037037 0.11041666666666666 0.11851851851851852
0 0.20364583333333333 0.3416666666666667 0.103125 0.10555555555555556
0 0.7010416666666667 0.25277777777777777 0.06041666666666667 0.07592592592592592
0 0.7953125 0.2574074074074074 0.05520833333333333 0.08518518518518518
2 0.3619791666666667 0.26666666666666666 0.09895833333333333 0.13333333333333333
0 0.49114583333333334 0.23796296296296296 0.065625 0.06851851851851852
0 0.5677083333333334 0.23055555555555557 0.06041666666666667 0.06481481481481481
0 0.4276041666666667 0.20277777777777778 0.051041666666666666 0.05740740740740741
0 0.7625 0.6972222222222222 0.12708333333333333 0.2462962962962963
2 0.5973958333333333 0.15 0.042708333333333334 0.05555555555555555
