2 0.38125 0.24537037037037038 0.11875 0.09074074074074075
0 0.596875 0.4111111111111111 0.06666666666666667 0.1259259259259259
2 0.5848958333333333 0.23796296296296296 0.03854166666666667 0.09814814814814815
0 0.6598958333333333 0.22962962962962963 0.046875 0.07407407407407407
0 0.8583333333333333 0.27037037037037037 0.058333333333333334 0.07777777777777778
0 0.8130208333333333 0.16203703703703703 0.036458333333333336 0.053703703703703705
0 0.7921875 0.18611111111111112 0.051041666666666666 0.053703703703703705
0 0.7604166666666666 0.16666666666666666 0.03958333333333333 0.04814814814814815
0 0.7651041666666667 0.13425925925925927 0.03229166666666667 0.046296296296296294
0 0.7317708333333334 0.14166666666666666 0.034375 0.04259259259259259
2 0.7114583333333333 0.11481481481481481 0.029166666666666667 0.05185185185185185
0 0.696875 0.10833333333333334 0.027083333333333334 0.04259259259259259
0 0.8739583333333333 0.32037037037037036 0.06875 0.0962962962962963
0 0.6244791666666667 0.1648148148148148 0.030208333333333334 0.05185185185185185
0 0.5692708333333333 0.15 0.028125 0.04814814814814815
0 0.6020833333333333 0.11481481481481481 0.025 0.040740740740740744
1 0.9177083333333333 0.2064814814814815 0.12291666666666666 0.1685185185185185
