1 0.490625 0.1361111111111111 0.07916666666666666 0.23148148148148148
0 0.6671875 0.5907407407407408 0.11979166666666667 0.2222222222222222
0 0.9270833333333334 0.8287037037037037 0.14583333333333334 0.29444444444444445
2 0.7739583333333333 0.3768518518518518 0.11458333333333333 0.20555555555555555
0 0.6135416666666667 0.2814814814814815 0.06458333333333334 0.11481481481481481
0 0.596875 0.18981481481481483 0.04791666666666667 0.08333333333333333
0 0.575 0.10277777777777777 0.035416666666666666 0.05
0 0.7182291666666667 0.06574074074074074 0.036458333333333336 0.05
0 0.8182291666666667 0.10092592592592593 0.053125 0.053703703703703705
0 0.6005208333333333 0.05740740740740741 0.030208333333333334 0.044444444444444446
0 0.5421875 0.046296296296296294 0.026041666666666668 0.037037037037037035
0 0.7796875 0.2 0.06979166666666667 0.08518518518518518
0 0.46770833333333334 0.12129629629629629 0.04791666666666667 0.06481481481481481
0 0.9348958333333334 0.27870370370370373 0.09479166666666666 0.11296296296296296
1 0.41458333333333336 0.687037037037037 0.3229166666666667 0.6
