2 0.40208333333333335 0.25555555555555554 0.11458333333333333 0.09259259259259259
0 0.5911458333333334 0.3814814814814815 0.06145833333333333 0.10740740740740741
2 0.5828125 0.2351851851851852 0.036458333333333336 0.09259259259259259
0 0.6505208333333333 0.225 0.042708333333333334 0.06851851851851852
0 0.8651041666666667 0.29074074074074074 0.06354166666666666 0.07777777777777778
0 0.8171875 0.1824074074074074 0.03854166666666667 0.053703703703703705
0 0.7848958333333333 0.20185185185185187 0.04895833333333333 0.05185185185185185
0 0.7614583333333333 0.18611111111111112 0.03958333333333333 0.05
0 0.7671875 0.15185185185185185 0.034375 0.044444444444444446
0 0.7317708333333334 0.1574074074074074 0.034375 0.044444444444444446
2 0.7125 0.13333333333333333 0.029166666666666667 0.05185185185185185
0 0.6958333333333333 0.125 0.025 0.04259259259259259
0 0.8796875 0.34629629629629627 0.06979166666666667 0.0962962962962963
0 0.6203125 0.1685185185185185 0.028125 0.04814814814814815
0 0.5666666666666667 0.15462962962962962 0.027083333333333334 0.046296296296296294
1 0.9338541666666667 0.2222222222222222 0.13229166666666667 0.17407407407407408
