0 0.2947916666666667 0.5527777777777778 0.09375 0.07592592592592592
1 0.096875 0.5731481481481482 0.19166666666666668 0.1574074074074074
1 0.159375 0.7129629629629629 0.31666666666666665 0.2740740740740741
0 0.22708333333333333 0.6037037037037037 0.06875 0.08148148148148149
0 0.2390625 0.7796296296296297 0.14270833333333333 0.13333333333333333
0 0.5020833333333333 0.6666666666666666 0.09583333333333334 0.1111111111111111
0 0.7203125 0.7222222222222222 0.11145833333333334 0.11481481481481481
0 0.7442708333333333 0.5907407407407408 0.084375 0.08518518518518518
0 0.9755208333333333 0.7055555555555556 0.04895833333333333 0.08888888888888889
0 0.9130208333333333 0.5898148148148148 0.07604166666666666 0.07222222222222222
