0 0.23541666666666666 0.47962962962962963 0.09375 0.07407407407407407
0 0.0421875 0.9685185185185186 0.08229166666666667 0.06296296296296296
0 0.30052083333333335 0.8481481481481481 0.19270833333333334 0.16666666666666666
0 0.5692708333333333 0.7148148148148148 0.12604166666666666 0.1111111111111111
3 0.20416666666666666 0.6287037037037037 0.12708333333333333 0.12777777777777777
1 0.5119791666666667 0.5472222222222223 0.296875 0.21296296296296297
0 0.10833333333333334 0.562962962962963 0.07708333333333334 0.08148148148148149
0 0.0328125 0.5231481481481481 0.06354166666666666 0.09444444444444444
1 0.878125 0.8 0.24375 0.4
0 0.9239583333333333 0.6481481481481481 0.10625 0.1037037037037037
0 0.7572916666666667 0.7212962962962963 0.11875 0.12407407407407407
0 0.9333333333333333 0.5324074074074074 0.06458333333333334 0.06851851851851852
