0 0.6578125 0.5444444444444444 0.11354166666666667 0.2111111111111111
2 0.6083333333333333 0.325 0.06041666666666667 0.16111111111111112
0 0.734375 0.32314814814814813 0.08333333333333333 0.13148148148148148
0 0.6177083333333333 0.1787037037037037 0.04791666666666667 0.07962962962962963
0 0.8020833333333334 0.044444444444444446 0.035416666666666666 0.040740740740740744
0 0.7510416666666667 0.05 0.03125 0.044444444444444446
0 0.7614583333333333 0.06944444444444445 0.0375 0.046296296296296294
0 0.7651041666666667 0.10092592592592593 0.036458333333333336 0.06111111111111111
0 0.5348958333333333 0.2777777777777778 0.06979166666666667 0.1037037037037037
0 0.8390625 0.13703703703703704 0.053125 0.06666666666666667
0 0.6604166666666667 0.11481481481481481 0.0375 0.06296296296296296
0 0.5984375 0.07685185185185185 0.030208333333333334 0.05
0 0.9083333333333333 0.17685185185185184 0.0625 0.08333333333333333
0 0.8296875 0.2101851851851852 0.06354166666666666 0.09074074074074075
0 0.9114583333333334 0.12685185185185185 0.05625 0.06481481481481481
1 0.5416666666666666 0.09166666666666666 0.05416666666666667 0.13148148148148148
