0 0.19791666666666666 0.49722222222222223 0.09791666666666667 0.15
0 0.7197916666666667 0.6277777777777778 0.18958333333333333 0.2111111111111111
0 0.16041666666666668 0.21574074074074073 0.0625 0.08333333333333333
0 0.30104166666666665 0.11574074074074074 0.04583333333333333 0.04259259259259259
0 0.3671875 0.1037037037037037 0.046875 0.05555555555555555
0 0.253125 0.06759259259259259 0.03125 0.03888888888888889
0 0.32760416666666664 0.05 0.03229166666666667 0.03333333333333333
0 0.3255208333333333 0.0712962962962963 0.03854166666666667 0.03888888888888889
0 0.26614583333333336 0.046296296296296294 0.03229166666666667 0.02962962962962963
0 0.5984375 0.18055555555555555 0.065625 0.06851851851851852
0 0.5765625 0.25555555555555554 0.10104166666666667 0.08148148148148149
0 0.034375 0.1675925925925926 0.03958333333333333 0.05740740740740741
0 0.13958333333333334 0.11203703703703703 0.041666666666666664 0.05
0 0.0609375 0.10092592592592593 0.036458333333333336 0.046296296296296294
0 0.0953125 0.0712962962962963 0.030208333333333334 0.03888888888888889
