0 0.9614583333333333 0.8379629629629629 0.07708333333333334 0.26851851851851855
0 0.40520833333333334 0.1361111111111111 0.04583333333333333 0.05
0 0.31979166666666664 0.13333333333333333 0.04583333333333333 0.04814814814814815
0 0.37864583333333335 0.5092592592592593 0.134375 0.2074074074074074
0 0.35 0.2759259259259259 0.06875 0.0962962962962963
0 0.5364583333333334 0.19907407407407407 0.06458333333333334 0.06851851851851852
2 0.6760416666666667 0.1935185185185185 0.0875 0.09444444444444444
0 0.13645833333333332 0.2777777777777778 0.058333333333333334 0.08888888888888889
0 0.609375 0.26666666666666666 0.10625 0.0962962962962963
0 0.7875 0.2101851851851852 0.0875 0.07592592592592592
0 0.22395833333333334 0.17407407407407408 0.04791666666666667 0.07037037037037037
0 0.7994791666666666 0.38333333333333336 0.13645833333333332 0.11481481481481481
