0 0.3390625 0.2740740740740741 0.046875 0.08148148148148149
0 0.6390625 0.11851851851851852 0.03229166666666667 0.05185185185185185
0 0.43333333333333335 0.5935185185185186 0.10208333333333333 0.22037037037037038
0 0.6822916666666666 0.11944444444444445 0.03125 0.053703703703703705
0 0.43854166666666666 0.22407407407407406 0.04583333333333333 0.08888888888888889
0 0.509375 0.3685185185185185 0.07083333333333333 0.1259259259259259
0 0.6630208333333333 0.18981481481481483 0.040625 0.06481481481481481
0 0.721875 0.17685185185185184 0.04375 0.05740740740740741
0 0.48802083333333335 0.25925925925925924 0.051041666666666666 0.08888888888888889
0 0.43125 0.18518518518518517 0.0375 0.05925925925925926
0 0.47760416666666666 0.13796296296296295 0.030208333333333334 0.046296296296296294
0 0.7328125 0.3074074074074074 0.06770833333333333 0.09259259259259259
0 0.45260416666666664 0.11018518518518519 0.028125 0.04259259259259259
0 0.4901041666666667 0.10555555555555556 0.026041666666666668 0.040740740740740744
0 0.8072916666666666 0.5092592592592593 0.12291666666666666 0.16666666666666666
