0 0.33645833333333336 0.23055555555555557 0.05625 0.07222222222222222
0 0.43385416666666665 0.23148148148148148 0.04895833333333333 0.07777777777777778
0 0.5041666666666667 0.20462962962962963 0.04583333333333333 0.06851851851851852
0 0.6177083333333333 0.16203703703703703 0.035416666666666666 0.05740740740740741
0 0.7166666666666667 0.2740740740740741 0.05625 0.08888888888888889
0 0.4942708333333333 0.11203703703703703 0.028125 0.046296296296296294
0 0.6276041666666666 0.30092592592592593 0.06770833333333333 0.10185185185185185
0 0.5192708333333333 0.15185185185185185 0.03229166666666667 0.05925925925925926
2 0.475 0.0962962962962963 0.029166666666666667 0.05185185185185185
0 0.7697916666666667 0.4111111111111111 0.09166666666666666 0.15185185185185185
0 0.6515625 0.41574074074074074 0.090625 0.14629629629629629
0 0.5296875 0.10277777777777777 0.023958333333333335 0.04259259259259259
0 0.9005208333333333 0.6962962962962963 0.15729166666666666 0.22962962962962963
1 0.8838541666666667 0.3212962962962963 0.18020833333333333 0.28703703703703703
1 0.6692708333333334 0.1685185185185185 0.08229166666666667 0.15925925925925927
