0 0.8083333333333333 0.2064814814814815 0.03958333333333333 0.053703703703703705
0 0.759375 0.13425925925925927 0.03125 0.04259259259259259
0 0.7239583333333334 0.1388888888888889 0.029166666666666667 0.040740740740740744
0 0.7994791666666666 0.2351851851851852 0.05520833333333333 0.06666666666666667
0 0.7791666666666667 0.5287037037037037 0.1 0.1648148148148148
0 0.5973958333333333 0.3574074074074074 0.059375 0.10740740740740741
0 0.5963541666666666 0.2675925925925926 0.04895833333333333 0.07592592592592592
0 0.53125 0.23055555555555557 0.0375 0.06851851851851852
0 0.5807291666666666 0.18888888888888888 0.03229166666666667 0.05185185185185185
0 0.575 0.16296296296296298 0.029166666666666667 0.04814814814814815
0 0.971875 0.35833333333333334 0.05416666666666667 0.09444444444444444
1 0.8140625 0.15092592592592594 0.07604166666666666 0.12037037037037036
1 0.934375 0.20833333333333334 0.13125 0.21666666666666667
