0 0.028125 0.5472222222222223 0.05416666666666667 0.07592592592592592
0 0.0359375 0.6351851851851852 0.06979166666666667 0.1
0 0.7078125 0.37222222222222223 0.11770833333333333 0.1259259259259259
0 0.9083333333333333 0.31203703703703706 0.1 0.10555555555555556
0 0.4583333333333333 0.22037037037037038 0.06041666666666667 0.05185185185185185
0 0.4401041666666667 0.6287037037037037 0.18229166666666666 0.18333333333333332
0 0.4921875 0.22777777777777777 0.06354166666666666 0.05925925925925926
0 0.5916666666666667 0.21851851851851853 0.06041666666666667 0.05555555555555555
0 0.765625 0.17592592592592593 0.05416666666666667 0.05185185185185185
0 0.5520833333333334 0.3435185185185185 0.07916666666666666 0.05740740740740741
0 0.6213541666666667 0.16203703703703703 0.053125 0.053703703703703705
0 0.6364583333333333 0.13148148148148148 0.05 0.05185185185185185
0 0.7072916666666667 0.13703703703703704 0.058333333333333334 0.05925925925925926
