0 0.6416666666666667 0.18333333333333332 0.029166666666666667 0.044444444444444446
2 0.70625 0.2 0.029166666666666667 0.06296296296296296
2 0.6473958333333333 0.2388888888888889 0.040625 0.07777777777777778
0 0.7630208333333334 0.1935185185185185 0.03854166666666667 0.05
0 0.7401041666666667 0.24814814814814815 0.042708333333333334 0.06296296296296296
0 0.2833333333333333 0.5555555555555556 0.09375 0.15555555555555556
0 0.43802083333333336 0.4787037037037037 0.07395833333333333 0.12777777777777777
0 0.3333333333333333 0.2972222222222222 0.05 0.07592592592592592
2 0.6875 0.35555555555555557 0.058333333333333334 0.1111111111111111
0 0.8203125 0.18796296296296297 0.036458333333333336 0.046296296296296294
0 0.403125 0.3416666666666667 0.058333333333333334 0.10185185185185185
0 0.8286458333333333 0.2814814814814815 0.051041666666666666 0.06666666666666667
0 0.8135416666666667 0.40370370370370373 0.07291666666666667 0.1
0 0.5119791666666667 0.2064814814814815 0.036458333333333336 0.06851851851851852
0 0.45729166666666665 0.20462962962962963 0.0375 0.06481481481481481
0 0.8041666666666667 0.8379629629629629 0.1375 0.21296296296296297
0 0.9671875 0.33611111111111114 0.065625 0.07962962962962963
0 0.971875 0.5027777777777778 0.05625 0.10925925925925926
0 0.9708333333333333 0.862037037037037 0.058333333333333334 0.20555555555555555
