0 0.46458333333333335 0.19074074074074074 0.05625 0.07777777777777778
2 0.6932291666666667 0.7907407407407407 0.171875 0.4185185185185185
0 0.6557291666666667 0.4861111111111111 0.096875 0.17592592592592593
0 0.5447916666666667 0.18981481481481483 0.04791666666666667 0.07962962962962963
0 0.7677083333333333 0.040740740740740744 0.029166666666666667 0.044444444444444446
0 0.75625 0.3685185185185185 0.10625 0.15925925925925927
0 0.5630208333333333 0.1398148148148148 0.03229166666666667 0.06111111111111111
0 0.6479166666666667 0.14722222222222223 0.04583333333333333 0.06851851851851852
0 0.6859375 0.21851851851851853 0.05520833333333333 0.09259259259259259
0 0.7921875 0.10833333333333334 0.040625 0.06111111111111111
0 0.5526041666666667 0.07314814814814814 0.030208333333333334 0.046296296296296294
1 0.4546875 0.47962962962962963 0.17395833333333333 0.4703703703703704
