0 0.29375 0.5564814814814815 0.09166666666666666 0.07962962962962963
1 0.09375 0.5722222222222222 0.18541666666666667 0.14814814814814814
1 0.15625 0.7138888888888889 0.3104166666666667 0.26851851851851855
0 0.23229166666666667 0.6083333333333333 0.06875 0.07222222222222222
0 0.08125 0.8435185185185186 0.16041666666666668 0.14629629629629629
0 0.29635416666666664 0.7537037037037037 0.13229166666666667 0.12962962962962962
0 0.36822916666666666 0.9175925925925926 0.178125 0.1648148148148148
0 0.5520833333333334 0.6444444444444445 0.10416666666666667 0.09259259259259259
0 0.553125 0.7546296296296297 0.125 0.12037037037037036
0 0.6713541666666667 0.5861111111111111 0.08645833333333333 0.08333333333333333
0 0.946875 0.7074074074074074 0.10625 0.10740740740740741
0 0.834375 0.537962962962963 0.07708333333333334 0.06851851851851852
