0 0.5765625 0.387037037037037 0.06354166666666666 0.11851851851851852
0 0.575 0.07222222222222222 0.022916666666666665 0.037037037037037035
0 0.5796875 0.13796296296296295 0.030208333333333334 0.053703703703703705
2 0.7010416666666667 0.28425925925925927 0.07708333333333334 0.17222222222222222
0 0.5192708333333333 0.24351851851851852 0.084375 0.07962962962962963
0 0.7354166666666667 0.5916666666666667 0.10625 0.21666666666666667
0 0.7307291666666667 0.11851851851851852 0.036458333333333336 0.05185185185185185
0 0.7822916666666667 0.14537037037037037 0.03958333333333333 0.06111111111111111
0 0.734375 0.09259259259259259 0.027083333333333334 0.037037037037037035
0 0.7734375 0.08981481481481482 0.03229166666666667 0.046296296296296294
0 0.7197916666666667 0.07314814814814814 0.025 0.04259259259259259
0 0.6875 0.05648148148148148 0.020833333333333332 0.03518518518518519
0 0.7088541666666667 0.04259259259259259 0.021875 0.02962962962962963
0 0.8484375 0.2111111111111111 0.05520833333333333 0.07407407407407407
0 0.9432291666666667 0.2814814814814815 0.08020833333333334 0.0962962962962963
