0 0.665625 0.1259259259259259 0.027083333333333334 0.044444444444444446
0 0.6484375 0.19722222222222222 0.04479166666666667 0.07592592592592592
0 0.7901041666666667 0.3148148148148148 0.07604166666666666 0.1
0 0.32083333333333336 0.5175925925925926 0.11041666666666666 0.1685185185185185
0 0.2526041666666667 0.4305555555555556 0.09270833333333334 0.12407407407407407
0 0.40572916666666664 0.29814814814814816 0.06145833333333333 0.0962962962962963
2 0.3375 0.2601851851851852 0.07083333333333333 0.1425925925925926
0 0.45208333333333334 0.2111111111111111 0.041666666666666664 0.07037037037037037
0 0.5223958333333333 0.17962962962962964 0.036458333333333336 0.06666666666666667
0 0.4666666666666667 0.14814814814814814 0.03125 0.04814814814814815
0 0.5072916666666667 0.11203703703703703 0.027083333333333334 0.04259259259259259
