0 0.06875 0.4935185185185185 0.09375 0.11296296296296296
0 0.6442708333333333 0.2740740740740741 0.03854166666666667 0.06296296296296296
0 0.746875 0.3194444444444444 0.05 0.07222222222222222
0 0.7802083333333333 0.25277777777777777 0.04583333333333333 0.06481481481481481
0 0.8354166666666667 0.2175925925925926 0.04583333333333333 0.06481481481481481
0 0.3958333333333333 0.34444444444444444 0.05 0.07777777777777778
0 0.4671875 0.3731481481481482 0.057291666666666664 0.09074074074074075
0 0.6791666666666667 0.4046296296296296 0.06458333333333334 0.09814814814814815
0 0.8052083333333333 0.44907407407407407 0.07708333333333334 0.10555555555555556
0 0.3453125 0.2490740740740741 0.03854166666666667 0.05740740740740741
0 0.9197916666666667 0.3138888888888889 0.06041666666666667 0.06851851851851852
0 0.9484375 0.6 0.103125 0.14074074074074075
0 0.7848958333333333 0.8824074074074074 0.13229166666666667 0.20925925925925926
