0 0.284375 0.925 0.19791666666666666 0.15
0 0.4239583333333333 0.4740740740740741 0.09791666666666667 0.15185185185185185
0 0.5192708333333333 0.26666666666666666 0.06145833333333333 0.09259259259259259
2 0.553125 0.17407407407407408 0.05416666666666667 0.0962962962962963
0 0.6557291666666667 0.23703703703703705 0.059375 0.11851851851851852
0 0.7776041666666667 0.12222222222222222 0.04479166666666667 0.05925925925925926
0 0.64375 0.14537037037037037 0.0375 0.06481481481481481
0 0.9140625 0.3212962962962963 0.09479166666666666 0.11296296296296296
0 0.5864583333333333 0.12777777777777777 0.03333333333333333 0.05555555555555555
0 0.946875 0.6574074074074074 0.10625 0.24814814814814815
1 0.4890625 0.1287037037037037 0.13229166666666667 0.16111111111111112
