0 0.38697916666666665 0.8333333333333334 0.18020833333333333 0.26296296296296295
0 0.2552083333333333 0.3175925925925926 0.08541666666666667 0.11296296296296296
0 0.24270833333333333 0.08425925925925926 0.0375 0.03888888888888889
0 0.30104166666666665 0.07777777777777778 0.0375 0.040740740740740744
0 0.2125 0.05092592592592592 0.027083333333333334 0.03148148148148148
0 0.2859375 0.03611111111111111 0.028125 0.027777777777777776
0 0.2838541666666667 0.05648148148148148 0.03229166666666667 0.03518518518518519
0 0.234375 0.03611111111111111 0.025 0.03148148148148148
0 0.4828125 0.13055555555555556 0.04895833333333333 0.053703703703703705
0 0.4244791666666667 0.17222222222222222 0.06979166666666667 0.05925925925925926
0 0.07447916666666667 0.22777777777777777 0.04895833333333333 0.07037037037037037
0 0.19739583333333333 0.16203703703703703 0.053125 0.06481481481481481
0 0.09791666666666667 0.1398148148148148 0.04375 0.053703703703703705
0 0.13697916666666668 0.10555555555555556 0.036458333333333336 0.044444444444444446
0 0.013020833333333334 0.10740740740740741 0.023958333333333335 0.044444444444444446
0 0.88125 0.35 0.13125 0.11851851851851852
0 0.015104166666666667 0.3194444444444444 0.028125 0.10185185185185185
