0 0.8328125 0.8888888888888888 0.253125 0.2222222222222222
0 0.3458333333333333 0.06388888888888888 0.03125 0.04259259259259259
0 0.2635416666666667 0.07962962962962963 0.03958333333333333 0.044444444444444446
0 0.2125 0.45092592592592595 0.08958333333333333 0.13518518518518519
0 0.4114583333333333 0.3472222222222222 0.10833333333333334 0.12407407407407407
0 0.22135416666666666 0.2740740740740741 0.07395833333333333 0.0962962962962963
0 0.2520833333333333 0.19814814814814816 0.058333333333333334 0.07037037037037037
0 0.07083333333333333 0.19444444444444445 0.04791666666666667 0.07037037037037037
0 0.5020833333333333 0.17037037037037037 0.06458333333333334 0.07407407407407407
0 0.17916666666666667 0.9074074074074074 0.15833333333333333 0.18518518518518517
0 0.12604166666666666 0.0962962962962963 0.035416666666666666 0.044444444444444446
0 0.016145833333333335 0.2824074074074074 0.030208333333333334 0.10925925925925926
