0 0.03697916666666667 0.7842592592592592 0.071875 0.2351851851851852
0 0.13802083333333334 0.41759259259259257 0.08020833333333334 0.09444444444444444
0 0.6515625 0.3055555555555556 0.042708333333333334 0.07037037037037037
0 0.7666666666666667 0.35462962962962963 0.052083333333333336 0.07592592592592592
0 0.8015625 0.28055555555555556 0.051041666666666666 0.06851851851851852
0 0.8536458333333333 0.2351851851851852 0.04895833333333333 0.07037037037037037
0 0.41875 0.30462962962962964 0.04583333333333333 0.06851851851851852
0 0.4817708333333333 0.32222222222222224 0.04895833333333333 0.07407407407407407
0 0.6947916666666667 0.4685185185185185 0.07291666666666667 0.11851851851851852
0 0.8380208333333333 0.525 0.09479166666666666 0.12407407407407407
0 0.36614583333333334 0.22592592592592592 0.03854166666666667 0.05185185185185185
0 0.9625 0.3527777777777778 0.075 0.07962962962962963
