0 0.6364583333333333 0.1814814814814815 0.03125 0.04814814814814815
0 0.7057291666666666 0.18333333333333332 0.028125 0.037037037037037035
0 0.19947916666666668 0.737037037037037 0.13020833333333334 0.2
0 0.32447916666666665 0.3148148148148148 0.053125 0.07407407407407407
0 0.71875 0.2175925925925926 0.03125 0.053703703703703705
0 0.21354166666666666 0.5268518518518519 0.09791666666666667 0.13518518518518519
0 0.790625 0.1685185185185185 0.03125 0.040740740740740744
0 0.7666666666666667 0.3472222222222222 0.05625 0.08703703703703704
0 0.48802083333333335 0.2833333333333333 0.042708333333333334 0.06666666666666667
0 0.43020833333333336 0.2490740740740741 0.04375 0.05740740740740741
0 0.32864583333333336 0.21481481481481482 0.040625 0.06296296296296296
0 0.7307291666666667 0.5879629629629629 0.10520833333333333 0.19074074074074074
0 0.5098958333333333 0.20277777777777778 0.034375 0.053703703703703705
0 0.44427083333333334 0.1962962962962963 0.03229166666666667 0.05925925925925926
0 0.95 0.3472222222222222 0.06666666666666667 0.09074074074074075
0 0.9677083333333333 0.5083333333333333 0.06458333333333334 0.12407407407407407
0 0.9635416666666666 0.8194444444444444 0.07291666666666667 0.19814814814814816
0 0.396875 0.19074074074074074 0.03125 0.04814814814814815
