0 0.28958333333333336 0.35185185185185186 0.06041666666666667 0.1
1 0.0515625 0.637962962962963 0.10104166666666667 0.43148148148148147
0 0.22708333333333333 0.5472222222222223 0.09791666666666667 0.1648148148148148
0 0.25364583333333335 0.7916666666666666 0.159375 0.2574074074074074
0 0.31145833333333334 0.24722222222222223 0.052083333333333336 0.07592592592592592
0 0.3692708333333333 0.21296296296296297 0.04479166666666667 0.07037037037037037
0 0.5703125 0.18611111111111112 0.036458333333333336 0.046296296296296294
0 0.4140625 0.2518518518518518 0.046875 0.07407407407407407
0 0.471875 0.20462962962962963 0.03958333333333333 0.05740740740740741
0 0.63125 0.25 0.052083333333333336 0.07777777777777778
0 0.4015625 0.18611111111111112 0.034375 0.053703703703703705
0 0.4890625 0.17314814814814813 0.026041666666666668 0.046296296296296294
0 0.446875 0.14907407407407408 0.027083333333333334 0.046296296296296294
