0 0.6296875 0.11666666666666667 0.03229166666666667 0.06296296296296296
0 0.7307291666666667 0.18703703703703703 0.042708333333333334 0.06666666666666667
0 0.7729166666666667 0.3990740740740741 0.09583333333333334 0.12777777777777777
2 0.6526041666666667 0.44907407407407407 0.10104166666666667 0.19444444444444445
0 0.8942708333333333 0.6611111111111111 0.16354166666666667 0.25925925925925924
0 0.31875 0.512962962962963 0.10625 0.16666666666666666
2 0.1859375 0.4842592592592593 0.13645833333333332 0.26481481481481484
0 0.40625 0.34074074074074073 0.06458333333333334 0.1111111111111111
0 0.5114583333333333 0.3101851851851852 0.05625 0.10185185185185185
0 0.4197916666666667 0.2388888888888889 0.05 0.08148148148148149
0 0.5114583333333333 0.16666666666666666 0.0375 0.05555555555555555
0 0.4671875 0.1398148148148148 0.03229166666666667 0.05
2 0.5171875 0.12407407407407407 0.036458333333333336 0.06296296296296296
0 0.43697916666666664 0.12129629629629629 0.028125 0.05
0 0.4546875 0.09166666666666666 0.028125 0.03888888888888889
