0 0.33229166666666665 0.22685185185185186 0.04791666666666667 0.06851851851851852
0 0.33958333333333335 0.44351851851851853 0.08958333333333333 0.14629629629629629
0 0.46197916666666666 0.47685185185185186 0.096875 0.1648148148148148
0 0.7260416666666667 0.175 0.041666666666666664 0.06111111111111111
0 0.4828125 0.1527777777777778 0.036458333333333336 0.06851851851851852
0 0.5963541666666666 0.18425925925925926 0.040625 0.06851851851851852
0 0.49895833333333334 0.25555555555555554 0.04583333333333333 0.08888888888888889
2 0.44635416666666666 0.12685185185185185 0.03854166666666667 0.07222222222222222
0 0.6963541666666667 0.24814814814814815 0.059375 0.08518518518518518
0 0.609375 0.23796296296296296 0.05625 0.08703703703703704
0 0.51875 0.175 0.03958333333333333 0.06851851851851852
0 0.7817708333333333 0.3888888888888889 0.08854166666666667 0.13333333333333333
0 0.8588541666666667 0.5657407407407408 0.146875 0.22037037037037038
0 0.49114583333333334 0.09814814814814815 0.026041666666666668 0.037037037037037035
1 0.8104166666666667 0.2324074074074074 0.12916666666666668 0.20185185185185187
1 0.6453125 0.13333333333333333 0.06770833333333333 0.14074074074074075
