0 0.9161458333333333 0.9490740740740741 0.16770833333333332 0.10185185185185185
0 0.409375 0.44351851851851853 0.10208333333333333 0.13518518518518519
0 0.3020833333333333 0.5722222222222222 0.1125 0.16666666666666666
0 0.26197916666666665 0.07037037037037037 0.026041666666666668 0.03333333333333333
0 0.19114583333333332 0.05740740740740741 0.023958333333333335 0.025925925925925925
0 0.5203125 0.41388888888888886 0.10729166666666666 0.12777777777777777
0 0.14895833333333333 0.7175925925925926 0.125 0.22777777777777777
0 0.23125 0.075 0.03125 0.03518518518518519
0 0.29583333333333334 0.06481481481481481 0.03125 0.03333333333333333
2 0.24166666666666667 0.31666666666666665 0.06666666666666667 0.14074074074074075
0 0.3078125 0.11574074074074074 0.042708333333333334 0.03888888888888889
0 0.4552083333333333 0.11388888888888889 0.041666666666666664 0.046296296296296294
0 0.07864583333333333 0.175 0.036458333333333336 0.06111111111111111
2 0.1140625 0.12037037037037036 0.034375 0.06296296296296296
0 0.14947916666666666 0.10277777777777777 0.030208333333333334 0.03888888888888889
0 0.5515625 0.24537037037037038 0.07395833333333333 0.06851851851851852
0 0.7885416666666667 0.25462962962962965 0.09791666666666667 0.07962962962962963
2 0.034375 0.08796296296296297 0.027083333333333334 0.05
0 0.0109375 0.1648148148148148 0.019791666666666666 0.05185185185185185
