0 0.47604166666666664 0.7296296296296296 0.13125 0.24074074074074073
0 0.47239583333333335 0.44351851851851853 0.07604166666666666 0.12777777777777777
0 0.5630208333333333 0.3148148148148148 0.05520833333333333 0.08888888888888889
0 0.6541666666666667 0.39166666666666666 0.06666666666666667 0.11666666666666667
0 0.5739583333333333 0.2361111111111111 0.041666666666666664 0.06481481481481481
0 0.5682291666666667 0.2111111111111111 0.03854166666666667 0.05925925925925926
0 0.6390625 0.21296296296296297 0.040625 0.06296296296296296
0 0.590625 0.17592592592592593 0.03125 0.05185185185185185
0 0.6317708333333333 0.16018518518518518 0.028125 0.046296296296296294
1 0.48125 0.18703703703703703 0.125 0.15185185185185185
