0 0.2859375 0.41388888888888886 0.07395833333333333 0.10925925925925926
1 0.049479166666666664 0.6398148148148148 0.096875 0.43148148148148147
0 0.17864583333333334 0.7379629629629629 0.153125 0.2351851851851852
0 0.31145833333333334 0.24722222222222223 0.052083333333333336 0.07592592592592592
0 0.37552083333333336 0.2324074074074074 0.042708333333333334 0.07222222222222222
0 0.5598958333333334 0.16203703703703703 0.028125 0.05
0 0.3932291666666667 0.30277777777777776 0.057291666666666664 0.08703703703703704
0 0.4744791666666667 0.25555555555555554 0.04479166666666667 0.06666666666666667
0 0.6223958333333334 0.1935185185185185 0.03854166666666667 0.06851851851851852
0 0.4010416666666667 0.20833333333333334 0.03333333333333333 0.06111111111111111
0 0.4817708333333333 0.20833333333333334 0.036458333333333336 0.06111111111111111
0 0.4395833333333333 0.17314814814814813 0.029166666666666667 0.053703703703703705
0 0.4895833333333333 0.1638888888888889 0.029166666666666667 0.046296296296296294
