0 0.5109375 0.20092592592592592 0.040625 0.07222222222222222
0 0.6322916666666667 0.48333333333333334 0.0875 0.17407407407407408
2 0.5677083333333334 0.2814814814814815 0.08125 0.13333333333333333
0 0.590625 0.22962962962962963 0.05 0.08888888888888889
0 0.6442708333333333 0.03796296296296296 0.026041666666666668 0.03518518518518519
0 0.7307291666666667 0.3574074074074074 0.090625 0.15925925925925927
0 0.6921875 0.04722222222222222 0.030208333333333334 0.03518518518518519
0 0.6088541666666667 0.13333333333333333 0.04479166666666667 0.07037037037037037
1 0.5130208333333334 0.05555555555555555 0.042708333333333334 0.10740740740740741
0 0.7546875 0.08148148148148149 0.03854166666666667 0.05185185185185185
0 0.5625 0.06944444444444445 0.025 0.04259259259259259
0 0.6151041666666667 0.08148148148148149 0.030208333333333334 0.040740740740740744
0 0.8286458333333333 0.2638888888888889 0.084375 0.10555555555555556
0 0.5817708333333333 0.05277777777777778 0.023958333333333335 0.04259259259259259
1 0.45416666666666666 0.4722222222222222 0.16875 0.5148148148148148
