2 0.23385416666666667 0.03425925925925926 0.026041666666666668 0.03888888888888889
0 0.6494791666666667 0.762962962962963 0.20520833333333333 0.2518518518518518
2 0.2833333333333333 0.05277777777777778 0.03125 0.03888888888888889
0 0.3015625 0.3490740740740741 0.08229166666666667 0.11666666666666667
2 0.2916666666666667 0.03796296296296296 0.029166666666666667 0.03888888888888889
0 0.278125 0.07407407407407407 0.03125 0.040740740740740744
0 0.2421875 0.18055555555555555 0.051041666666666666 0.06111111111111111
2 0.26666666666666666 0.9462962962962963 0.16041666666666668 0.10740740740740741
0 0.30885416666666665 0.11574074074074074 0.046875 0.04259259259259259
0 0.44114583333333335 0.11574074074074074 0.04895833333333333 0.05
2 0.13229166666666667 0.13703703703703704 0.041666666666666664 0.07037037037037037
0 0.15729166666666666 0.1111111111111111 0.03125 0.040740740740740744
0 0.06875 0.43148148148148147 0.08125 0.1259259259259259
0 0.06197916666666667 0.17407407407407408 0.051041666666666666 0.07407407407407407
0 0.6255208333333333 0.15925925925925927 0.065625 0.05555555555555555
0 0.6760416666666667 0.20462962962962963 0.0875 0.08703703703703704
0 0.5994791666666667 0.2638888888888889 0.103125 0.08703703703703704
0 0.036458333333333336 0.10925925925925926 0.029166666666666667 0.044444444444444446
0 0.07916666666666666 0.08333333333333333 0.027083333333333334 0.044444444444444446
2 0.8703125 0.23425925925925925 0.109375 0.10555555555555556
0 0.9270833333333334 0.29259259259259257 0.09583333333333334 0.1111111111111111
0 0.8822916666666667 0.36203703703703705 0.12708333333333333 0.10185185185185185
0 0.0390625 0.07685185185185185 0.023958333333333335 0.03888888888888889
