0 0.8088541666666667 0.8722222222222222 0.26145833333333335 0.25555555555555554
0 0.815625 0.6527777777777778 0.21458333333333332 0.2388888888888889
0 0.24947916666666667 0.9083333333333333 0.14479166666666668 0.18333333333333332
0 0.5197916666666667 0.11203703703703703 0.05 0.05
0 0.17395833333333333 0.33240740740740743 0.06458333333333334 0.11666666666666667
2 0.37916666666666665 0.37777777777777777 0.10208333333333333 0.16666666666666666
0 0.5572916666666666 0.14351851851851852 0.05 0.06111111111111111
0 0.5046875 0.17314814814814813 0.06770833333333333 0.06481481481481481
0 0.6973958333333333 0.20277777777777778 0.07395833333333333 0.07222222222222222
0 0.5760416666666667 0.24722222222222223 0.07291666666666667 0.06851851851851852
0 0.29270833333333335 0.21203703703703702 0.05416666666666667 0.07222222222222222
2 0.2171875 0.20555555555555555 0.06145833333333333 0.11851851851851852
