0 0.3109375 0.22962962962962963 0.051041666666666666 0.07777777777777778
1 0.321875 0.2657407407407407 0.15625 0.21666666666666667
0 0.21614583333333334 0.9314814814814815 0.165625 0.10740740740740741
1 0.9145833333333333 0.5462962962962963 0.17083333333333334 0.5222222222222223
0 0.3927083333333333 0.6833333333333333 0.13541666666666666 0.3
2 0.40520833333333334 0.3398148148148148 0.10208333333333333 0.21666666666666667
0 0.21614583333333334 0.2796296296296296 0.09895833333333333 0.08888888888888889
0 0.46875 0.2222222222222222 0.04375 0.07777777777777778
0 0.41041666666666665 0.15 0.03125 0.05555555555555555
0 0.43802083333333336 0.1574074074074074 0.034375 0.06666666666666667
0 0.4859375 0.17777777777777778 0.036458333333333336 0.05925925925925926
