0 0.5802083333333333 0.14351851851851852 0.027083333333333334 0.046296296296296294
0 0.596875 0.2638888888888889 0.05 0.08333333333333333
0 0.346875 0.2935185185185185 0.08958333333333333 0.09444444444444444
0 0.7052083333333333 0.08703703703703704 0.022916666666666665 0.044444444444444446
0 0.7333333333333333 0.10462962962962963 0.029166666666666667 0.046296296296296294
0 0.7395833333333334 0.075 0.025 0.03518518518518519
0 0.7677083333333333 0.13148148148148148 0.035416666666666666 0.05185185185185185
0 0.8057291666666667 0.1648148148148148 0.04479166666666667 0.05925925925925926
0 0.5651041666666666 0.07407407407407407 0.019791666666666666 0.03333333333333333
0 0.7859375 0.22685185185185186 0.059375 0.07592592592592592
0 0.8567708333333334 0.2064814814814815 0.057291666666666664 0.07222222222222222
0 0.9557291666666666 0.34074074074074073 0.08854166666666667 0.1111111111111111
0 0.6005208333333333 0.05092592592592592 0.019791666666666666 0.03148148148148148
0 0.5854166666666667 0.03981481481481482 0.01875 0.027777777777777776
0 0.5578125 0.04351851851851852 0.017708333333333333 0.027777777777777776
