0 0.026041666666666668 0.7462962962962963 0.05 0.16666666666666666
0 0.7125 0.22962962962962963 0.03958333333333333 0.06666666666666667
0 0.29270833333333335 0.5166666666666667 0.1 0.2
0 0.2833333333333333 0.3592592592592593 0.06041666666666667 0.07777777777777778
0 0.44895833333333335 0.4166666666666667 0.06458333333333334 0.0962962962962963
0 0.7859375 0.24259259259259258 0.042708333333333334 0.05555555555555555
0 0.6708333333333333 0.34444444444444444 0.052083333333333336 0.08888888888888889
0 0.8385416666666666 0.22037037037037038 0.04375 0.05555555555555555
0 0.39895833333333336 0.31574074074074077 0.05 0.07222222222222222
0 0.7708333333333334 0.32037037037037036 0.04791666666666667 0.08148148148148149
0 0.2869791666666667 0.26944444444444443 0.051041666666666666 0.06111111111111111
2 0.5046875 0.2222222222222222 0.03854166666666667 0.07407407407407407
0 0.45260416666666664 0.21388888888888888 0.034375 0.05740740740740741
2 0.8213541666666667 0.8425925925925926 0.15729166666666666 0.27037037037037037
