0 0.49322916666666666 0.48518518518518516 0.10520833333333333 0.18518518518518517
0 0.6630208333333333 0.30277777777777776 0.065625 0.12037037037037036
0 0.5505208333333333 0.2657407407407407 0.06354166666666666 0.09444444444444444
0 0.4703125 0.21666666666666667 0.05520833333333333 0.07777777777777778
0 0.64375 0.18611111111111112 0.052083333333333336 0.10555555555555556
0 0.5791666666666667 0.16111111111111112 0.04375 0.08518518518518518
0 0.6395833333333333 0.07777777777777778 0.03125 0.05185185185185185
0 0.5989583333333334 0.07685185185185185 0.027083333333333334 0.046296296296296294
0 0.8328125 0.32407407407407407 0.084375 0.11851851851851852
0 0.8885416666666667 0.26944444444444443 0.07708333333333334 0.10925925925925926
0 0.9223958333333333 0.18796296296296297 0.06770833333333333 0.09074074074074075
0 0.8354166666666667 0.13055555555555556 0.05625 0.06851851851851852
0 0.8885416666666667 0.0962962962962963 0.0625 0.05925925925925926
0 0.5875 0.12222222222222222 0.03958333333333333 0.05925925925925926
1 0.4859375 0.1175925925925926 0.12604166666666666 0.1537037037037037
