0 0.5880208333333333 0.2074074074074074 0.040625 0.07037037037037037
0 0.61875 0.4462962962962963 0.08125 0.14814814814814814
0 0.28177083333333336 0.3638888888888889 0.08229166666666667 0.11666666666666667
0 0.7046875 0.058333333333333334 0.019791666666666666 0.027777777777777776
0 0.7151041666666667 0.08333333333333333 0.026041666666666668 0.040740740740740744
0 0.7296875 0.05648148148148148 0.019791666666666666 0.03518518518518519
0 0.746875 0.10277777777777777 0.03125 0.04259259259259259
0 0.7770833333333333 0.12037037037037036 0.03125 0.05185185185185185
0 0.5744791666666667 0.10277777777777777 0.026041666666666668 0.046296296296296294
0 0.728125 0.14444444444444443 0.0375 0.05555555555555555
0 0.796875 0.14629629629629629 0.041666666666666664 0.05925925925925926
0 0.834375 0.2101851851851852 0.05416666666666667 0.07222222222222222
0 0.6088541666666667 0.06111111111111111 0.019791666666666666 0.03333333333333333
0 0.5786458333333333 0.044444444444444446 0.017708333333333333 0.02962962962962963
0 0.5614583333333333 0.053703703703703705 0.01875 0.02962962962962963
