0 0.9630208333333333 0.20833333333333334 0.03854166666666667 0.06111111111111111
0 0.7166666666666667 0.24166666666666667 0.052083333333333336 0.06851851851851852
0 0.3328125 0.36203703703703705 0.10104166666666667 0.09444444444444444
0 0.31979166666666664 0.3194444444444444 0.0875 0.09074074074074075
0 0.24947916666666667 0.3138888888888889 0.08854166666666667 0.09814814814814815
0 0.4921875 0.29259259259259257 0.071875 0.08888888888888889
0 0.9677083333333333 0.3925925925925926 0.06458333333333334 0.10740740740740741
0 0.8463541666666666 0.3574074074074074 0.057291666666666664 0.1
2 0.709375 0.4101851851851852 0.07916666666666666 0.12777777777777777
2 0.40572916666666664 0.2222222222222222 0.04895833333333333 0.06666666666666667
0 0.515625 0.20462962962962963 0.058333333333333334 0.05740740740740741
0 0.9041666666666667 0.7898148148148149 0.12083333333333333 0.2759259259259259
