0 0.9734375 0.41574074074074074 0.053125 0.11666666666666667
0 0.7989583333333333 0.35185185185185186 0.12916666666666668 0.12222222222222222
0 0.621875 0.30277777777777776 0.08958333333333333 0.07962962962962963
0 0.4557291666666667 0.2361111111111111 0.06354166666666666 0.06851851851851852
0 0.6953125 0.8611111111111112 0.2552083333333333 0.2777777777777778
0 0.25416666666666665 0.44537037037037036 0.08541666666666667 0.11296296296296296
2 0.3609375 0.20277777777777778 0.051041666666666666 0.053703703703703705
0 0.5604166666666667 0.3111111111111111 0.07291666666666667 0.07407407407407407
2 0.8 0.7592592592592593 0.2708333333333333 0.3296296296296296
0 0.5682291666666667 0.5907407407407408 0.153125 0.17407407407407408
1 0.37395833333333334 0.31851851851851853 0.18125 0.2074074074074074
0 0.91875 0.5657407407407408 0.1625 0.20925925925925926
0 0.5255208333333333 0.475 0.153125 0.10925925925925926
0 0.3104166666666667 0.39537037037037037 0.07708333333333334 0.10185185185185185
2 0.8057291666666667 0.5833333333333334 0.16979166666666667 0.2037037037037037
0 0.9510416666666667 0.7379629629629629 0.09791666666666667 0.1685185185185185
0 0.7223958333333333 0.4638888888888889 0.146875 0.12777777777777777
0 0.5713541666666667 0.38796296296296295 0.11354166666666667 0.10925925925925926
0 0.23854166666666668 0.275 0.04375 0.06481481481481481
0 0.225 0.3287037037037037 0.05625 0.06851851851851852
