0 0.3453125 0.1675925925925926 0.06145833333333333 0.11296296296296296
1 0.9041666666666667 0.20833333333333334 0.19166666666666668 0.412962962962963
0 0.0328125 0.9046296296296297 0.06354166666666666 0.19074074074074074
0 0.3265625 0.08611111111111111 0.078125 0.08703703703703704
2 0.3885416666666667 0.3055555555555556 0.11458333333333333 0.2037037037037037
0 0.37083333333333335 0.032407407407407406 0.03958333333333333 0.06111111111111111
0 0.41770833333333335 0.0962962962962963 0.06041666666666667 0.09259259259259259
0 0.5015625 0.12037037037037036 0.065625 0.10740740740740741
2 0.7572916666666667 0.21481481481481482 0.08958333333333333 0.14814814814814814
0 0.6317708333333333 0.2074074074074074 0.08020833333333334 0.12222222222222222
0 0.5098958333333333 0.037037037037037035 0.051041666666666666 0.07037037037037037
3 0.46927083333333336 0.008333333333333333 0.042708333333333334 0.012962962962962963
