0 0.5864583333333333 0.6805555555555556 0.18125 0.23148148148148148
0 0.228125 0.05 0.025 0.03333333333333333
0 0.3697916666666667 0.287962962962963 0.08125 0.09074074074074075
0 0.240625 0.07777777777777778 0.03333333333333333 0.040740740740740744
0 0.3541666666666667 0.08055555555555556 0.0375 0.03888888888888889
2 0.19635416666666666 0.20185185185185187 0.057291666666666664 0.1
0 0.22239583333333332 0.16666666666666666 0.04479166666666667 0.05925925925925926
0 0.21145833333333333 0.9351851851851852 0.14791666666666667 0.12962962962962962
0 0.13125 0.28055555555555556 0.07083333333333333 0.11296296296296296
0 0.4822916666666667 0.1037037037037037 0.04583333333333333 0.044444444444444446
0 0.496875 0.13333333333333333 0.06041666666666667 0.05925925925925926
0 0.41302083333333334 0.1574074074074074 0.065625 0.05555555555555555
0 0.06614583333333333 0.14629629629629629 0.03854166666666667 0.05185185185185185
0 0.1140625 0.12129629629629629 0.034375 0.05
2 0.6348958333333333 0.14629629629629629 0.06979166666666667 0.07407407407407407
0 0.63125 0.18425925925925926 0.0625 0.08703703703703704
0 0.5635416666666667 0.2074074074074074 0.07083333333333333 0.06296296296296296
0 0.06979166666666667 0.10555555555555556 0.03125 0.044444444444444446
0 0.12864583333333332 0.08055555555555556 0.03229166666666667 0.04259259259259259
0 0.07604166666666666 0.0787037037037037 0.022916666666666665 0.03148148148148148
0 0.014583333333333334 0.2111111111111111 0.027083333333333334 0.06666666666666667
0 0.016666666666666666 0.08425925925925926 0.03125 0.04259259259259259
0 0.9151041666666667 0.3731481481481482 0.13229166666666667 0.10185185185185185
0 0.8520833333333333 0.4111111111111111 0.13958333333333334 0.1111111111111111
