0 0.4703125 0.2212962962962963 0.05520833333333333 0.07962962962962963
0 0.4119791666666667 0.6527777777777778 0.15104166666666666 0.2833333333333333
0 0.6515625 0.24722222222222223 0.057291666666666664 0.09814814814814815
0 0.5953125 0.125 0.034375 0.06111111111111111
0 0.7135416666666666 0.07407407407407407 0.029166666666666667 0.04814814814814815
0 0.7604166666666666 0.07777777777777778 0.03333333333333333 0.05185185185185185
0 0.8046875 0.06481481481481481 0.034375 0.05185185185185185
0 0.5234375 0.35185185185185186 0.078125 0.13703703703703704
2 0.5635416666666667 0.16574074074074074 0.041666666666666664 0.09444444444444444
0 0.7494791666666667 0.1787037037037037 0.05520833333333333 0.07222222222222222
0 0.6479166666666667 0.1111111111111111 0.035416666666666666 0.05925925925925926
0 0.903125 0.2574074074074074 0.07708333333333334 0.1
0 0.875 0.42314814814814816 0.10625 0.15
0 0.5630208333333333 0.10185185185185185 0.034375 0.06296296296296296
0 0.6166666666666667 0.08518518518518518 0.035416666666666666 0.04814814814814815
1 0.48854166666666665 0.11481481481481481 0.12916666666666668 0.15925925925925927
