0 0.6958333333333333 0.1935185185185185 0.03125 0.046296296296296294
0 0.6395833333333333 0.18703703703703703 0.03333333333333333 0.04814814814814815
0 0.7083333333333334 0.2324074074074074 0.03958333333333333 0.06111111111111111
0 0.3390625 0.8583333333333333 0.140625 0.2833333333333333
2 0.7614583333333333 0.20277777777777778 0.03333333333333333 0.06111111111111111
0 0.6666666666666666 0.2962962962962963 0.04583333333333333 0.07037037037037037
0 0.7963541666666667 0.18611111111111112 0.034375 0.05
0 0.3828125 0.38055555555555554 0.065625 0.09444444444444444
0 0.2765625 0.38981481481481484 0.06354166666666666 0.09074074074074075
0 0.3302083333333333 0.3175925925925926 0.052083333333333336 0.07222222222222222
0 0.30416666666666664 0.25833333333333336 0.04375 0.06111111111111111
0 0.7041666666666667 0.4305555555555556 0.06458333333333334 0.10555555555555556
0 0.8380208333333333 0.32685185185185184 0.06354166666666666 0.07962962962962963
0 0.853125 0.5231481481481481 0.08958333333333333 0.12407407407407407
0 0.7177083333333333 0.612037037037037 0.08541666666666667 0.14629629629629629
0 0.4010416666666667 0.21388888888888888 0.035416666666666666 0.05740740740740741
0 0.9776041666666667 0.37407407407407406 0.04479166666666667 0.0962962962962963
