0 0.059375 0.6851851851851852 0.11666666666666667 0.1814814814814815
0 0.7526041666666666 0.1935185185185185 0.036458333333333336 0.05
0 0.24166666666666667 0.4046296296296296 0.06458333333333334 0.09814814814814815
0 0.125 0.4203703703703704 0.09791666666666667 0.12962962962962962
0 0.3328125 0.29074074074074074 0.051041666666666666 0.07407407407407407
0 0.825 0.20462962962962963 0.03958333333333333 0.05740740740740741
0 0.8067708333333333 0.2898148148148148 0.051041666666666666 0.07222222222222222
0 0.49322916666666666 0.262037037037037 0.040625 0.06481481481481481
0 0.7151041666666667 0.5305555555555556 0.09270833333333334 0.14629629629629629
0 0.975 0.3824074074074074 0.05 0.09444444444444444
