0 0.6791666666666667 0.18703703703703703 0.03125 0.04814814814814815
0 0.6328125 0.18703703703703703 0.028125 0.044444444444444446
0 0.04010416666666667 0.9481481481481482 0.078125 0.1037037037037037
0 0.29322916666666665 0.95 0.12395833333333334 0.1
0 0.7416666666666667 0.1925925925925926 0.027083333333333334 0.037037037037037035
0 0.6364583333333333 0.24537037037037038 0.035416666666666666 0.05740740740740741
0 0.7588541666666667 0.22777777777777777 0.040625 0.05555555555555555
2 0.4395833333333333 0.4009259259259259 0.06666666666666667 0.13148148148148148
0 0.4239583333333333 0.2851851851851852 0.04375 0.07037037037037037
0 0.7244791666666667 0.29814814814814816 0.04895833333333333 0.08888888888888889
2 0.3546875 0.28055555555555556 0.040625 0.07962962962962963
0 0.8494791666666667 0.3537037037037037 0.06354166666666666 0.08148148148148149
0 0.4036458333333333 0.22314814814814815 0.03229166666666667 0.046296296296296294
0 0.853125 0.5416666666666666 0.09375 0.13148148148148148
0 0.4328125 0.17592592592592593 0.026041666666666668 0.040740740740740744
0 0.825 0.9222222222222223 0.14166666666666666 0.15555555555555556
