2 0.18385416666666668 0.5018518518518519 0.08229166666666667 0.14074074074074075
0 0.0828125 0.48055555555555557 0.090625 0.12407407407407407
0 0.6854166666666667 0.19166666666666668 0.03333333333333333 0.05
0 0.29635416666666664 0.5583333333333333 0.090625 0.1388888888888889
0 0.31614583333333335 0.33240740740740743 0.051041666666666666 0.07222222222222222
2 0.2234375 0.33055555555555555 0.051041666666666666 0.09444444444444444
0 0.375 0.3527777777777778 0.058333333333333334 0.09444444444444444
0 0.6447916666666667 0.27314814814814814 0.03958333333333333 0.06481481481481481
0 0.4984375 0.25462962962962965 0.03854166666666667 0.06111111111111111
2 0.43333333333333335 0.22962962962962963 0.04375 0.1
2 0.4109375 0.18518518518518517 0.026041666666666668 0.05555555555555555
2 0.4609375 0.2037037037037037 0.030208333333333334 0.06296296296296296
0 0.5197916666666667 0.18333333333333332 0.027083333333333334 0.04814814814814815
0 0.4744791666666667 0.17222222222222222 0.026041666666666668 0.044444444444444446
