0 0.9614583333333333 0.8833333333333333 0.07708333333333334 0.16296296296296298
0 0.44114583333333335 0.3787037037037037 0.10520833333333333 0.12777777777777777
0 0.2994791666666667 0.06018518518518518 0.036458333333333336 0.03518518518518519
0 0.2015625 0.058333333333333334 0.028125 0.03518518518518519
0 0.36302083333333335 0.06388888888888888 0.034375 0.03888888888888889
0 0.22916666666666666 0.28055555555555556 0.075 0.10555555555555556
0 0.43697916666666664 0.0824074074074074 0.036458333333333336 0.03148148148148148
2 0.4515625 0.11666666666666667 0.04479166666666667 0.05925925925925926
0 0.09010416666666667 0.1259259259259259 0.03854166666666667 0.06666666666666667
0 0.1515625 0.1111111111111111 0.03854166666666667 0.05185185185185185
0 0.5364583333333334 0.19537037037037036 0.0625 0.06111111111111111
0 0.5671875 0.2601851851851852 0.08854166666666667 0.07962962962962963
2 0.6416666666666667 0.16203703703703703 0.08333333333333333 0.08703703703703704
0 0.04375 0.46111111111111114 0.08541666666666667 0.13333333333333333
0 0.017708333333333333 0.11944444444444445 0.03333333333333333 0.046296296296296294
0 0.7145833333333333 0.27037037037037037 0.11875 0.12222222222222222
2 0.8890625 0.28888888888888886 0.10520833333333333 0.11481481481481481
0 0.05260416666666667 0.08333333333333333 0.030208333333333334 0.02962962962962963
