0 0.6375 0.2175925925925926 0.03125 0.046296296296296294
0 0.6916666666666667 0.2074074074074074 0.0375 0.05925925925925926
2 0.7442708333333333 0.19537037037037036 0.030208333333333334 0.05740740740740741
2 0.4432291666666667 0.4546296296296296 0.05520833333333333 0.1425925925925926
2 0.171875 0.40185185185185185 0.06875 0.12222222222222222
0 0.7260416666666667 0.28055555555555556 0.04583333333333333 0.06481481481481481
0 0.7927083333333333 0.19537037037037036 0.03125 0.05
2 0.6828125 0.3824074074074074 0.07604166666666666 0.16111111111111112
0 0.7723958333333333 0.3731481481481482 0.057291666666666664 0.09444444444444444
0 0.8192708333333333 0.28055555555555556 0.053125 0.06851851851851852
0 0.4083333333333333 0.3074074074074074 0.04375 0.07037037037037037
0 0.4895833333333333 0.30462962962962964 0.04583333333333333 0.07222222222222222
0 0.34791666666666665 0.2851851851851852 0.04375 0.06666666666666667
0 0.39427083333333335 0.22314814814814815 0.036458333333333336 0.046296296296296294
0 0.9354166666666667 0.775 0.12916666666666668 0.21296296296296297
