2 0.043229166666666666 0.5787037037037037 0.084375 0.1574074074074074
0 0.05572916666666667 0.5018518518518519 0.109375 0.09259259259259259
0 0.7078125 0.2574074074074074 0.057291666666666664 0.07037037037037037
0 0.4046875 0.32685185185185184 0.08854166666666667 0.08703703703703704
0 0.784375 0.2935185185185185 0.06041666666666667 0.07592592592592592
0 0.8520833333333333 0.41759259259259257 0.075 0.13518518518518519
0 0.40572916666666664 0.21944444444444444 0.06354166666666666 0.07222222222222222
0 0.44114583333333335 0.23796296296296296 0.06979166666666667 0.06481481481481481
0 0.5963541666666666 0.21203703703703702 0.05520833333333333 0.05740740740740741
0 0.5494791666666666 0.7462962962962963 0.15520833333333334 0.24074074074074073
0 0.6098958333333333 0.1638888888888889 0.046875 0.04259259259259259
0 0.95 0.7185185185185186 0.1 0.25925925925925924
