0 0.9614583333333333 0.22037037037037038 0.07708333333333334 0.08148148148148149
0 0.0609375 0.6194444444444445 0.09479166666666666 0.11296296296296296
0 0.7963541666666667 0.3648148148148148 0.11770833333333333 0.1259259259259259
0 0.1984375 0.4564814814814815 0.09479166666666666 0.09074074074074075
0 0.7869791666666667 0.4935185185185185 0.13854166666666667 0.1574074074074074
0 0.47552083333333334 0.29814814814814816 0.07604166666666666 0.07407407407407407
2 0.6453125 0.24722222222222223 0.06145833333333333 0.07592592592592592
2 0.4666666666666667 0.5462962962962963 0.19791666666666666 0.2222222222222222
0 0.2755208333333333 0.9064814814814814 0.278125 0.18703703703703703
0 0.7119791666666667 0.125 0.051041666666666666 0.046296296296296294
0 0.6614583333333334 0.10833333333333334 0.05 0.05
