0 0.7875 0.2388888888888889 0.03958333333333333 0.05185185185185185
2 0.1109375 0.5740740740740741 0.17604166666666668 0.17037037037037037
2 0.07083333333333333 0.7231481481481481 0.13958333333333334 0.23148148148148148
0 0.834375 0.26851851851851855 0.041666666666666664 0.05555555555555555
0 0.8921875 0.3194444444444444 0.042708333333333334 0.07222222222222222
2 0.7994791666666666 0.3277777777777778 0.05520833333333333 0.09259259259259259
0 0.30364583333333334 0.39444444444444443 0.090625 0.08888888888888889
0 0.9776041666666667 0.41203703703703703 0.04479166666666667 0.11666666666666667
0 0.5755208333333334 0.3111111111111111 0.057291666666666664 0.07037037037037037
0 0.68125 0.587037037037037 0.10625 0.15185185185185185
0 0.5515625 0.5611111111111111 0.11145833333333334 0.13333333333333333
0 0.6244791666666667 0.23055555555555557 0.04479166666666667 0.05740740740740741
