0 0.659375 0.7361111111111112 0.125 0.23148148148148148
2 0.4588541666666667 0.24166666666666667 0.10104166666666667 0.09074074074074075
0 0.5869791666666667 0.26481481481481484 0.042708333333333334 0.07407407407407407
2 0.5796875 0.18611111111111112 0.030208333333333334 0.07222222222222222
0 0.6239583333333333 0.16574074074074074 0.03333333333333333 0.05
0 0.9015625 0.3296296296296296 0.071875 0.08518518518518518
0 0.8369791666666667 0.19907407407407407 0.03854166666666667 0.05740740740740741
0 0.7744791666666667 0.20462962962962963 0.036458333333333336 0.05740740740740741
0 0.7682291666666666 0.18518518518518517 0.040625 0.05185185185185185
0 0.778125 0.15925925925925927 0.03333333333333333 0.044444444444444446
0 0.734375 0.15648148148148147 0.035416666666666666 0.04259259259259259
0 0.7359375 0.11296296296296296 0.028125 0.044444444444444446
2 0.7177083333333333 0.13425925925925927 0.03125 0.053703703703703705
0 0.7015625 0.12777777777777777 0.028125 0.044444444444444446
0 0.6796875 0.11018518518518519 0.026041666666666668 0.03518518518518519
0 0.709375 0.10277777777777777 0.025 0.03148148148148148
0 0.9135416666666667 0.4046296296296296 0.08541666666666667 0.11666666666666667
0 0.6057291666666667 0.13518518518518519 0.028125 0.040740740740740744
0 0.5598958333333334 0.12314814814814815 0.023958333333333335 0.03888888888888889
1 0.9583333333333334 0.2638888888888889 0.08333333333333333 0.20555555555555555
