2 0.08645833333333333 0.662962962962963 0.13125 0.24814814814814815
0 0.1421875 0.5064814814814815 0.140625 0.13518518518518519
0 0.8307291666666666 0.18888888888888888 0.036458333333333336 0.04814814814814815
0 0.9526041666666667 0.24444444444444444 0.036458333333333336 0.06296296296296296
0 0.7046875 0.2490740740740741 0.04479166666666667 0.07962962962962963
0 0.396875 0.2759259259259259 0.058333333333333334 0.07407407407407407
0 0.5895833333333333 0.24351851851851852 0.05416666666666667 0.06851851851851852
0 0.7484375 0.35 0.065625 0.0962962962962963
0 0.8411458333333334 0.41944444444444445 0.06145833333333333 0.10925925925925926
0 0.36875 0.7888888888888889 0.17916666666666667 0.22592592592592592
0 0.6375 0.15925925925925927 0.0375 0.05925925925925926
0 0.6859375 0.15648148148148147 0.034375 0.05
