2 0.6145833333333334 0.6861111111111111 0.10833333333333334 0.3314814814814815
0 0.9125 0.8472222222222222 0.175 0.2574074074074074
0 0.6302083333333334 0.28703703703703703 0.0625 0.1111111111111111
0 0.7421875 0.04722222222222222 0.028125 0.046296296296296294
0 0.6296875 0.45092592592592595 0.109375 0.16111111111111112
0 0.7880208333333333 0.08703703703703704 0.040625 0.05555555555555555
0 0.6958333333333333 0.2074074074074074 0.05416666666666667 0.08888888888888889
0 0.609375 0.1361111111111111 0.03958333333333333 0.06481481481481481
0 0.8317708333333333 0.11203703703703703 0.046875 0.06481481481481481
0 0.7296875 0.08796296296296297 0.036458333333333336 0.05740740740740741
0 0.8317708333333333 0.06481481481481481 0.036458333333333336 0.05185185185185185
0 0.5994791666666667 0.08888888888888889 0.03229166666666667 0.04814814814814815
0 0.6630208333333333 0.1 0.036458333333333336 0.05185185185185185
0 0.8234375 0.175 0.06145833333333333 0.07962962962962963
0 0.928125 0.15648148148148147 0.05416666666666667 0.07222222222222222
0 0.9630208333333333 0.2564814814814815 0.07395833333333333 0.09074074074074075
2 0.5911458333333334 0.05555555555555555 0.026041666666666668 0.044444444444444446
1 0.5307291666666667 0.15092592592592594 0.07604166666666666 0.17592592592592593
