0 0.2984375 0.5407407407407407 0.14270833333333333 0.14074074074074075
0 0.7171875 0.3296296296296296 0.059375 0.07037037037037037
2 0.346875 0.4046296296296296 0.10833333333333334 0.12407407407407407
0 0.30885416666666665 0.3888888888888889 0.07604166666666666 0.07777777777777778
0 0.7640625 0.3962962962962963 0.065625 0.08888888888888889
0 0.8859375 0.4064814814814815 0.05520833333333333 0.09074074074074075
0 0.48385416666666664 0.6564814814814814 0.15104166666666666 0.18333333333333332
0 0.4791666666666667 0.25555555555555554 0.05 0.05555555555555555
0 0.5708333333333333 0.26296296296296295 0.052083333333333336 0.05925925925925926
0 0.6640625 0.24259259259259258 0.042708333333333334 0.05185185185185185
0 0.5015625 0.9018518518518519 0.20104166666666667 0.1962962962962963
