0 0.6380208333333334 0.18333333333333332 0.036458333333333336 0.05555555555555555
0 0.7 0.175 0.0375 0.053703703703703705
0 0.3255208333333333 0.6972222222222222 0.11770833333333333 0.20185185185185187
0 0.28072916666666664 0.5277777777777778 0.096875 0.14074074074074075
0 0.6588541666666666 0.2916666666666667 0.051041666666666666 0.08703703703703704
0 0.7458333333333333 0.2898148148148148 0.052083333333333336 0.08703703703703704
2 0.846875 0.18518518518518517 0.03958333333333333 0.06296296296296296
0 0.8520833333333333 0.3194444444444444 0.06875 0.07962962962962963
0 0.35625 0.2212962962962963 0.04583333333333333 0.05740740740740741
0 0.490625 0.2351851851851852 0.04583333333333333 0.06296296296296296
0 0.43333333333333335 0.2064814814814815 0.041666666666666664 0.05740740740740741
0 0.9463541666666667 0.28888888888888886 0.07395833333333333 0.10740740740740741
0 0.7677083333333333 0.8685185185185185 0.14583333333333334 0.22592592592592592
