2 0.7140625 0.5731481481481482 0.203125 0.25
0 0.21354166666666666 0.06018518518518518 0.029166666666666667 0.03148148148148148
0 0.39114583333333336 0.09074074074074075 0.042708333333333334 0.044444444444444446
0 0.3375 0.12222222222222222 0.04583333333333333 0.037037037037037035
0 0.32864583333333336 0.09259259259259259 0.042708333333333334 0.040740740740740744
2 0.25677083333333334 0.19074074074074074 0.05520833333333333 0.08888888888888889
0 0.14427083333333332 0.17962962962962964 0.04479166666666667 0.06296296296296296
0 0.06979166666666667 0.20555555555555555 0.04791666666666667 0.07037037037037037
0 0.5 0.12962962962962962 0.05625 0.05555555555555555
0 0.17916666666666667 0.13055555555555556 0.03958333333333333 0.05
0 0.11302083333333333 0.12777777777777777 0.03854166666666667 0.04814814814814815
0 0.521875 0.21388888888888888 0.075 0.05740740740740741
0 0.5979166666666667 0.2101851851851852 0.08958333333333333 0.07222222222222222
0 0.7796875 0.20092592592592592 0.08854166666666667 0.07592592592592592
0 0.030729166666666665 0.10092592592592593 0.028125 0.04259259259259259
