0 0.49583333333333335 0.12222222222222222 0.0375 0.05925925925925926
0 0.609375 0.3768518518518518 0.08333333333333333 0.1425925925925926
0 0.6911458333333333 0.05925925925925926 0.026041666666666668 0.037037037037037035
0 0.7255208333333333 0.05185185185185185 0.026041666666666668 0.037037037037037035
0 0.5927083333333333 0.1712962962962963 0.04375 0.06851851851851852
0 0.734375 0.09722222222222222 0.03333333333333333 0.03888888888888889
0 0.5661458333333333 0.13240740740740742 0.034375 0.05740740740740741
0 0.6588541666666666 0.1787037037037037 0.04479166666666667 0.06851851851851852
0 0.7286458333333333 0.1398148148148148 0.042708333333333334 0.05
0 0.7927083333333333 0.11851851851851852 0.035416666666666666 0.05185185185185185
2 0.6255208333333333 0.09444444444444444 0.040625 0.07407407407407407
0 0.7666666666666667 0.2 0.05625 0.08518518518518518
0 0.8682291666666667 0.20555555555555555 0.065625 0.0962962962962963
0 0.5739583333333333 0.053703703703703705 0.025 0.037037037037037035
