2 0.03177083333333333 0.5333333333333333 0.06145833333333333 0.14444444444444443
0 0.9416666666666667 0.2074074074074074 0.035416666666666666 0.05555555555555555
0 0.22083333333333333 0.3861111111111111 0.10833333333333334 0.10185185185185185
0 0.8114583333333333 0.2101851851851852 0.03958333333333333 0.06111111111111111
0 0.32135416666666666 0.28888888888888886 0.078125 0.07407407407407407
0 0.4890625 0.25833333333333336 0.06979166666666667 0.07222222222222222
0 0.6755208333333333 0.30462962962962964 0.06145833333333333 0.07592592592592592
0 0.9692708333333333 0.5731481481481482 0.06145833333333333 0.17592592592592593
2 0.6505208333333333 0.175 0.046875 0.05740740740740741
0 0.3494791666666667 0.8277777777777777 0.20729166666666668 0.25925925925925924
