0 0.6322916666666667 0.10277777777777777 0.03333333333333333 0.05740740740740741
0 0.6895833333333333 0.12314814814814815 0.035416666666666666 0.053703703703703705
0 0.5979166666666667 0.13148148148148148 0.03333333333333333 0.05185185185185185
2 0.6546875 0.16203703703703703 0.036458333333333336 0.06851851851851852
0 0.7526041666666666 0.19814814814814816 0.051041666666666666 0.07407407407407407
0 0.6890625 0.23981481481481481 0.059375 0.08333333333333333
0 0.6453125 0.3138888888888889 0.06145833333333333 0.11666666666666667
0 0.23385416666666667 0.5546296296296296 0.10520833333333333 0.1685185185185185
0 0.4125 0.2324074074074074 0.052083333333333336 0.08703703703703704
0 0.49635416666666665 0.30185185185185187 0.06354166666666666 0.12222222222222222
