0 0.2947916666666667 0.475 0.12708333333333333 0.13148148148148148
0 0.14791666666666667 0.47962962962962963 0.14583333333333334 0.14074074074074075
0 0.7510416666666667 0.18981481481481483 0.03958333333333333 0.05
0 0.8723958333333334 0.19814814814814816 0.036458333333333336 0.06296296296296296
0 0.7932291666666667 0.22314814814814815 0.04479166666666667 0.06111111111111111
2 0.6817708333333333 0.27870370370370373 0.06354166666666666 0.08703703703703704
0 0.3703125 0.24259259259259258 0.06770833333333333 0.07407407407407407
0 0.9635416666666666 0.3638888888888889 0.07291666666666667 0.11666666666666667
0 0.5921875 0.17962962962962964 0.042708333333333334 0.04814814814814815
0 0.4203125 0.7157407407407408 0.15729166666666666 0.20925925925925926
0 0.6869791666666667 0.8314814814814815 0.15520833333333334 0.28888888888888886
