0 0.11041666666666666 0.837037037037037 0.175 0.24074074074074073
0 0.6380208333333334 0.19814814814814816 0.040625 0.05185185185185185
0 0.725 0.21851851851851853 0.05 0.07037037037037037
2 0.6880208333333333 0.3351851851851852 0.053125 0.1259259259259259
0 0.8473958333333333 0.27870370370370373 0.06145833333333333 0.09074074074074075
0 0.8177083333333334 0.4185185185185185 0.07708333333333334 0.1111111111111111
0 0.875 0.21296296296296297 0.0625 0.08148148148148149
0 0.32708333333333334 0.23981481481481481 0.05 0.06851851851851852
0 0.7604166666666666 0.6611111111111111 0.10416666666666667 0.16296296296296298
0 0.42604166666666665 0.2175925925925926 0.0375 0.06481481481481481
