0 0.165625 0.6916666666666667 0.2 0.3685185185185185
1 0.8541666666666666 0.09722222222222222 0.19791666666666666 0.19074074074074074
0 0.303125 0.13055555555555556 0.07708333333333334 0.12037037037037036
0 0.2875 0.3527777777777778 0.13541666666666666 0.18703703703703703
0 0.4395833333333333 0.5009259259259259 0.1375 0.29074074074074074
3 0.3890625 0.10740740740740741 0.11145833333333334 0.2111111111111111
0 0.3807291666666667 0.023148148148148147 0.07395833333333333 0.04259259259259259
0 0.671875 0.009259259259259259 0.04791666666666667 0.014814814814814815
1 0.9489583333333333 0.25925925925925924 0.10208333333333333 0.4111111111111111
0 0.7588541666666667 0.17037037037037037 0.08854166666666667 0.12222222222222222
0 0.45677083333333335 0.018518518518518517 0.04479166666666667 0.03333333333333333
0 0.5208333333333334 0.012037037037037037 0.04375 0.020370370370370372
0 0.9604166666666667 0.9046296296296297 0.07916666666666666 0.19074074074074074
