0 0.10364583333333334 0.825925925925926 0.16979166666666667 0.2777777777777778
0 0.6364583333333333 0.17314814814814813 0.03333333333333333 0.05
0 0.3640625 0.6518518518518519 0.115625 0.24814814814814815
2 0.7588541666666667 0.175 0.028125 0.05740740740740741
0 0.7166666666666667 0.2222222222222222 0.03958333333333333 0.05555555555555555
2 0.6984375 0.3333333333333333 0.06979166666666667 0.12962962962962962
0 0.3458333333333333 0.2601851851851852 0.04791666666666667 0.06481481481481481
0 0.47239583333333335 0.2722222222222222 0.04479166666666667 0.07037037037037037
0 0.31197916666666664 0.2111111111111111 0.03854166666666667 0.05185185185185185
2 0.509375 0.19722222222222222 0.03333333333333333 0.06481481481481481
0 0.4479166666666667 0.19444444444444445 0.035416666666666666 0.05555555555555555
0 0.8114583333333333 0.9064814814814814 0.15 0.18703703703703703
0 0.26145833333333335 0.36203703703703705 0.06666666666666667 0.09074074074074075
