0 0.16354166666666667 0.5370370370370371 0.09166666666666666 0.12962962962962962
0 0.3026041666666667 0.9175925925925926 0.13229166666666667 0.1648148148148148
0 0.2875 0.3611111111111111 0.06041666666666667 0.08518518518518518
0 0.42552083333333335 0.5444444444444444 0.07395833333333333 0.12962962962962962
2 0.2838541666666667 0.5222222222222223 0.11145833333333334 0.24074074074074073
0 0.13802083333333334 0.4305555555555556 0.07604166666666666 0.10925925925925926
0 0.6348958333333333 0.22685185185185186 0.036458333333333336 0.05740740740740741
0 0.7541666666666667 0.21296296296296297 0.035416666666666666 0.05185185185185185
0 0.7145833333333333 0.22870370370370371 0.035416666666666666 0.053703703703703705
0 0.3885416666666667 0.3425925925925926 0.05625 0.08888888888888889
0 0.7859375 0.18333333333333332 0.03229166666666667 0.040740740740740744
0 0.4375 0.2657407407407407 0.0375 0.06111111111111111
0 0.4895833333333333 0.29907407407407405 0.04583333333333333 0.07222222222222222
0 0.6833333333333333 0.3888888888888889 0.058333333333333334 0.0962962962962963
2 0.7776041666666667 0.3851851851851852 0.06979166666666667 0.12962962962962962
0 0.8630208333333333 0.2657407407407407 0.04895833333333333 0.06481481481481481
2 0.7463541666666667 0.6509259259259259 0.11354166666666667 0.21296296296296297
0 0.5255208333333333 0.19166666666666668 0.030208333333333334 0.05
0 0.4739583333333333 0.18703703703703703 0.027083333333333334 0.040740740740740744
0 0.9625 0.525 0.075 0.11666666666666667
