0 0.16770833333333332 0.6694444444444444 0.1625 0.2537037037037037
0 0.5635416666666667 0.9361111111111111 0.15416666666666667 0.12777777777777777
0 0.5197916666666667 0.42314814814814816 0.08958333333333333 0.1685185185185185
0 0.5739583333333333 0.2490740740740741 0.06458333333333334 0.11666666666666667
0 0.6989583333333333 0.2962962962962963 0.07916666666666666 0.12962962962962962
0 0.48854166666666665 0.1648148148148148 0.05625 0.09259259259259259
0 0.8697916666666666 0.019444444444444445 0.052083333333333336 0.03518518518518519
0 0.7953125 0.07407407407407407 0.046875 0.04814814814814815
0 0.8651041666666667 0.06574074074074074 0.057291666666666664 0.06481481481481481
2 0.6630208333333333 0.07407407407407407 0.046875 0.09259259259259259
0 0.9255208333333333 0.13703703703703704 0.071875 0.07407407407407407
0 0.8822916666666667 0.18981481481481483 0.07916666666666666 0.08333333333333333
0 0.640625 0.011111111111111112 0.03333333333333333 0.018518518518518517
