0 0.6354166666666666 0.17222222222222222 0.022916666666666665 0.037037037037037035
0 0.7276041666666667 0.17685185185185184 0.028125 0.046296296296296294
0 0.6260416666666667 0.2074074074074074 0.03125 0.05185185185185185
0 0.6833333333333333 0.18888888888888888 0.027083333333333334 0.040740740740740744
0 0.6552083333333333 0.27037037037037037 0.03958333333333333 0.07407407407407407
0 0.7348958333333333 0.3055555555555556 0.04895833333333333 0.07037037037037037
2 0.79375 0.2712962962962963 0.04375 0.07592592592592592
0 0.8135416666666667 0.21481481481481482 0.0375 0.05555555555555555
0 0.6859375 0.3962962962962963 0.057291666666666664 0.09259259259259259
0 0.3640625 0.25925925925925924 0.040625 0.07037037037037037
0 0.2875 0.29074074074074074 0.04791666666666667 0.06666666666666667
0 0.846875 0.25925925925925924 0.04375 0.06296296296296296
0 0.8213541666666667 0.4601851851851852 0.078125 0.11296296296296296
0 0.7213541666666666 0.525 0.08645833333333333 0.14629629629629629
0 0.41822916666666665 0.21203703703703702 0.034375 0.046296296296296294
0 0.5213541666666667 0.20925925925925926 0.030208333333333334 0.04814814814814815
0 0.35520833333333335 0.20555555555555555 0.035416666666666666 0.05925925925925926
0 0.9177083333333333 0.32407407407407407 0.05625 0.07037037037037037
0 0.9552083333333333 0.4703703703703704 0.08958333333333333 0.1
2 0.9625 0.36666666666666664 0.075 0.1037037037037037
