0 0.6208333333333333 0.5018518518518519 0.14791666666666667 0.2037037037037037
0 0.4140625 0.5703703703703704 0.13854166666666667 0.21851851851851853
0 0.1484375 0.7268518518518519 0.12604166666666666 0.2462962962962963
0 0.49375 0.17314814814814813 0.058333333333333334 0.06481481481481481
0 0.409375 0.17222222222222222 0.05416666666666667 0.05925925925925926
0 0.21614583333333334 0.3175925925925926 0.084375 0.12407407407407407
0 0.2734375 0.20555555555555555 0.053125 0.07777777777777778
0 0.6869791666666667 0.26666666666666666 0.09479166666666666 0.08148148148148149
2 0.8307291666666666 0.25 0.11770833333333333 0.1111111111111111
0 0.09947916666666666 0.2037037037037037 0.04895833333333333 0.07037037037037037
0 0.8645833333333334 0.3824074074074074 0.15625 0.13148148148148148
