0 0.6421875 0.18981481481481483 0.030208333333333334 0.046296296296296294
0 0.70625 0.2111111111111111 0.035416666666666666 0.05555555555555555
0 0.6385416666666667 0.23425925925925925 0.035416666666666666 0.05740740740740741
0 0.04895833333333333 0.7157407407407408 0.09583333333333334 0.23148148148148148
0 0.7661458333333333 0.21574074074074073 0.03854166666666667 0.05740740740740741
0 0.6588541666666666 0.3037037037037037 0.04479166666666667 0.07037037037037037
0 0.746875 0.2898148148148148 0.05 0.07222222222222222
0 0.3776041666666667 0.37962962962962965 0.059375 0.09259259259259259
0 0.19166666666666668 0.36944444444444446 0.0625 0.09074074074074075
0 0.35989583333333336 0.27314814814814814 0.046875 0.06851851851851852
0 0.4875 0.3287037037037037 0.052083333333333336 0.08333333333333333
0 0.8348958333333333 0.2222222222222222 0.040625 0.05555555555555555
0 0.696875 0.4166666666666667 0.06041666666666667 0.08888888888888889
0 0.296875 0.25277777777777777 0.04583333333333333 0.06111111111111111
0 0.4395833333333333 0.24814814814814815 0.041666666666666664 0.06666666666666667
2 0.853125 0.5092592592592593 0.08333333333333333 0.15185185185185185
2 0.7890625 0.8287037037037037 0.15104166666666666 0.26851851851851855
0 0.9619791666666667 0.4962962962962963 0.07604166666666666 0.1259259259259259
