2 0.29010416666666666 0.2777777777777778 0.121875 0.09259259259259259
0 0.6375 0.812962962962963 0.13333333333333333 0.2740740740740741
2 0.5927083333333333 0.3425925925925926 0.052083333333333336 0.13333333333333333
0 0.7151041666666667 0.37222222222222223 0.06979166666666667 0.11481481481481481
0 0.8328125 0.2611111111111111 0.051041666666666666 0.06666666666666667
0 0.7859375 0.16203703703703703 0.036458333333333336 0.046296296296296294
0 0.8078125 0.19074074074074074 0.036458333333333336 0.05185185185185185
0 0.74375 0.175 0.0375 0.05
0 0.7453125 0.13425925925925927 0.030208333333333334 0.03888888888888889
0 0.7244791666666667 0.1537037037037037 0.03229166666666667 0.044444444444444446
2 0.7052083333333333 0.12777777777777777 0.029166666666666667 0.05185185185185185
0 0.8479166666666667 0.3 0.0625 0.08148148148148149
0 0.6442708333333333 0.23055555555555557 0.03854166666666667 0.06111111111111111
0 0.5744791666666667 0.2074074074074074 0.03229166666666667 0.05925925925925926
0 0.6020833333333333 0.1638888888888889 0.029166666666666667 0.046296296296296294
0 0.5348958333333333 0.15833333333333333 0.026041666666666668 0.046296296296296294
0 0.5770833333333333 0.14166666666666666 0.022916666666666665 0.03888888888888889
1 0.875 0.1962962962962963 0.10625 0.14814814814814814
