0 0.696875 0.06759259259259259 0.022916666666666665 0.03888888888888889
0 0.7536458333333333 0.0712962962962963 0.028125 0.03888888888888889
0 0.7223958333333333 0.08333333333333333 0.026041666666666668 0.044444444444444446
0 0.6505208333333333 0.1675925925925926 0.040625 0.06481481481481481
0 0.5671875 0.1 0.028125 0.04814814814814815
0 0.56875 0.16574074074074074 0.035416666666666666 0.06111111111111111
0 0.7572916666666667 0.11388888888888889 0.03333333333333333 0.046296296296296294
0 0.7848958333333333 0.14907407407407408 0.04479166666666667 0.07222222222222222
0 0.8244791666666667 0.1287037037037037 0.03854166666666667 0.05740740740740741
0 0.9119791666666667 0.11296296296296296 0.042708333333333334 0.04814814814814815
0 0.8510416666666667 0.19537037037037036 0.0625 0.09074074074074075
0 0.928125 0.38981481481481484 0.11041666666666666 0.15
0 0.9697916666666667 0.3138888888888889 0.06041666666666667 0.11296296296296296
0 0.5671875 0.06481481481481481 0.021875 0.025925925925925925
0 0.5671875 0.03611111111111111 0.019791666666666666 0.027777777777777776
0 0.5890625 0.027777777777777776 0.015625 0.02962962962962963
