0 0.6067708333333334 0.4305555555555556 0.08854166666666667 0.19074074074074074
0 0.6973958333333333 0.06666666666666667 0.030208333333333334 0.040740740740740744
0 0.6083333333333333 0.23148148148148148 0.05625 0.0962962962962963
0 0.7088541666666667 0.3055555555555556 0.065625 0.11481481481481481
0 0.675 0.08796296296296297 0.03333333333333333 0.046296296296296294
0 0.5208333333333334 0.09074074074074075 0.025 0.04814814814814815
0 0.5765625 0.1111111111111111 0.03229166666666667 0.05185185185185185
0 0.7859375 0.1648148148148148 0.04895833333333333 0.06296296296296296
0 0.865625 0.17314814814814813 0.058333333333333334 0.07962962962962963
0 0.575 0.07037037037037037 0.027083333333333334 0.040740740740740744
0 0.928125 0.3055555555555556 0.08541666666666667 0.1111111111111111
0 0.5578125 0.06018518518518518 0.021875 0.04259259259259259
