0 0.049479166666666664 0.4027777777777778 0.096875 0.09444444444444444
0 0.22552083333333334 0.49074074074074076 0.171875 0.13703703703703704
0 0.4036458333333333 0.287962962962963 0.10729166666666666 0.09074074074074075
0 0.6390625 0.2324074074074074 0.08854166666666667 0.07962962962962963
0 0.7265625 0.3731481481481482 0.12395833333333334 0.11666666666666667
2 0.753125 0.48518518518518516 0.14375 0.17777777777777778
0 0.8114583333333333 0.7037037037037037 0.2 0.22962962962962963
2 0.9041666666666667 0.12777777777777777 0.07083333333333333 0.08888888888888889
0 0.27291666666666664 0.912962962962963 0.27291666666666664 0.17407407407407408
0 0.7057291666666666 0.1388888888888889 0.06145833333333333 0.06296296296296296
