0 0.2994791666666667 0.31851851851851853 0.051041666666666666 0.07777777777777778
0 0.35885416666666664 0.3592592592592593 0.05520833333333333 0.08148148148148149
0 0.6067708333333334 0.15833333333333333 0.026041666666666668 0.03518518518518519
0 0.7109375 0.18518518518518517 0.03229166666666667 0.044444444444444446
2 0.7651041666666667 0.17222222222222222 0.034375 0.05185185185185185
0 0.6125 0.20833333333333334 0.03125 0.05
0 0.6791666666666667 0.21481481481481482 0.035416666666666666 0.05185185185185185
0 0.7520833333333333 0.22685185185185186 0.041666666666666664 0.06111111111111111
0 0.6395833333333333 0.30648148148148147 0.04791666666666667 0.07962962962962963
0 0.7932291666666667 0.28425925925925927 0.051041666666666666 0.06851851851851852
0 0.7182291666666667 0.3175925925925926 0.04895833333333333 0.06851851851851852
2 0.6776041666666667 0.48148148148148145 0.08020833333333334 0.12962962962962962
0 0.8802083333333334 0.2898148148148148 0.052083333333333336 0.06851851851851852
