2 0.2552083333333333 0.5898148148148148 0.10208333333333333 0.22037037037037038
2 0.2921875 0.45092592592592595 0.07395833333333333 0.1685185185185185
0 0.35833333333333334 0.7407407407407407 0.12291666666666666 0.23333333333333334
2 0.24583333333333332 0.3537037037037037 0.07291666666666667 0.13333333333333333
0 0.4354166666666667 0.41574074074074074 0.058333333333333334 0.10555555555555556
2 0.6921875 0.34814814814814815 0.053125 0.1111111111111111
0 0.4744791666666667 0.26944444444444443 0.040625 0.07592592592592592
0 0.8479166666666667 0.46111111111111114 0.08541666666666667 0.11481481481481481
0 0.9036458333333334 0.25925925925925924 0.051041666666666666 0.05925925925925926
0 0.4317708333333333 0.2101851851851852 0.03854166666666667 0.06111111111111111
0 0.7755208333333333 0.7546296296296297 0.13645833333333332 0.21666666666666667
