0 0.8885416666666667 0.7222222222222222 0.22291666666666668 0.3111111111111111
0 0.46770833333333334 0.5342592592592592 0.15208333333333332 0.20185185185185187
0 0.3338541666666667 0.06481481481481481 0.034375 0.044444444444444446
0 0.271875 0.06296296296296296 0.03333333333333333 0.037037037037037035
0 0.2604166666666667 0.08518518518518518 0.035416666666666666 0.044444444444444446
0 0.18958333333333333 0.21574074074074073 0.06041666666666667 0.07962962962962963
0 0.49947916666666664 0.12685185185185185 0.05520833333333333 0.05740740740740741
0 0.5291666666666667 0.18333333333333332 0.07083333333333333 0.06296296296296296
1 0.6479166666666667 0.10277777777777777 0.17291666666666666 0.16111111111111112
2 0.1515625 0.09722222222222222 0.036458333333333336 0.05740740740740741
0 0.7046875 0.3111111111111111 0.115625 0.08518518518518518
