0 0.29375 0.5564814814814815 0.09166666666666666 0.07962962962962963
1 0.09479166666666666 0.5675925925925925 0.1875 0.1648148148148148
1 0.15625 0.7138888888888889 0.3104166666666667 0.26851851851851855
0 0.23229166666666667 0.6083333333333333 0.06875 0.07222222222222222
0 0.0828125 0.8407407407407408 0.16354166666666667 0.15185185185185185
0 0.2265625 0.7814814814814814 0.13645833333333332 0.1259259259259259
0 0.10625 0.9398148148148148 0.21041666666666667 0.12037037037037036
0 0.4328125 0.6953703703703704 0.109375 0.10555555555555556
0 0.49635416666666665 0.637962962962963 0.09270833333333334 0.08333333333333333
0 0.5369791666666667 0.5722222222222222 0.10104166666666667 0.07407407407407407
0 0.9552083333333333 0.75 0.08958333333333333 0.11481481481481481
0 0.8651041666666667 0.5453703703703704 0.06979166666666667 0.07222222222222222
