1 0.2125 0.36574074074074076 0.18333333333333332 0.28703703703703703
1 0.050520833333333334 0.4462962962962963 0.09895833333333333 0.2740740740740741
0 0.20260416666666667 0.6305555555555555 0.09479166666666666 0.17592592592592593
2 0.3609375 0.6074074074074074 0.115625 0.26296296296296295
0 0.7786458333333334 0.19907407407407407 0.040625 0.06111111111111111
0 0.74375 0.2833333333333333 0.052083333333333336 0.07407407407407407
0 0.43020833333333336 0.3648148148148148 0.05625 0.1037037037037037
0 0.6822916666666666 0.35555555555555557 0.04583333333333333 0.08888888888888889
2 0.42916666666666664 0.23425925925925925 0.041666666666666664 0.08333333333333333
2 0.8661458333333333 0.19907407407407407 0.051041666666666666 0.06851851851851852
2 0.39947916666666666 0.20555555555555555 0.030208333333333334 0.06666666666666667
0 0.5078125 0.21203703703703702 0.036458333333333336 0.053703703703703705
0 0.2828125 0.2361111111111111 0.042708333333333334 0.053703703703703705
2 0.37864583333333335 0.16944444444444445 0.036458333333333336 0.06111111111111111
0 0.9692708333333333 0.43703703703703706 0.06145833333333333 0.1111111111111111
