0 0.465625 0.18518518518518517 0.05625 0.08148148148148149
0 0.6682291666666667 0.6333333333333333 0.11770833333333333 0.22592592592592592
0 0.5270833333333333 0.1962962962962963 0.06458333333333334 0.08148148148148149
0 0.8333333333333334 0.5388888888888889 0.15 0.23333333333333334
0 0.5625 0.1537037037037037 0.0375 0.07037037037037037
0 0.6630208333333333 0.18518518518518517 0.04895833333333333 0.08148148148148149
0 0.7098958333333333 0.2953703703703704 0.07395833333333333 0.11666666666666667
0 0.775 0.07962962962962963 0.0375 0.05555555555555555
0 0.5526041666666667 0.08333333333333333 0.034375 0.04814814814814815
0 0.9578125 0.2722222222222222 0.084375 0.1037037037037037
1 0.4557291666666667 0.4722222222222222 0.17604166666666668 0.4703703703703704
