0 0.6703125 0.175 0.028125 0.046296296296296294
0 0.6265625 0.19907407407407407 0.03229166666666667 0.05
0 0.28958333333333336 0.9009259259259259 0.13958333333333334 0.19814814814814816
2 0.07864583333333333 0.6620370370370371 0.13229166666666667 0.2351851851851852
0 0.7286458333333333 0.19444444444444445 0.03229166666666667 0.04814814814814815
0 0.7713541666666667 0.17222222222222222 0.028125 0.040740740740740744
0 0.7078125 0.2351851851851852 0.034375 0.05555555555555555
0 0.6578125 0.2490740740740741 0.034375 0.05740740740740741
0 0.784375 0.24814814814814815 0.041666666666666664 0.06666666666666667
0 0.6432291666666666 0.3194444444444444 0.046875 0.07222222222222222
0 0.7322916666666667 0.2851851851851852 0.04583333333333333 0.06666666666666667
0 0.3885416666666667 0.3787037037037037 0.05416666666666667 0.09074074074074075
0 0.6973958333333333 0.49722222222222223 0.071875 0.13518518518518519
0 0.86875 0.5685185185185185 0.10208333333333333 0.13333333333333333
2 0.9291666666666667 0.4444444444444444 0.08125 0.1259259259259259
0 0.9510416666666667 0.33611111111111114 0.0625 0.07962962962962963
