0 0.29375 0.5564814814814815 0.09166666666666666 0.07962962962962963
1 0.0953125 0.5685185185185185 0.18854166666666666 0.15185185185185185
1 0.15625 0.7138888888888889 0.3104166666666667 0.26851851851851855
0 0.23229166666666667 0.6083333333333333 0.06875 0.07222222222222222
0 0.0875 0.8361111111111111 0.17291666666666666 0.1537037037037037
0 0.38229166666666664 0.7185185185185186 0.11875 0.11851851851851852
0 0.5145833333333333 0.837037037037037 0.15 0.14074074074074075
0 0.6197916666666666 0.6287037037037037 0.09791666666666667 0.09444444444444444
0 0.7088541666666667 0.6796296296296296 0.103125 0.1037037037037037
0 0.7651041666666667 0.5638888888888889 0.078125 0.08333333333333333
0 0.715625 0.8787037037037037 0.14791666666666667 0.1648148148148148
