2 0.6802083333333333 0.021296296296296296 0.01875 0.03888888888888889
0 0.6640625 0.018518518518518517 0.019791666666666666 0.03333333333333333
0 0.7255208333333333 0.03796296296296296 0.026041666666666668 0.03518518518518519
0 0.6739583333333333 0.053703703703703705 0.025 0.037037037037037035
0 0.7 0.04814814814814815 0.025 0.037037037037037035
0 0.7359375 0.09166666666666666 0.034375 0.05
0 0.8140625 0.14444444444444443 0.04895833333333333 0.05925925925925926
0 0.8026041666666667 0.175 0.051041666666666666 0.07962962962962963
0 0.5671875 0.04351851851851852 0.019791666666666666 0.03888888888888889
0 0.5932291666666667 0.017592592592592594 0.019791666666666666 0.03148148148148148
1 0.409375 0.612037037037037 0.24166666666666667 0.7388888888888889
