0 0.2890625 0.6259259259259259 0.14270833333333333 0.24074074074074073
0 0.07604166666666666 0.26944444444444443 0.058333333333333334 0.09074074074074075
0 0.7598958333333333 0.6361111111111111 0.203125 0.26481481481481484
0 0.34375 0.28425925925925927 0.08333333333333333 0.10555555555555556
0 0.08020833333333334 0.11481481481481481 0.041666666666666664 0.05925925925925926
0 0.44114583333333335 0.18055555555555555 0.065625 0.06111111111111111
0 0.5255208333333333 0.1537037037037037 0.06770833333333333 0.07407407407407407
0 0.3494791666666667 0.10462962962962963 0.04479166666666667 0.05
0 0.41875 0.0712962962962963 0.041666666666666664 0.03888888888888889
0 0.41354166666666664 0.1 0.05 0.05185185185185185
0 0.3338541666666667 0.06666666666666667 0.040625 0.040740740740740744
0 0.19322916666666667 0.05 0.030208333333333334 0.03333333333333333
0 0.24739583333333334 0.03333333333333333 0.028125 0.037037037037037035
0 0.9078125 0.30462962962962964 0.10729166666666666 0.09814814814814815
