1 0.884375 0.36203703703703705 0.23125 0.38333333333333336
0 0.8770833333333333 0.2037037037037037 0.0625 0.08518518518518518
0 0.7411458333333333 0.3351851851851852 0.09270833333333334 0.11481481481481481
0 0.7958333333333333 0.375 0.11041666666666666 0.17592592592592593
0 0.33645833333333336 0.3314814814814815 0.07708333333333334 0.07407407407407407
0 0.43072916666666666 0.23703703703703705 0.06770833333333333 0.05925925925925926
0 0.48385416666666664 0.26296296296296295 0.071875 0.06666666666666667
2 0.5895833333333333 0.2074074074074074 0.06458333333333334 0.06666666666666667
0 0.334375 0.7203703703703703 0.225 0.2037037037037037
0 0.4546875 0.41388888888888886 0.065625 0.05740740740740741
0 0.434375 0.8351851851851851 0.20625 0.2111111111111111
