0 0.4739583333333333 0.20555555555555555 0.05416666666666667 0.08148148148148149
0 0.48333333333333334 0.5805555555555556 0.11666666666666667 0.21296296296296297
0 0.671875 0.8861111111111111 0.16875 0.22777777777777777
2 0.5411458333333333 0.2777777777777778 0.078125 0.1814814814814815
0 0.45416666666666666 0.17777777777777778 0.08125 0.07037037037037037
0 0.71875 0.06481481481481481 0.035416666666666666 0.05555555555555555
0 0.8010416666666667 0.06388888888888888 0.0375 0.053703703703703705
0 0.5890625 0.20185185185185187 0.051041666666666666 0.08518518518518518
0 0.8208333333333333 0.12407407407407407 0.052083333333333336 0.07407407407407407
0 0.875 0.09351851851851851 0.04791666666666667 0.07222222222222222
0 0.5901041666666667 0.10185185185185185 0.04479166666666667 0.07037037037037037
0 0.65 0.09722222222222222 0.035416666666666666 0.06481481481481481
1 0.49375 0.09166666666666666 0.12708333333333333 0.14629629629629629
