0 0.9177083333333333 0.8305555555555556 0.16458333333333333 0.26851851851851855
0 0.240625 0.03148148148148148 0.029166666666666667 0.02962962962962963
0 0.29322916666666665 0.037037037037037035 0.026041666666666668 0.02962962962962963
0 0.4578125 0.5231481481481481 0.13854166666666667 0.20185185185185187
0 0.34739583333333335 0.05277777777777778 0.021875 0.027777777777777776
2 0.33541666666666664 0.06759259259259259 0.03125 0.04259259259259259
0 0.14739583333333334 0.20092592592592592 0.051041666666666666 0.08703703703703704
0 0.23697916666666666 0.17962962962962964 0.051041666666666666 0.06666666666666667
0 0.37395833333333334 0.11296296296296296 0.041666666666666664 0.040740740740740744
0 0.38125 0.15555555555555556 0.052083333333333336 0.05185185185185185
2 0.446875 0.08888888888888889 0.05416666666666667 0.05925925925925926
0 0.0484375 0.1638888888888889 0.042708333333333334 0.06481481481481481
0 0.45260416666666664 0.14722222222222223 0.065625 0.06481481481481481
2 0.6119791666666666 0.17222222222222222 0.06354166666666666 0.08148148148148149
0 0.09739583333333333 0.12407407407407407 0.03854166666666667 0.044444444444444446
0 0.050520833333333334 0.09259259259259259 0.03229166666666667 0.040740740740740744
0 0.11666666666666667 0.07777777777777778 0.0375 0.05185185185185185
0 0.8838541666666667 0.24074074074074073 0.109375 0.08148148148148149
0 0.8067708333333333 0.31666666666666665 0.121875 0.11851851851851852
