0 0.05364583333333333 0.6129629629629629 0.10520833333333333 0.22962962962962963
3 0.1203125 0.700925925925926 0.23854166666666668 0.5981481481481481
0 0.3921875 0.08888888888888889 0.05520833333333333 0.09259259259259259
1 0.9151041666666667 0.1648148148148148 0.16979166666666667 0.32592592592592595
0 0.3958333333333333 0.23055555555555557 0.08125 0.1425925925925926
0 0.4234375 0.5768518518518518 0.14895833333333333 0.3277777777777778
0 0.7078125 0.07685185185185185 0.06979166666666667 0.09444444444444444
0 0.6494791666666667 0.17592592592592593 0.084375 0.12962962962962962
2 0.9390625 0.6611111111111111 0.121875 0.4074074074074074
0 0.7880208333333333 0.8537037037037037 0.19895833333333332 0.29259259259259257
