0 0.47291666666666665 0.2037037037037037 0.05 0.08148148148148149
0 0.5338541666666666 0.38055555555555554 0.08229166666666667 0.1425925925925926
0 0.5583333333333333 0.16944444444444445 0.05 0.09074074074074075
0 0.6395833333333333 0.25277777777777777 0.06041666666666667 0.10555555555555556
0 0.6447916666666667 0.15 0.04375 0.07407407407407407
0 0.5901041666666667 0.12407407407407407 0.03854166666666667 0.06666666666666667
0 0.8671875 0.20092592592592592 0.06770833333333333 0.09074074074074075
0 0.8333333333333334 0.31203703703703706 0.08541666666666667 0.12037037037037036
0 0.6463541666666667 0.1 0.03229166666666667 0.05555555555555555
2 0.5963541666666666 0.0712962962962963 0.03854166666666667 0.07222222222222222
2 0.953125 0.30185185185185187 0.09375 0.16666666666666666
0 0.41510416666666666 0.1787037037037037 0.06770833333333333 0.06851851851851852
1 0.490625 0.10462962962962963 0.12916666666666668 0.1574074074074074
