0 0.1171875 0.3435185185185185 0.134375 0.11666666666666667
0 0.13072916666666667 0.4444444444444444 0.18645833333333334 0.14074074074074075
0 0.559375 0.2101851851851852 0.09375 0.08333333333333333
0 0.6411458333333333 0.22407407407407406 0.08645833333333333 0.08518518518518518
0 0.8322916666666667 0.46296296296296297 0.14791666666666667 0.14814814814814814
2 0.7375 0.21296296296296297 0.10833333333333334 0.10740740740740741
0 0.7760416666666666 0.11851851851851852 0.05625 0.05555555555555555
0 0.8395833333333333 0.14629629629629629 0.06666666666666667 0.05925925925925926
0 0.38385416666666666 0.6305555555555555 0.21354166666666666 0.18333333333333332
0 0.8526041666666667 0.11388888888888889 0.05520833333333333 0.05
