0 0.8984375 0.16018518518518518 0.03229166666666667 0.053703703703703705
0 0.08125 0.5564814814814815 0.12916666666666668 0.13518518518518519
0 0.0875 0.6666666666666666 0.14583333333333334 0.21851851851851853
0 0.8234375 0.18796296296296297 0.046875 0.07222222222222222
0 0.05 0.45092592592592595 0.09791666666666667 0.10555555555555556
0 0.7666666666666667 0.17962962962962964 0.04583333333333333 0.06296296296296296
2 0.871875 0.2861111111111111 0.04791666666666667 0.10555555555555556
2 0.9760416666666667 0.2462962962962963 0.04791666666666667 0.09259259259259259
0 0.4390625 0.3037037037037037 0.084375 0.09259259259259259
0 0.4244791666666667 0.20462962962962963 0.06354166666666666 0.06851851851851852
0 0.6635416666666667 0.30925925925925923 0.07083333333333333 0.08518518518518518
0 0.6333333333333333 0.17777777777777778 0.05 0.05555555555555555
