0 0.340625 0.2657407407407407 0.04583333333333333 0.08333333333333333
0 0.640625 0.12314814814814815 0.03333333333333333 0.046296296296296294
0 0.4484375 0.5037037037037037 0.09479166666666666 0.16296296296296298
0 0.6895833333333333 0.12777777777777777 0.03125 0.05185185185185185
0 0.2015625 0.8583333333333333 0.18020833333333333 0.2462962962962963
0 0.44583333333333336 0.20925925925925926 0.04375 0.07777777777777778
0 0.5109375 0.325 0.06145833333333333 0.10555555555555556
0 0.66875 0.19907407407407407 0.04375 0.06851851851851852
0 0.7333333333333333 0.18796296296296297 0.04791666666666667 0.06481481481481481
0 0.5 0.22685185185185186 0.04375 0.07592592592592592
0 0.43645833333333334 0.16944444444444445 0.03333333333333333 0.05740740740740741
0 0.4791666666666667 0.12962962962962962 0.03125 0.040740740740740744
0 0.753125 0.3435185185185185 0.06875 0.10925925925925926
0 0.4546875 0.10277777777777777 0.023958333333333335 0.03888888888888889
0 0.49322916666666666 0.1 0.026041666666666668 0.037037037037037035
0 0.85625 0.6111111111111112 0.14583333333333334 0.2037037037037037
