0 0.14635416666666667 0.21388888888888888 0.053125 0.053703703703703705
0 0.084375 0.2712962962962963 0.058333333333333334 0.053703703703703705
2 0.8666666666666667 0.9055555555555556 0.26666666666666666 0.18888888888888888
0 0.1984375 0.275 0.08645833333333333 0.07592592592592592
0 0.3692708333333333 0.2657407407407407 0.090625 0.07962962962962963
0 0.19010416666666666 0.5685185185185185 0.14895833333333333 0.16666666666666666
0 0.5427083333333333 0.34814814814814815 0.11041666666666666 0.07407407407407407
2 0.5692708333333333 0.42314814814814816 0.15729166666666666 0.1388888888888889
0 0.13072916666666667 0.7351851851851852 0.18229166666666666 0.23703703703703705
0 0.7208333333333333 0.4462962962962963 0.1375 0.13333333333333333
