0 0.5015625 0.16203703703703703 0.03854166666666667 0.06851851851851852
0 0.584375 0.20555555555555555 0.04791666666666667 0.08518518518518518
0 0.7958333333333333 0.5111111111111111 0.12291666666666666 0.1962962962962963
2 0.521875 0.19907407407407407 0.041666666666666664 0.11296296296296296
0 0.5635416666666667 0.1388888888888889 0.035416666666666666 0.05185185185185185
0 0.6921875 0.09537037037037037 0.03229166666666667 0.05
0 0.7203125 0.07592592592592592 0.03229166666666667 0.05555555555555555
0 0.5864583333333333 0.10092592592592593 0.041666666666666664 0.05740740740740741
0 0.6489583333333333 0.16574074074074074 0.052083333333333336 0.08703703703703704
0 0.803125 0.17222222222222222 0.06041666666666667 0.06666666666666667
0 0.5671875 0.04259259259259259 0.023958333333333335 0.044444444444444446
1 0.5182291666666666 0.03888888888888889 0.036458333333333336 0.07407407407407407
1 0.44895833333333335 0.4740740740740741 0.17083333333333334 0.5074074074074074
