1 0.071875 0.41203703703703703 0.14166666666666666 0.2796296296296296
1 0.4796875 0.23055555555555557 0.234375 0.17962962962962964
0 0.22395833333333334 0.20092592592592592 0.03958333333333333 0.03888888888888889
0 0.2484375 0.5296296296296297 0.11145833333333334 0.15925925925925927
0 0.16041666666666668 0.37037037037037035 0.06458333333333334 0.1
0 0.278125 0.36944444444444446 0.09166666666666666 0.10555555555555556
0 0.34427083333333336 0.2833333333333333 0.071875 0.07037037037037037
0 0.09010416666666667 0.28055555555555556 0.04479166666666667 0.05740740740740741
0 0.14010416666666667 0.25555555555555554 0.042708333333333334 0.04814814814814815
0 0.6125 0.4564814814814815 0.15416666666666667 0.13518518518518519
2 0.8635416666666667 0.47129629629629627 0.23541666666666666 0.20555555555555555
