0 0.7260416666666667 0.05925925925925926 0.022916666666666665 0.037037037037037035
0 0.7510416666666667 0.06296296296296296 0.022916666666666665 0.03333333333333333
0 0.6510416666666666 0.3888888888888889 0.07916666666666666 0.12962962962962962
0 0.6973958333333333 0.07314814814814814 0.023958333333333335 0.04259259259259259
0 0.7635416666666667 0.0787037037037037 0.025 0.03888888888888889
0 0.7369791666666666 0.1 0.030208333333333334 0.05185185185185185
0 0.6328125 0.12037037037037036 0.030208333333333334 0.05185185185185185
0 0.5703125 0.07592592592592592 0.023958333333333335 0.037037037037037035
0 0.5651041666666666 0.11944444444444445 0.028125 0.046296296296296294
0 0.7848958333333333 0.14537037037037037 0.040625 0.053703703703703705
0 0.8151041666666666 0.19814814814814816 0.053125 0.08148148148148149
0 0.8859375 0.17777777777777778 0.053125 0.07407407407407407
0 0.959375 0.14074074074074075 0.05 0.05925925925925926
0 0.940625 0.2833333333333333 0.0875 0.1259259259259259
