0 0.6255208333333333 0.19907407407407407 0.030208333333333334 0.05
0 0.39791666666666664 0.6398148148148148 0.09583333333333334 0.18703703703703703
0 0.21666666666666667 0.6703703703703704 0.12291666666666666 0.18888888888888888
0 0.759375 0.21388888888888888 0.0375 0.05740740740740741
0 0.7317708333333334 0.28888888888888886 0.051041666666666666 0.07037037037037037
3 0.8151041666666666 0.18518518518518517 0.042708333333333334 0.07407407407407407
0 0.42083333333333334 0.2824074074074074 0.04583333333333333 0.07222222222222222
0 0.6739583333333333 0.3638888888888889 0.05416666666666667 0.08703703703703704
0 0.8416666666666667 0.32592592592592595 0.05625 0.07777777777777778
0 0.7213541666666666 0.5212962962962963 0.08645833333333333 0.14629629629629629
0 0.5098958333333333 0.21574074074074073 0.030208333333333334 0.06111111111111111
2 0.9385416666666667 0.7351851851851852 0.12291666666666666 0.2222222222222222
0 0.9661458333333334 0.3435185185185185 0.06770833333333333 0.07222222222222222
