0 0.9291666666666667 0.35462962962962963 0.14166666666666666 0.11296296296296296
0 0.725 0.2759259259259259 0.11041666666666666 0.1037037037037037
2 0.615625 0.23796296296296296 0.09583333333333334 0.09074074074074075
0 0.5125 0.21203703703703702 0.07083333333333333 0.06851851851851852
0 0.4427083333333333 0.1925925925925926 0.05625 0.06296296296296296
0 0.6973958333333333 0.8564814814814815 0.2677083333333333 0.28703703703703703
0 0.503125 0.2462962962962963 0.07083333333333333 0.07407407407407407
2 0.815625 0.712037037037037 0.27291666666666664 0.3277777777777778
0 0.5817708333333333 0.5472222222222223 0.15520833333333334 0.1685185185185185
1 0.38645833333333335 0.2740740740740741 0.18125 0.2
0 0.9453125 0.5166666666666667 0.109375 0.17407407407407408
0 0.6385416666666667 0.4685185185185185 0.16875 0.13703703703703704
0 0.425 0.43425925925925923 0.11041666666666666 0.12407407407407407
2 0.8213541666666667 0.5342592592592592 0.17395833333333333 0.20185185185185187
0 0.9583333333333334 0.6824074074074075 0.08333333333333333 0.1537037037037037
0 0.7630208333333334 0.4212962962962963 0.15520833333333334 0.11666666666666667
0 0.6182291666666667 0.35462962962962963 0.11979166666666667 0.10555555555555556
0 0.2890625 0.3111111111111111 0.06979166666666667 0.0962962962962963
0 0.3494791666666667 0.3712962962962963 0.078125 0.09814814814814815
0 0.5052083333333334 0.29814814814814816 0.08125 0.10740740740740741
0 0.2953125 0.2564814814814815 0.046875 0.06481481481481481
0 0.24895833333333334 0.2324074074074074 0.04375 0.05
0 0.240625 0.2824074074074074 0.04583333333333333 0.07222222222222222
