0 0.9807291666666667 0.4009259259259259 0.03854166666666667 0.11296296296296296
0 0.7901041666666667 0.337037037037037 0.11979166666666667 0.1
0 0.6265625 0.2722222222222222 0.09479166666666666 0.08888888888888889
2 0.5114583333333333 0.23148148148148148 0.07708333333333334 0.07777777777777778
0 0.4296875 0.2111111111111111 0.059375 0.05555555555555555
0 0.37395833333333334 0.1925925925925926 0.04375 0.044444444444444446
0 0.16354166666666667 0.31296296296296294 0.04791666666666667 0.06666666666666667
2 0.8078125 0.7472222222222222 0.271875 0.3277777777777778
0 0.5739583333333333 0.5805555555555556 0.15833333333333333 0.1685185185185185
1 0.3807291666666667 0.30648148148148147 0.18020833333333333 0.20555555555555555
0 0.9338541666666667 0.5481481481481482 0.13229166666666667 0.1814814814814815
0 0.6291666666666667 0.5046296296296297 0.16458333333333333 0.14629629629629629
0 0.4171875 0.4638888888888889 0.11354166666666667 0.12777777777777777
2 0.8125 0.5657407407407408 0.175 0.20185185185185187
0 0.9541666666666667 0.7240740740740741 0.09166666666666666 0.16666666666666666
0 0.7546875 0.4601851851851852 0.153125 0.13148148148148148
0 0.6135416666666667 0.38425925925925924 0.12291666666666666 0.10555555555555556
0 0.28072916666666664 0.34074074074074073 0.06979166666666667 0.1
0 0.34375 0.39814814814814814 0.07708333333333334 0.1
0 0.4947916666666667 0.31666666666666665 0.06875 0.1
0 0.28229166666666666 0.28055555555555556 0.0375 0.05740740740740741
0 0.24635416666666668 0.25555555555555554 0.042708333333333334 0.05185185185185185
0 0.21822916666666667 0.2898148148148148 0.046875 0.06111111111111111
