0 0.78125 0.12222222222222222 0.029166666666666667 0.044444444444444446
0 0.71875 0.11296296296296296 0.029166666666666667 0.040740740740740744
0 0.6359375 0.5166666666666667 0.08854166666666667 0.16666666666666666
0 0.6713541666666667 0.37777777777777777 0.078125 0.11851851851851852
0 0.8973958333333333 0.2037037037037037 0.04895833333333333 0.06666666666666667
0 0.6604166666666667 0.24351851851851852 0.05 0.07962962962962963
0 0.5833333333333334 0.16203703703703703 0.03333333333333333 0.06111111111111111
0 0.5291666666666667 0.15648148148148147 0.03125 0.06111111111111111
0 0.6421875 0.15185185185185185 0.03229166666666667 0.05185185185185185
2 0.5802083333333333 0.10277777777777777 0.027083333333333334 0.053703703703703705
1 0.821875 0.11203703703703703 0.08125 0.14629629629629629
