0 0.29375 0.5564814814814815 0.09166666666666666 0.07962962962962963
1 0.09479166666666666 0.5675925925925925 0.1875 0.16111111111111112
1 0.15625 0.7138888888888889 0.3104166666666667 0.26851851851851855
0 0.23229166666666667 0.6083333333333333 0.06875 0.07222222222222222
0 0.08072916666666667 0.837037037037037 0.159375 0.14444444444444443
0 0.22604166666666667 0.7768518518518519 0.13125 0.13518518518518519
0 0.4036458333333333 0.7092592592592593 0.11770833333333333 0.1111111111111111
0 0.4432291666666667 0.6444444444444445 0.09895833333333333 0.08518518518518518
0 0.4317708333333333 0.5824074074074074 0.10729166666666666 0.07592592592592592
0 0.7630208333333334 0.5731481481481482 0.08229166666666667 0.06851851851851852
0 0.7770833333333333 0.5351851851851852 0.06458333333333334 0.05185185185185185
