0 0.4734375 0.20833333333333334 0.05520833333333333 0.07592592592592592
0 0.403125 0.8657407407407407 0.17708333333333334 0.26851851851851855
0 0.5364583333333334 0.2518518518518518 0.0625 0.11481481481481481
0 0.5776041666666667 0.5064814814814815 0.109375 0.20185185185185187
0 0.6421875 0.2601851851851852 0.059375 0.10925925925925926
0 0.5744791666666667 0.1685185185185185 0.04479166666666667 0.07407407407407407
0 0.7932291666666667 0.0962962962962963 0.042708333333333334 0.06296296296296296
0 0.7583333333333333 0.1425925925925926 0.05 0.07037037037037037
0 0.6494791666666667 0.17222222222222222 0.04479166666666667 0.07777777777777778
2 0.59375 0.10092592592592593 0.04375 0.09074074074074075
2 0.8276041666666667 0.13055555555555556 0.05520833333333333 0.09074074074074075
0 0.44166666666666665 0.1824074074074074 0.07708333333333334 0.07222222222222222
0 0.8505208333333333 0.22870370370370371 0.06979166666666667 0.09074074074074075
0 0.8484375 0.36203703703703705 0.10104166666666667 0.1388888888888889
1 0.4895833333333333 0.10277777777777777 0.125 0.1574074074074074
