0 0.8536458333333333 0.8759259259259259 0.221875 0.21481481481481482
1 0.4953125 0.12129629629629629 0.071875 0.21666666666666667
0 0.628125 0.3638888888888889 0.075 0.13148148148148148
0 0.7760416666666666 0.43425925925925923 0.10416666666666667 0.1574074074074074
2 0.7041666666666667 0.24166666666666667 0.07291666666666667 0.13148148148148148
0 0.5963541666666666 0.19537037037037036 0.046875 0.07962962962962963
0 0.6859375 0.03888888888888889 0.028125 0.037037037037037035
0 0.5963541666666666 0.13703703703703704 0.040625 0.05555555555555555
0 0.5666666666666667 0.07962962962962963 0.029166666666666667 0.044444444444444446
0 0.7625 0.1175925925925926 0.04791666666666667 0.06111111111111111
0 0.9114583333333334 0.1814814814814815 0.07291666666666667 0.08518518518518518
0 0.5953125 0.041666666666666664 0.023958333333333335 0.03518518518518519
0 0.5494791666666666 0.04351851851851852 0.021875 0.03518518518518519
0 0.9578125 0.4759259259259259 0.084375 0.16666666666666666
1 0.43125 0.6509259259259259 0.2625 0.6981481481481482
