0 0.2015625 0.7407407407407407 0.12395833333333334 0.2074074074074074
0 0.6333333333333333 0.1935185185185185 0.03333333333333333 0.05
2 0.678125 0.1824074074074074 0.03125 0.06111111111111111
2 0.64375 0.25 0.03958333333333333 0.07777777777777778
0 0.46197916666666666 0.43703703703703706 0.065625 0.1111111111111111
0 0.384375 0.35648148148148145 0.04791666666666667 0.07962962962962963
0 0.7697916666666667 0.2351851851851852 0.03958333333333333 0.05555555555555555
2 0.35104166666666664 0.27037037037037037 0.04583333333333333 0.08518518518518518
0 0.6677083333333333 0.3888888888888889 0.058333333333333334 0.08518518518518518
2 0.75 0.3277777777777778 0.06041666666666667 0.0962962962962963
2 0.45364583333333336 0.21944444444444444 0.030208333333333334 0.06111111111111111
2 0.41875 0.18981481481481483 0.025 0.046296296296296294
0 0.3796875 0.1814814814814815 0.026041666666666668 0.040740740740740744
