0 0.6895833333333333 0.18425925925925926 0.029166666666666667 0.046296296296296294
0 0.25052083333333336 0.42314814814814816 0.06979166666666667 0.09814814814814815
0 0.64375 0.225 0.03333333333333333 0.05
0 0.7072916666666667 0.24166666666666667 0.041666666666666664 0.05740740740740741
0 0.7640625 0.2222222222222222 0.036458333333333336 0.04814814814814815
0 0.36614583333333334 0.41574074074074074 0.06770833333333333 0.11666666666666667
0 0.46145833333333336 0.4212962962962963 0.0625 0.10925925925925926
0 0.3802083333333333 0.26851851851851855 0.041666666666666664 0.05555555555555555
0 0.7854166666666667 0.18611111111111112 0.03125 0.04259259259259259
0 0.41822916666666665 0.32037037037037036 0.046875 0.07037037037037037
2 0.6890625 0.425 0.059375 0.11666666666666667
0 0.8104166666666667 0.42777777777777776 0.07291666666666667 0.0962962962962963
0 0.8458333333333333 0.33425925925925926 0.058333333333333334 0.07962962962962963
2 0.4609375 0.20555555555555555 0.03854166666666667 0.08888888888888889
0 0.8880208333333334 0.6055555555555555 0.10520833333333333 0.14074074074074075
0 0.9463541666666667 0.3388888888888889 0.06979166666666667 0.08148148148148149
0 0.5135416666666667 0.22777777777777777 0.035416666666666666 0.05925925925925926
