0 0.6239583333333333 0.1685185185185185 0.029166666666666667 0.04814814814814815
0 0.7432291666666667 0.1935185185185185 0.034375 0.05
0 0.70625 0.23796296296296296 0.041666666666666664 0.05740740740740741
0 0.43854166666666666 0.48333333333333334 0.075 0.12222222222222222
2 0.6625 0.29444444444444445 0.05 0.09259259259259259
0 0.29583333333333334 0.33055555555555555 0.0625 0.10925925925925926
0 0.23489583333333333 0.31851851851851853 0.057291666666666664 0.07777777777777778
2 0.39114583333333336 0.30462962962962964 0.053125 0.11666666666666667
0 0.8317708333333333 0.3 0.053125 0.07037037037037037
0 0.36666666666666664 0.2462962962962963 0.04375 0.07037037037037037
0 0.35104166666666664 0.19166666666666668 0.03333333333333333 0.05
