0 0.07604166666666666 0.8842592592592593 0.15 0.23148148148148148
0 0.5604166666666667 0.8657407407407407 0.15833333333333333 0.26851851851851855
0 0.4114583333333333 0.15648148148148147 0.05416666666666667 0.07962962962962963
0 0.5822916666666667 0.1925925925925926 0.05625 0.0962962962962963
0 0.7604166666666666 0.014814814814814815 0.04375 0.025925925925925925
0 0.6859375 0.18981481481481483 0.057291666666666664 0.10185185185185185
0 0.5369791666666667 0.08148148148148149 0.042708333333333334 0.06296296296296296
0 0.8588541666666667 0.1527777777777778 0.07395833333333333 0.08333333333333333
0 0.5859375 0.02962962962962963 0.036458333333333336 0.05555555555555555
0 0.6552083333333333 0.028703703703703703 0.035416666666666666 0.053703703703703705
0 0.5286458333333334 0.012962962962962963 0.030208333333333334 0.022222222222222223
0 0.9755208333333333 0.15 0.04895833333333333 0.08888888888888889
