0 0.9489583333333333 0.1685185185185185 0.029166666666666667 0.044444444444444446
0 0.421875 0.3925925925925926 0.10625 0.11481481481481481
2 0.425 0.2962962962962963 0.0875 0.1111111111111111
0 0.7135416666666666 0.2601851851851852 0.05625 0.07592592592592592
0 0.7921875 0.2824074074074074 0.051041666666666666 0.07592592592592592
2 0.44479166666666664 0.23703703703703705 0.05416666666666667 0.06296296296296296
2 0.3515625 0.2722222222222222 0.07604166666666666 0.0962962962962963
2 0.6005208333333333 0.21851851851851853 0.042708333333333334 0.07407407407407407
0 0.5588541666666667 0.2037037037037037 0.042708333333333334 0.05185185185185185
0 0.6416666666666667 0.6 0.125 0.18518518518518517
