1 0.9473958333333333 0.2518518518518518 0.10520833333333333 0.2777777777777778
0 0.8973958333333333 0.19814814814814816 0.065625 0.0962962962962963
0 0.19947916666666668 0.3925925925925926 0.08854166666666667 0.08148148148148149
0 0.16197916666666667 0.4962962962962963 0.11354166666666667 0.1
2 0.3770833333333333 0.35648148148148145 0.07916666666666666 0.07962962962962963
0 0.6427083333333333 0.42777777777777776 0.13541666666666666 0.12962962962962962
0 0.696875 0.225 0.058333333333333334 0.05740740740740741
0 0.7067708333333333 0.5194444444444445 0.134375 0.13148148148148148
0 0.5953125 0.21203703703703702 0.053125 0.05740740740740741
0 0.23802083333333332 0.9101851851851852 0.27395833333333336 0.17962962962962964
