0 0.09479166666666666 0.4148148148148148 0.11875 0.10740740740740741
0 0.171875 0.412962962962963 0.11666666666666667 0.14074074074074075
0 0.8229166666666666 0.18425925925925926 0.0375 0.05740740740740741
2 0.23697916666666666 0.41944444444444445 0.14270833333333333 0.18333333333333332
0 0.5479166666666667 0.25092592592592594 0.06458333333333334 0.07962962962962963
0 0.7276041666666667 0.3537037037037037 0.078125 0.1111111111111111
0 0.8635416666666667 0.33425925925925926 0.05416666666666667 0.10185185185185185
2 0.5515625 0.43333333333333335 0.121875 0.17037037037037037
2 0.4395833333333333 0.2212962962962963 0.07291666666666667 0.09444444444444444
2 0.5125 0.21666666666666667 0.05625 0.08148148148148149
0 0.5192708333333333 0.15555555555555556 0.04479166666666667 0.04814814814814815
0 0.6598958333333333 0.15092592592592594 0.040625 0.05
