2 0.94375 0.10092592592592593 0.07291666666666667 0.10185185185185185
0 0.9807291666666667 0.15462962962962962 0.03854166666666667 0.10925925925925926
0 0.04739583333333333 0.4564814814814815 0.09270833333333334 0.13518518518518519
0 0.07916666666666666 0.3453703703703704 0.12083333333333333 0.10555555555555556
0 0.34739583333333335 0.28055555555555556 0.13645833333333332 0.11666666666666667
0 0.7140625 0.44166666666666665 0.16770833333333332 0.1648148148148148
0 0.490625 0.26666666666666666 0.13333333333333333 0.11481481481481481
0 0.7739583333333333 0.6203703703703703 0.20625 0.24074074074074073
0 0.22604166666666667 0.674074074074074 0.225 0.21481481481481482
0 0.6385416666666667 0.13796296296296295 0.09791666666666667 0.09814814814814815
