1 0.9005208333333333 0.2101851851851852 0.059375 0.13148148148148148
3 0.8265625 0.22777777777777777 0.06354166666666666 0.12222222222222222
0 0.7645833333333333 0.2361111111111111 0.03958333333333333 0.05740740740740741
0 0.0953125 0.6824074074074075 0.15729166666666666 0.25
2 0.15885416666666666 0.43425925925925923 0.109375 0.12407407407407407
0 0.27760416666666665 0.45092592592592595 0.103125 0.12407407407407407
0 0.6973958333333333 0.4888888888888889 0.09479166666666666 0.12962962962962962
0 0.8421875 0.5074074074074074 0.07395833333333333 0.11481481481481481
0 0.9682291666666667 0.49074074074074076 0.06354166666666666 0.11481481481481481
0 0.5567708333333333 0.5268518518518519 0.11145833333333334 0.12777777777777777
0 0.5213541666666667 0.2861111111111111 0.059375 0.06481481481481481
0 0.5515625 0.22592592592592592 0.051041666666666666 0.05555555555555555
