0 0.4270833333333333 0.6194444444444445 0.12708333333333333 0.20185185185185187
0 0.7739583333333333 0.15092592592592594 0.03333333333333333 0.05
0 0.5411458333333333 0.3648148148148148 0.07395833333333333 0.1111111111111111
0 0.6703125 0.7361111111111112 0.115625 0.2537037037037037
0 0.5401041666666667 0.28425925925925927 0.057291666666666664 0.07962962962962963
0 0.6614583333333334 0.3351851851851852 0.0625 0.11851851851851852
0 0.5932291666666667 0.21481481481481482 0.040625 0.05925925925925926
0 0.6067708333333334 0.16203703703703703 0.03229166666666667 0.046296296296296294
0 0.9255208333333333 0.4101851851851852 0.09479166666666666 0.12407407407407407
1 0.49270833333333336 0.19074074074074074 0.12291666666666666 0.14444444444444443
