1 0.059375 0.36018518518518516 0.11666666666666667 0.20925925925925926
2 0.30364583333333334 0.3194444444444444 0.16145833333333334 0.12407407407407407
2 0.1375 0.4648148148148148 0.20625 0.17037037037037037
2 0.5604166666666667 0.31203703703703706 0.14791666666666667 0.11296296296296296
0 0.7145833333333333 0.2638888888888889 0.11458333333333333 0.08703703703703704
0 0.6708333333333333 0.4101851851851852 0.17708333333333334 0.1425925925925926
0 0.671875 0.6620370370370371 0.25416666666666665 0.19444444444444445
0 0.7557291666666667 0.30648148148148147 0.17395833333333333 0.15
0 0.7130208333333333 0.85 0.290625 0.26296296296296295
0 0.9145833333333333 0.27685185185185185 0.11458333333333333 0.09814814814814815
