0 0.3416666666666667 0.19444444444444445 0.06875 0.12962962962962962
1 0.903125 0.20277777777777778 0.19375 0.40185185185185185
0 0.30104166666666665 0.11574074074074074 0.08125 0.10925925925925926
2 0.3015625 0.55 0.171875 0.35185185185185186
0 0.36875 0.03518518518518519 0.04791666666666667 0.06666666666666667
0 0.403125 0.12129629629629629 0.06875 0.10185185185185185
0 0.4869791666666667 0.19814814814814816 0.078125 0.13333333333333333
2 0.7114583333333333 0.10277777777777777 0.06458333333333334 0.11296296296296296
0 0.6130208333333333 0.06296296296296296 0.05520833333333333 0.07407407407407407
0 0.5057291666666667 0.05740740740740741 0.05520833333333333 0.09259259259259259
3 0.4635416666666667 0.013888888888888888 0.05 0.024074074074074074
0 0.3223958333333333 0.013888888888888888 0.071875 0.024074074074074074
0 0.9052083333333333 0.674074074074074 0.18958333333333333 0.3148148148148148
1 0.9927083333333333 0.387037037037037 0.014583333333333334 0.14444444444444443
