0 0.4546875 0.49907407407407406 0.13229166666666667 0.1648148148148148
0 0.5203125 0.39351851851851855 0.11354166666666667 0.13148148148148148
0 0.3463541666666667 0.12777777777777777 0.04479166666666667 0.04814814814814815
0 0.13072916666666667 0.5092592592592593 0.084375 0.16666666666666666
0 0.6213541666666667 0.14166666666666666 0.059375 0.06111111111111111
0 0.13385416666666666 0.24814814814814815 0.051041666666666666 0.08888888888888889
2 0.2786458333333333 0.25277777777777777 0.06770833333333333 0.11296296296296296
0 0.6588541666666666 0.175 0.06770833333333333 0.06481481481481481
0 0.6442708333333333 0.22777777777777777 0.090625 0.08518518518518518
0 0.8921875 0.27037037037037037 0.109375 0.08888888888888889
0 0.8234375 0.3638888888888889 0.11770833333333333 0.09444444444444444
