0 0.696875 0.7620370370370371 0.14791666666666667 0.3055555555555556
0 0.7395833333333334 0.03425925925925926 0.029166666666666667 0.03888888888888889
0 0.6328125 0.3990740740740741 0.08854166666666667 0.14629629629629629
0 0.7739583333333333 0.028703703703703703 0.027083333333333334 0.03518518518518519
0 0.7619791666666667 0.05648148148148148 0.03229166666666667 0.046296296296296294
2 0.625 0.24537037037037038 0.052083333333333336 0.11666666666666667
0 0.7848958333333333 0.07407407407407407 0.03229166666666667 0.04814814814814815
0 0.6244791666666667 0.16203703703703703 0.042708333333333334 0.05740740740740741
0 0.8322916666666667 0.07037037037037037 0.041666666666666664 0.04814814814814815
0 0.7291666666666666 0.08148148148148149 0.0375 0.05185185185185185
0 0.5354166666666667 0.08611111111111111 0.03125 0.053703703703703705
2 0.5973958333333333 0.08425925925925926 0.036458333333333336 0.07222222222222222
0 0.6838541666666667 0.14166666666666666 0.04479166666666667 0.07222222222222222
2 0.859375 0.13703703703703704 0.06041666666666667 0.08888888888888889
0 0.5166666666666667 0.2111111111111111 0.06458333333333334 0.07407407407407407
0 0.5734375 0.06111111111111111 0.023958333333333335 0.05185185185185185
0 0.9536458333333333 0.23333333333333334 0.09270833333333334 0.0962962962962963
0 0.6411458333333333 0.049074074074074076 0.03229166666666667 0.053703703703703705
1 0.46197916666666666 0.4675925925925926 0.171875 0.4759259259259259
