0 0.7463541666666667 0.09259259259259259 0.026041666666666668 0.037037037037037035
0 0.8328125 0.16111111111111112 0.04479166666666667 0.05555555555555555
0 0.8510416666666667 0.7703703703703704 0.15833333333333333 0.2740740740740741
0 0.6026041666666667 0.33611111111111114 0.06354166666666666 0.12037037037037036
0 0.5046875 0.3296296296296296 0.059375 0.11481481481481481
0 0.7083333333333334 0.325 0.06458333333333334 0.10925925925925926
2 0.5807291666666666 0.17777777777777778 0.036458333333333336 0.08148148148148149
2 0.58125 0.1175925925925926 0.022916666666666665 0.05740740740740741
1 0.7739583333333333 0.08425925925925926 0.0625 0.11666666666666667
1 0.975 0.2388888888888889 0.05 0.17407407407407408
