0 0.49583333333333335 0.11574074074074074 0.0375 0.05740740740740741
0 0.6005208333333333 0.2935185185185185 0.06145833333333333 0.11296296296296296
0 0.696875 0.062037037037037036 0.029166666666666667 0.03888888888888889
0 0.5578125 0.21388888888888888 0.04479166666666667 0.07592592592592592
0 0.7401041666666667 0.3648148148148148 0.08854166666666667 0.13333333333333333
0 0.6864583333333333 0.08148148148148149 0.027083333333333334 0.037037037037037035
0 0.7369791666666666 0.06481481481481481 0.028125 0.044444444444444446
2 0.65625 0.15925925925925927 0.05416666666666667 0.1037037037037037
0 0.7015625 0.11018518518518519 0.036458333333333336 0.05740740740740741
0 0.7776041666666667 0.12314814814814815 0.04895833333333333 0.06851851851851852
0 0.5744791666666667 0.09259259259259259 0.030208333333333334 0.05185185185185185
0 0.7890625 0.2222222222222222 0.059375 0.08148148148148149
0 0.9119791666666667 0.2537037037037037 0.08229166666666667 0.10740740740740741
