0 0.309375 0.22037037037037038 0.04791666666666667 0.07407407407407407
1 0.09895833333333333 0.5898148148148148 0.19583333333333333 0.5574074074074075
1 0.9145833333333333 0.5462962962962963 0.17083333333333334 0.5222222222222223
0 0.265625 0.2962962962962963 0.08333333333333333 0.08888888888888889
0 0.4114583333333333 0.4462962962962963 0.08541666666666667 0.15185185185185185
0 0.39479166666666665 0.21666666666666667 0.041666666666666664 0.07407407407407407
0 0.41041666666666665 0.24444444444444444 0.04583333333333333 0.09259259259259259
0 0.3807291666666667 0.3425925925925926 0.07395833333333333 0.1111111111111111
0 0.425 0.18333333333333332 0.03958333333333333 0.06666666666666667
0 0.44635416666666666 0.14537037037037037 0.03229166666666667 0.046296296296296294
