0 0.5260416666666666 0.22314814814814815 0.058333333333333334 0.08333333333333333
2 0.6239583333333333 0.3925925925925926 0.1 0.2074074074074074
0 0.5947916666666667 0.28425925925925927 0.06041666666666667 0.10925925925925926
0 0.6692708333333334 0.21481481481481482 0.065625 0.1
1 0.5072916666666667 0.06666666666666667 0.04791666666666667 0.12962962962962962
0 0.5703125 0.09722222222222222 0.030208333333333334 0.05740740740740741
0 0.6380208333333334 0.13333333333333333 0.042708333333333334 0.06666666666666667
0 0.7171875 0.11203703703703703 0.046875 0.07222222222222222
0 0.6078125 0.0787037037037037 0.03229166666666667 0.046296296296296294
2 0.60625 0.046296296296296294 0.027083333333333334 0.044444444444444446
1 0.4505208333333333 0.4685185185185185 0.171875 0.5074074074074074
