0 0.29375 0.5564814814814815 0.09166666666666666 0.07962962962962963
1 0.09375 0.575925925925926 0.18541666666666667 0.15925925925925927
1 0.15625 0.7138888888888889 0.3104166666666667 0.26851851851851855
0 0.23229166666666667 0.6083333333333333 0.06875 0.07222222222222222
0 0.08125 0.8444444444444444 0.16041666666666668 0.14814814814814814
0 0.246875 0.7731481481481481 0.1375 0.12777777777777777
0 0.275 0.9407407407407408 0.18958333333333333 0.11851851851851852
0 0.5119791666666667 0.6648148148148149 0.103125 0.09259259259259259
0 0.43697916666666664 0.812962962962963 0.14479166666666668 0.12962962962962962
0 0.6109375 0.6046296296296296 0.090625 0.08703703703703704
0 0.7447916666666666 0.5481481481481482 0.08958333333333333 0.07407407407407407
