0 0.63125 0.2 0.027083333333333334 0.040740740740740744
2 0.7 0.21203703703703702 0.03125 0.06481481481481481
0 0.2046875 0.4824074074074074 0.078125 0.11666666666666667
0 0.6598958333333333 0.27685185185185185 0.040625 0.06481481481481481
0 0.7901041666666667 0.2074074074074074 0.034375 0.05555555555555555
2 0.4515625 0.40185185185185185 0.053125 0.12962962962962962
0 0.38645833333333335 0.3648148148148148 0.06041666666666667 0.09259259259259259
0 0.7552083333333334 0.3194444444444444 0.052083333333333336 0.07592592592592592
0 0.6677083333333333 0.3824074074074074 0.058333333333333334 0.09444444444444444
0 0.8203125 0.3055555555555556 0.04895833333333333 0.06666666666666667
2 0.4390625 0.24074074074074073 0.036458333333333336 0.07777777777777778
0 0.7208333333333333 0.5768518518518518 0.07916666666666666 0.1388888888888889
0 0.8567708333333334 0.5666666666666667 0.10729166666666666 0.15925925925925927
2 0.9567708333333333 0.4861111111111111 0.08645833333333333 0.1425925925925926
2 0.521875 0.17962962962962964 0.022916666666666665 0.05185185185185185
2 0.3880208333333333 0.1712962962962963 0.023958333333333335 0.05
