0 0.29270833333333335 0.5037037037037037 0.14791666666666667 0.16666666666666666
2 0.334375 0.3592592592592593 0.10833333333333334 0.13703703703703704
0 0.7447916666666666 0.21666666666666667 0.04791666666666667 0.07037037037037037
0 0.8135416666666667 0.2324074074074074 0.041666666666666664 0.06111111111111111
2 0.3765625 0.2777777777777778 0.059375 0.07407407407407407
2 0.24010416666666667 0.33425925925925926 0.096875 0.10555555555555556
2 0.553125 0.25833333333333336 0.052083333333333336 0.08703703703703704
0 0.5140625 0.23703703703703705 0.053125 0.05925925925925926
0 0.7182291666666667 0.4361111111111111 0.084375 0.12407407407407407
0 0.9619791666666667 0.8064814814814815 0.07604166666666666 0.2351851851851852
0 0.2916666666666667 0.8064814814814815 0.19583333333333333 0.2833333333333333
0 0.5890625 0.16111111111111112 0.034375 0.04814814814814815
