0 0.7145833333333333 0.1935185185185185 0.04791666666666667 0.06851851851851852
2 0.6734375 0.28425925925925927 0.046875 0.10925925925925926
0 0.8161458333333333 0.23796296296296296 0.05520833333333333 0.07962962962962963
0 0.7848958333333333 0.35648148148148145 0.06145833333333333 0.09814814814814815
0 0.8427083333333333 0.1824074074074074 0.05416666666666667 0.06481481481481481
0 0.29322916666666665 0.28703703703703703 0.059375 0.08148148148148149
0 0.7239583333333334 0.5203703703703704 0.07708333333333334 0.1259259259259259
0 0.40989583333333335 0.24814814814814815 0.042708333333333334 0.07037037037037037
0 0.49635416666666665 0.19722222222222222 0.03229166666666667 0.05740740740740741
0 0.959375 0.45740740740740743 0.08125 0.1259259259259259
