0 0.5067708333333333 0.18333333333333332 0.040625 0.07037037037037037
0 0.6119791666666666 0.3592592592592593 0.07604166666666666 0.13333333333333333
2 0.5390625 0.24351851851851852 0.071875 0.13518518518518519
0 0.58125 0.20092592592592592 0.05416666666666667 0.09074074074074075
0 0.6520833333333333 0.03981481481481482 0.029166666666666667 0.04259259259259259
0 0.6770833333333334 0.23796296296296296 0.07291666666666667 0.11666666666666667
0 0.703125 0.058333333333333334 0.035416666666666666 0.05
0 0.5880208333333333 0.0962962962962963 0.040625 0.06296296296296296
1 0.5151041666666667 0.05185185185185185 0.040625 0.1
0 0.7869791666666667 0.10740740740740741 0.04895833333333333 0.06666666666666667
0 0.5552083333333333 0.04814814814814815 0.025 0.040740740740740744
0 0.6036458333333333 0.05277777777777778 0.030208333333333334 0.04259259259259259
0 0.946875 0.41759259259259257 0.10625 0.17962962962962964
1 0.453125 0.47129629629629627 0.17083333333333334 0.512962962962963
