0 0.6848958333333334 0.19444444444444445 0.03229166666666667 0.05185185185185185
2 0.7385416666666667 0.1712962962962963 0.029166666666666667 0.053703703703703705
0 0.6515625 0.2388888888888889 0.034375 0.05925925925925926
0 0.30520833333333336 0.5314814814814814 0.09583333333333334 0.14814814814814814
0 0.14479166666666668 0.5638888888888889 0.10416666666666667 0.1388888888888889
0 0.24791666666666667 0.425 0.075 0.10925925925925926
0 0.2453125 0.3148148148148148 0.05520833333333333 0.07407407407407407
0 0.6791666666666667 0.33611111111111114 0.05 0.08333333333333333
0 0.7947916666666667 0.26481481481481484 0.05 0.06666666666666667
0 0.790625 0.3925925925925926 0.0625 0.0962962962962963
0 0.6817708333333333 0.4462962962962963 0.06145833333333333 0.1
0 0.36666666666666664 0.25555555555555554 0.041666666666666664 0.07037037037037037
0 0.9119791666666667 0.287962962962963 0.059375 0.08333333333333333
0 0.9114583333333334 0.42407407407407405 0.08125 0.1
0 0.7447916666666666 0.6953703703703704 0.10625 0.1648148148148148
0 0.9244791666666666 0.6601851851851852 0.11979166666666667 0.1574074074074074
0 0.47239583333333335 0.1962962962962963 0.028125 0.044444444444444446
0 0.3729166666666667 0.17962962962962964 0.027083333333333334 0.040740740740740744
