0 0.3328125 0.22777777777777777 0.04895833333333333 0.07037037037037037
0 0.6755208333333333 0.1111111111111111 0.030208333333333334 0.044444444444444446
0 0.49375 0.2518518518518518 0.05625 0.10740740740740741
0 0.58125 0.11851851851851852 0.029166666666666667 0.04814814814814815
2 0.4078125 0.2175925925925926 0.053125 0.12037037037037036
0 0.6567708333333333 0.16574074074074074 0.040625 0.06851851851851852
0 0.5869791666666667 0.14814814814814814 0.034375 0.05555555555555555
0 0.47760416666666666 0.44166666666666665 0.08020833333333334 0.1574074074074074
0 0.7255208333333333 0.25277777777777777 0.06145833333333333 0.07592592592592592
0 0.740625 0.3212962962962963 0.08125 0.12037037037037036
0 0.4708333333333333 0.15925925925925927 0.0375 0.05555555555555555
0 0.4276041666666667 0.14814814814814814 0.03229166666666667 0.04814814814814815
0 0.5197916666666667 0.11666666666666667 0.025 0.040740740740740744
0 0.8322916666666667 0.5324074074074074 0.12083333333333333 0.17592592592592593
0 0.4625 0.09722222222222222 0.022916666666666665 0.03518518518518519
0 0.5 0.07777777777777778 0.020833333333333332 0.03333333333333333
0 0.5328125 0.08333333333333333 0.021875 0.02962962962962963
1 0.7411458333333333 0.1537037037037037 0.08645833333333333 0.13703703703703704
1 0.6302083333333334 0.10277777777777777 0.04791666666666667 0.10925925925925926
