0 0.8010416666666667 0.15555555555555556 0.03333333333333333 0.05185185185185185
0 0.7520833333333333 0.1685185185185185 0.03958333333333333 0.05555555555555555
0 0.6630208333333333 0.9148148148148149 0.15729166666666666 0.17037037037037037
0 0.5479166666666667 0.562037037037037 0.10625 0.17962962962962964
0 0.5546875 0.3962962962962963 0.06770833333333333 0.12222222222222222
0 0.6 0.26666666666666666 0.04583333333333333 0.08148148148148149
0 0.5890625 0.21574074074074073 0.03854166666666667 0.06851851851851852
0 0.9359375 0.2601851851851852 0.057291666666666664 0.07222222222222222
0 0.6036458333333333 0.1425925925925926 0.030208333333333334 0.04814814814814815
0 0.571875 0.10740740740740741 0.025 0.044444444444444446
1 0.7744791666666667 0.09814814814814815 0.06354166666666666 0.0962962962962963
1 0.875 0.1527777777777778 0.10625 0.17962962962962964
