0 0.9359375 0.35648148148148145 0.128125 0.11296296296296296
0 0.725 0.2759259259259259 0.11041666666666666 0.1037037037037037
2 0.6182291666666667 0.2351851851851852 0.096875 0.08888888888888889
0 0.5125 0.21203703703703702 0.07083333333333333 0.06851851851851852
0 0.4427083333333333 0.1925925925925926 0.05625 0.06296296296296296
0 0.7885416666666667 0.9046296296296297 0.2520833333333333 0.19074074074074074
0 0.503125 0.2462962962962963 0.07083333333333333 0.07407407407407407
2 0.8177083333333334 0.7055555555555556 0.2708333333333333 0.32592592592592595
0 0.5838541666666667 0.5453703703703704 0.15729166666666666 0.1685185185185185
1 0.3885416666666667 0.27685185185185185 0.18333333333333332 0.20555555555555555
0 0.946875 0.5120370370370371 0.10625 0.17222222222222222
0 0.6395833333333333 0.4666666666666667 0.16666666666666666 0.14444444444444443
0 0.428125 0.4305555555555556 0.1125 0.12407407407407407
2 0.8244791666666667 0.5305555555555556 0.17604166666666668 0.20185185185185187
0 0.9609375 0.6805555555555556 0.078125 0.1537037037037037
0 0.7671875 0.4212962962962963 0.15520833333333334 0.12407407407407407
0 0.6223958333333334 0.34814814814814815 0.12395833333333334 0.1037037037037037
0 0.28958333333333336 0.3111111111111111 0.06666666666666667 0.0962962962962963
0 0.35260416666666666 0.36944444444444446 0.07604166666666666 0.09444444444444444
0 0.509375 0.2935185185185185 0.08125 0.10555555555555556
0 0.29583333333333334 0.2518518518518518 0.04791666666666667 0.05925925925925926
0 0.2520833333333333 0.23055555555555557 0.041666666666666664 0.053703703703703705
0 0.24427083333333333 0.28055555555555556 0.04479166666666667 0.06851851851851852
