0 0.48020833333333335 0.12685185185185185 0.03333333333333333 0.06851851851851852
2 0.6005208333333333 0.2675925925925926 0.057291666666666664 0.09444444444444444
0 0.5817708333333333 0.16944444444444445 0.042708333333333334 0.07222222222222222
0 0.7598958333333333 0.43425925925925923 0.09895833333333333 0.1685185185185185
0 0.6822916666666666 0.22870370370370371 0.06875 0.11666666666666667
0 0.7583333333333333 0.08333333333333333 0.041666666666666664 0.05555555555555555
0 0.5666666666666667 0.12777777777777777 0.035416666666666666 0.05185185185185185
0 0.5609375 0.08425925925925926 0.030208333333333334 0.046296296296296294
0 0.5984375 0.06018518518518518 0.030208333333333334 0.03888888888888889
2 0.4796875 0.13796296296296295 0.059375 0.07592592592592592
1 0.478125 0.3 0.11458333333333333 0.3037037037037037
