0 0.34739583333333335 0.15648148148148147 0.06145833333333333 0.10555555555555556
1 0.9046875 0.21388888888888888 0.190625 0.42407407407407405
0 0.08958333333333333 0.7842592592592592 0.17708333333333334 0.387037037037037
0 0.3359375 0.07685185185185185 0.071875 0.09444444444444444
2 0.4140625 0.2351851851851852 0.09479166666666666 0.17407407407407408
0 0.37135416666666665 0.026851851851851852 0.046875 0.05
0 0.37916666666666665 0.9453703703703704 0.1625 0.10925925925925926
0 0.4239583333333333 0.08333333333333333 0.058333333333333334 0.08518518518518518
0 0.50625 0.09444444444444444 0.058333333333333334 0.1037037037037037
2 0.7885416666666667 0.2898148148148148 0.10833333333333334 0.18703703703703703
0 0.6494791666666667 0.33240740740740743 0.10104166666666667 0.16111111111111112
0 0.5130208333333334 0.027777777777777776 0.046875 0.05185185185185185
