0 0.34739583333333335 0.7555555555555555 0.12395833333333334 0.21481481481481482
2 0.2125 0.6444444444444445 0.15416666666666667 0.31851851851851853
2 0.28802083333333334 0.3453703703703704 0.051041666666666666 0.09074074074074075
2 0.3255208333333333 0.45185185185185184 0.06979166666666667 0.14074074074074075
0 0.4630208333333333 0.387037037037037 0.059375 0.1
0 0.37135416666666665 0.35555555555555557 0.051041666666666666 0.08148148148148149
0 0.36770833333333336 0.25 0.041666666666666664 0.06666666666666667
0 0.3015625 0.2462962962962963 0.042708333333333334 0.07037037037037037
2 0.6708333333333333 0.3638888888888889 0.058333333333333334 0.12037037037037036
0 0.5046875 0.24722222222222223 0.03854166666666667 0.06111111111111111
0 0.4421875 0.2490740740740741 0.036458333333333336 0.05740740740740741
0 0.3963541666666667 0.2 0.03229166666666667 0.044444444444444446
0 0.846875 0.5148148148148148 0.08958333333333333 0.12222222222222222
0 0.909375 0.42777777777777776 0.08541666666666667 0.10740740740740741
0 0.51875 0.17962962962962964 0.03125 0.05185185185185185
2 0.8588541666666667 0.8703703703703703 0.16145833333333334 0.25925925925925924
