0 0.6119791666666666 0.687037037037037 0.178125 0.2222222222222222
0 0.7708333333333334 0.5935185185185186 0.1875 0.20925925925925926
0 0.4354166666666667 0.10555555555555556 0.04583333333333333 0.05555555555555555
0 0.3177083333333333 0.33240740740740743 0.08333333333333333 0.12037037037037036
0 0.3776041666666667 0.2777777777777778 0.07395833333333333 0.09259259259259259
0 0.07291666666666667 0.3416666666666667 0.058333333333333334 0.10185185185185185
0 0.1890625 0.32314814814814813 0.06354166666666666 0.10185185185185185
0 0.5421875 0.15925925925925927 0.06770833333333333 0.07407407407407407
0 0.5822916666666667 0.25277777777777777 0.07083333333333333 0.06851851851851852
0 0.7036458333333333 0.175 0.06770833333333333 0.06481481481481481
0 0.06041666666666667 0.2064814814814815 0.03958333333333333 0.06111111111111111
0 0.2421875 0.16574074074074074 0.042708333333333334 0.06111111111111111
