1 0.07083333333333333 0.41574074074074074 0.13958333333333334 0.2796296296296296
1 0.47552083333333334 0.2324074074074074 0.234375 0.18703703703703703
2 0.5677083333333334 0.8481481481481481 0.25625 0.3037037037037037
0 0.8286458333333333 0.8555555555555555 0.284375 0.28888888888888886
0 0.2421875 0.21388888888888888 0.042708333333333334 0.05
0 0.28802083333333334 0.387037037037037 0.08645833333333333 0.1111111111111111
0 0.26145833333333335 0.2537037037037037 0.05416666666666667 0.06296296296296296
0 0.38958333333333334 0.27685185185185185 0.07916666666666666 0.07222222222222222
0 0.1453125 0.33796296296296297 0.057291666666666664 0.08333333333333333
0 0.15989583333333332 0.26851851851851855 0.046875 0.05925925925925926
