0 0.40989583333333335 0.5888888888888889 0.140625 0.1925925925925926
0 0.203125 0.05740740740740741 0.03125 0.03333333333333333
0 0.25052083333333336 0.05555555555555555 0.028125 0.03333333333333333
0 0.2942708333333333 0.05555555555555555 0.030208333333333334 0.037037037037037035
0 0.29583333333333334 0.03425925925925926 0.029166666666666667 0.03148148148148148
1 0.2640625 0.262037037037037 0.159375 0.25
0 0.5036458333333333 0.3972222222222222 0.11354166666666667 0.12777777777777777
2 0.36770833333333336 0.07962962962962963 0.041666666666666664 0.05185185185185185
0 0.1796875 0.549074074074074 0.103125 0.17592592592592593
0 0.31197916666666664 0.1111111111111111 0.040625 0.044444444444444446
0 0.3489583333333333 0.1 0.04375 0.05185185185185185
0 0.45989583333333334 0.15092592592592594 0.059375 0.06481481481481481
0 0.553125 0.15092592592592594 0.06041666666666667 0.06481481481481481
0 0.6395833333333333 0.18703703703703703 0.075 0.07037037037037037
0 0.11041666666666666 0.12962962962962962 0.035416666666666666 0.05185185185185185
0 0.16979166666666667 0.11851851851851852 0.0375 0.05185185185185185
0 0.051041666666666666 0.14074074074074075 0.035416666666666666 0.05555555555555555
0 0.6229166666666667 0.14722222222222223 0.06875 0.05740740740740741
0 0.10989583333333333 0.06851851851851852 0.03229166666666667 0.04814814814814815
0 0.75625 0.34814814814814815 0.12708333333333333 0.1
0 0.8713541666666667 0.3277777777777778 0.121875 0.10740740740740741
