0 0.7854166666666667 0.23796296296296296 0.05625 0.08333333333333333
0 0.6895833333333333 0.27314814814814814 0.06875 0.08703703703703704
0 0.8557291666666667 0.42962962962962964 0.078125 0.13333333333333333
0 0.96875 0.5009259259259259 0.0625 0.1574074074074074
0 0.5411458333333333 0.4824074074074074 0.13645833333333332 0.17962962962962964
0 0.1703125 0.39537037037037037 0.12604166666666666 0.12407407407407407
0 0.17864583333333334 0.45925925925925926 0.153125 0.15185185185185185
0 0.2125 0.5259259259259259 0.14583333333333334 0.18518518518518517
0 0.21875 0.29444444444444445 0.08958333333333333 0.0962962962962963
0 0.4552083333333333 0.19537037037037036 0.06875 0.06851851851851852
