0 0.7359375 0.037037037037037035 0.030208333333333334 0.040740740740740744
0 0.9119791666666667 0.6962962962962963 0.17604166666666668 0.26296296296296295
0 0.6463541666666667 0.3537037037037037 0.07604166666666666 0.13333333333333333
0 0.7614583333333333 0.053703703703703705 0.03333333333333333 0.04814814814814815
0 0.6052083333333333 0.2361111111111111 0.05625 0.09074074074074075
0 0.7723958333333333 0.3907407407407407 0.08645833333333333 0.14444444444444443
0 0.8182291666666667 0.062037037037037036 0.036458333333333336 0.046296296296296294
0 0.79375 0.08981481481481482 0.03958333333333333 0.05
2 0.6119791666666666 0.15648148148148147 0.03854166666666667 0.07962962962962963
0 0.825 0.11574074074074074 0.041666666666666664 0.05740740740740741
0 0.60625 0.10277777777777777 0.03333333333333333 0.046296296296296294
0 0.903125 0.1388888888888889 0.052083333333333336 0.06296296296296296
0 0.8078125 0.17685185185185184 0.057291666666666664 0.07962962962962963
0 0.540625 0.06018518518518518 0.027083333333333334 0.046296296296296294
2 0.5916666666666667 0.05462962962962963 0.029166666666666667 0.05740740740740741
0 0.6473958333333333 0.06574074074074074 0.030208333333333334 0.05
2 0.9609375 0.2361111111111111 0.078125 0.12407407407407407
0 0.4765625 0.18425925925925926 0.084375 0.06481481481481481
1 0.48072916666666665 0.3814814814814815 0.14270833333333333 0.37777777777777777
