0 0.22395833333333334 0.04722222222222222 0.029166666666666667 0.03148148148148148
0 0.7682291666666666 0.8685185185185185 0.25729166666666664 0.26296296296296295
0 0.21666666666666667 0.06388888888888888 0.025 0.03518518518518519
0 0.23177083333333334 0.32037037037037036 0.06979166666666667 0.10740740740740741
0 0.2630208333333333 0.09259259259259259 0.03854166666666667 0.037037037037037035
0 0.3177083333333333 0.08703703703703704 0.035416666666666666 0.040740740740740744
0 0.3645833333333333 0.08518518518518518 0.03958333333333333 0.040740740740740744
0 0.3776041666666667 0.06388888888888888 0.034375 0.03888888888888889
1 0.16197916666666667 0.16574074074074074 0.10520833333333333 0.17222222222222222
0 0.2921875 0.2222222222222222 0.065625 0.07777777777777778
2 0.46770833333333334 0.11296296296296296 0.058333333333333334 0.05185185185185185
0 0.08802083333333334 0.27870370370370373 0.057291666666666664 0.08703703703703704
0 0.4166666666666667 0.1675925925925926 0.05625 0.05
0 0.4744791666666667 0.15833333333333333 0.059375 0.06111111111111111
0 0.6578125 0.24074074074074073 0.090625 0.09259259259259259
0 0.7713541666666667 0.23981481481481481 0.090625 0.08333333333333333
0 0.8984375 0.30925925925925923 0.11979166666666667 0.09259259259259259
0 0.06666666666666667 0.08518518518518518 0.029166666666666667 0.040740740740740744
0 0.115625 0.07962962962962963 0.027083333333333334 0.037037037037037035
0 0.015104166666666667 0.08703703703703704 0.028125 0.040740740740740744
0 0.9255208333333333 0.25555555555555554 0.11145833333333334 0.08148148148148149
