2 0.32760416666666664 0.39444444444444443 0.159375 0.15555555555555556
0 0.1140625 0.4777777777777778 0.165625 0.12222222222222222
0 0.12135416666666667 0.41203703703703703 0.13229166666666667 0.09814814814814815
0 0.39166666666666666 0.44074074074074077 0.12708333333333333 0.1037037037037037
3 0.834375 0.1574074074074074 0.0625 0.08888888888888889
0 0.7697916666666667 0.17962962962962964 0.06041666666666667 0.05555555555555555
0 0.7421875 0.15925925925925927 0.051041666666666666 0.05555555555555555
0 0.8697916666666666 0.6231481481481481 0.15625 0.18333333333333332
0 0.9442708333333333 0.15185185185185185 0.06145833333333333 0.06296296296296296
0 0.36770833333333336 0.7 0.225 0.1925925925925926
0 0.40989583333333335 0.8657407407407407 0.284375 0.24259259259259258
