0 0.475 0.20462962962962963 0.05416666666666667 0.07962962962962963
0 0.45729166666666665 0.5064814814814815 0.11666666666666667 0.23148148148148148
0 0.6078125 0.612037037037037 0.11979166666666667 0.2611111111111111
0 0.5447916666666667 0.287962962962963 0.06458333333333334 0.11296296296296296
0 0.7229166666666667 0.05462962962962963 0.03333333333333333 0.05
0 0.640625 0.35648148148148145 0.07291666666666667 0.13518518518518519
2 0.5755208333333334 0.15833333333333333 0.05520833333333333 0.12407407407407407
2 0.7671875 0.04259259259259259 0.034375 0.05925925925925926
0 0.453125 0.17685185185185184 0.08125 0.06851851851851852
0 0.7734375 0.09259259259259259 0.03854166666666667 0.06296296296296296
0 0.7484375 0.13518518518518519 0.04895833333333333 0.07037037037037037
0 0.8505208333333333 0.13796296296296295 0.05520833333333333 0.07592592592592592
0 0.6057291666666667 0.12037037037037036 0.036458333333333336 0.05925925925925926
0 0.9276041666666667 0.2611111111111111 0.084375 0.10740740740740741
1 0.4921875 0.09722222222222222 0.128125 0.15
