0 0.8901041666666667 0.15925925925925927 0.026041666666666668 0.040740740740740744
0 0.8359375 0.175 0.028125 0.046296296296296294
0 0.95 0.19537037037037036 0.03333333333333333 0.053703703703703705
0 0.175 0.41759259259259257 0.08125 0.09814814814814815
0 0.509375 0.3175925925925926 0.08125 0.09074074074074075
2 0.4942708333333333 0.2490740740740741 0.06979166666666667 0.09814814814814815
0 0.6703125 0.3194444444444444 0.071875 0.09814814814814815
0 0.7614583333333333 0.3527777777777778 0.0625 0.09074074074074075
2 0.4973958333333333 0.20555555555555555 0.040625 0.05185185185185185
2 0.43333333333333335 0.22314814814814815 0.058333333333333334 0.07222222222222222
2 0.6375 0.19074074074074074 0.0375 0.06296296296296296
0 0.5963541666666666 0.17962962962962964 0.036458333333333336 0.044444444444444446
0 0.5 0.8675925925925926 0.18333333333333332 0.26481481481481484
