0 0.621875 0.4583333333333333 0.09166666666666666 0.16111111111111112
0 0.6838541666666667 0.12037037037037036 0.034375 0.040740740740740744
0 0.6057291666666667 0.2351851851851852 0.046875 0.07037037037037037
0 0.6713541666666667 0.2222222222222222 0.04895833333333333 0.08888888888888889
0 0.5302083333333333 0.19444444444444445 0.0375 0.05925925925925926
2 0.7364583333333333 0.12407407407407407 0.035416666666666666 0.05925925925925926
3 0.578125 0.12037037037037036 0.0375 0.0962962962962963
0 0.6328125 0.14166666666666666 0.034375 0.05
0 0.8203125 0.23148148148148148 0.057291666666666664 0.07407407407407407
0 0.6010416666666667 0.0824074074074074 0.022916666666666665 0.03888888888888889
