0 0.6458333333333334 0.4305555555555556 0.09375 0.1537037037037037
0 0.6161458333333333 0.21481481481481482 0.051041666666666666 0.08888888888888889
0 0.8333333333333334 0.5601851851851852 0.13958333333333334 0.21666666666666667
0 0.7552083333333334 0.06481481481481481 0.035416666666666666 0.05185185185185185
0 0.55 0.1962962962962963 0.04791666666666667 0.08148148148148149
2 0.6083333333333333 0.14351851851851852 0.0375 0.07962962962962963
0 0.7083333333333334 0.22962962962962963 0.06458333333333334 0.08888888888888889
0 0.8125 0.08611111111111111 0.035416666666666666 0.05740740740740741
0 0.5364583333333334 0.13240740740740742 0.03958333333333333 0.06111111111111111
0 0.6755208333333333 0.14722222222222223 0.051041666666666666 0.07592592592592592
0 0.5776041666666667 0.10092592592592593 0.03854166666666667 0.06111111111111111
2 0.6552083333333333 0.09166666666666666 0.035416666666666666 0.06481481481481481
0 0.8421875 0.14814814814814814 0.05520833333333333 0.07407407407407407
0 0.6166666666666667 0.06574074074074074 0.029166666666666667 0.05740740740740741
0 0.9265625 0.14907407407407408 0.059375 0.07592592592592592
0 0.9458333333333333 0.26481481481481484 0.08333333333333333 0.1
0 0.634375 0.04722222222222222 0.022916666666666665 0.04259259259259259
1 0.4578125 0.5805555555555556 0.215625 0.6685185185185185
