0 0.6723958333333333 0.09814814814814815 0.03854166666666667 0.05185185185185185
0 0.5953125 0.11574074074074074 0.028125 0.05
2 0.6390625 0.12685185185185185 0.034375 0.06851851851851852
0 0.7255208333333333 0.16296296296296298 0.042708333333333334 0.05925925925925926
0 0.6640625 0.18518518518518517 0.042708333333333334 0.07037037037037037
0 0.6333333333333333 0.23425925925925925 0.05 0.08333333333333333
0 0.11666666666666667 0.8870370370370371 0.1875 0.22592592592592592
0 0.3875 0.2962962962962963 0.06458333333333334 0.1111111111111111
0 0.4817708333333333 0.475 0.096875 0.19814814814814816
0 0.4713541666666667 0.09537037037037037 0.026041666666666668 0.04259259259259259
