0 0.29375 0.5564814814814815 0.09166666666666666 0.07962962962962963
1 0.09427083333333333 0.5611111111111111 0.18645833333333334 0.13703703703703704
1 0.15625 0.7138888888888889 0.3104166666666667 0.26851851851851855
0 0.23229166666666667 0.6083333333333333 0.06875 0.07222222222222222
0 0.08125 0.8472222222222222 0.16041666666666668 0.15
0 0.2713541666666667 0.7638888888888888 0.13645833333333332 0.12407407407407407
0 0.3182291666666667 0.9314814814814815 0.18854166666666666 0.13703703703703704
0 0.5338541666666666 0.6564814814814814 0.09895833333333333 0.09814814814814815
0 0.4973958333333333 0.7824074074074074 0.134375 0.12777777777777777
0 0.6432291666666666 0.5953703703703703 0.08854166666666667 0.08333333333333333
0 0.9739583333333334 0.6685185185185185 0.052083333333333336 0.09259259259259259
0 0.7885416666666667 0.5416666666666666 0.08125 0.06851851851851852
