0 0.7817708333333333 0.26481481481481484 0.04479166666666667 0.05925925925925926
2 0.8770833333333333 0.325 0.041666666666666664 0.09074074074074075
0 0.18802083333333333 0.5314814814814814 0.134375 0.12962962962962962
0 0.9583333333333334 0.33055555555555555 0.04583333333333333 0.07592592592592592
0 0.26875 0.36574074074074076 0.075 0.07962962962962963
0 0.4484375 0.4064814814814815 0.09270833333333334 0.09074074074074075
0 0.5515625 0.5361111111111111 0.109375 0.1425925925925926
0 0.6072916666666667 0.2722222222222222 0.05625 0.06296296296296296
0 0.6234375 0.6888888888888889 0.134375 0.1925925925925926
0 0.5442708333333334 0.24351851851851852 0.051041666666666666 0.05740740740740741
