0 0.3734375 0.6675925925925926 0.13645833333333332 0.22777777777777777
2 0.4583333333333333 0.33055555555555555 0.07916666666666666 0.1685185185185185
0 0.6916666666666667 0.8564814814814815 0.175 0.28703703703703703
0 0.6390625 0.3851851851851852 0.071875 0.14444444444444443
0 0.7786458333333334 0.10833333333333334 0.040625 0.05740740740740741
0 0.5348958333333333 0.1712962962962963 0.06145833333333333 0.06481481481481481
0 0.7484375 0.15648148148148147 0.051041666666666666 0.07592592592592592
0 0.6046875 0.1398148148148148 0.03854166666666667 0.06481481481481481
0 0.58125 0.12037037037037036 0.03333333333333333 0.05555555555555555
0 0.65625 0.15648148148148147 0.03958333333333333 0.06851851851851852
0 0.8260416666666667 0.29444444444444445 0.07708333333333334 0.1037037037037037
0 0.6458333333333334 0.09259259259259259 0.029166666666666667 0.05185185185185185
1 0.4869791666666667 0.125 0.12395833333333334 0.16111111111111112
