0 0.29375 0.5564814814814815 0.09166666666666666 0.07962962962962963
1 0.09583333333333334 0.5657407407407408 0.18958333333333333 0.1574074074074074
1 0.15625 0.7138888888888889 0.3104166666666667 0.26851851851851855
0 0.23229166666666667 0.6083333333333333 0.06875 0.07222222222222222
0 0.08125 0.8435185185185186 0.16041666666666668 0.14629629629629629
0 0.22552083333333334 0.774074074074074 0.13229166666666667 0.13333333333333333
0 0.4010416666666667 0.7083333333333334 0.12083333333333333 0.10185185185185185
0 0.43802083333333336 0.65 0.09479166666666666 0.08888888888888889
0 0.4125 0.5888888888888889 0.11041666666666666 0.08148148148148149
0 0.7354166666666667 0.5796296296296296 0.08333333333333333 0.07407407407407407
0 0.7411458333333333 0.5462962962962963 0.08020833333333334 0.05925925925925926
0 0.8177083333333334 0.9611111111111111 0.13541666666666666 0.07777777777777778
