0 0.5244791666666667 0.49537037037037035 0.08645833333333333 0.15
0 0.3859375 0.5398148148148149 0.096875 0.1574074074074074
0 0.6927083333333334 0.8601851851851852 0.15 0.2796296296296296
0 0.5557291666666667 0.3333333333333333 0.057291666666666664 0.0962962962962963
0 0.6484375 0.38055555555555554 0.06354166666666666 0.11666666666666667
0 0.571875 0.23981481481481481 0.05 0.07222222222222222
0 0.8677083333333333 0.27870370370370373 0.06666666666666667 0.08333333333333333
0 0.5947916666666667 0.18703703703703703 0.0375 0.05925925925925926
0 0.65 0.20462962962962963 0.035416666666666666 0.06481481481481481
0 0.5973958333333333 0.15555555555555556 0.030208333333333334 0.044444444444444446
0 0.6515625 0.1388888888888889 0.03229166666666667 0.05185185185185185
1 0.4921875 0.18518518518518517 0.13020833333333334 0.15925925925925927
