1 0.6369791666666667 0.1287037037037037 0.3802083333333333 0.19814814814814816
0 0.921875 0.5120370370370371 0.15625 0.19444444444444445
0 0.17083333333333334 0.35555555555555557 0.20833333333333334 0.18518518518518517
0 0.7036458333333333 0.21481481481481482 0.13645833333333332 0.11481481481481481
2 0.9651041666666667 0.13703703703703704 0.06979166666666667 0.08518518518518518
0 0.971875 0.19444444444444445 0.05625 0.08518518518518518
0 0.06354166666666666 0.12222222222222222 0.125 0.1037037037037037
0 0.21510416666666668 0.09814814814814815 0.14479166666666668 0.0962962962962963
0 0.353125 0.06944444444444445 0.10625 0.09444444444444444
0 0.475 0.06018518518518518 0.10625 0.07962962962962963
