0 0.68125 0.5546296296296296 0.1 0.19444444444444445
0 0.515625 0.15833333333333333 0.04791666666666667 0.07222222222222222
2 0.6114583333333333 0.2351851851851852 0.06041666666666667 0.12962962962962962
2 0.7583333333333333 0.05648148148148148 0.03333333333333333 0.05740740740740741
0 0.6020833333333333 0.39166666666666666 0.09791666666666667 0.13518518518518519
0 0.5932291666666667 0.17962962962962964 0.040625 0.08148148148148149
0 0.7963541666666667 0.08611111111111111 0.034375 0.053703703703703705
0 0.725 0.24074074074074073 0.07083333333333333 0.1111111111111111
0 0.5536458333333333 0.10185185185185185 0.03229166666666667 0.05185185185185185
0 0.865625 0.16203703703703703 0.05416666666666667 0.07592592592592592
0 0.6197916666666666 0.08333333333333333 0.0375 0.05925925925925926
0 0.5630208333333333 0.05648148148148148 0.021875 0.03518518518518519
1 0.45625 0.48055555555555557 0.175 0.46111111111111114
