0 0.23802083333333332 0.3101851851851852 0.096875 0.07962962962962963
1 0.08229166666666667 0.6129629629629629 0.1625 0.4925925925925926
0 0.2557291666666667 0.41388888888888886 0.08854166666666667 0.12407407407407407
0 0.378125 0.3990740740740741 0.06458333333333334 0.11666666666666667
0 0.40572916666666664 0.5259259259259259 0.09895833333333333 0.15925925925925927
0 0.3177083333333333 0.24444444444444444 0.06041666666666667 0.06666666666666667
0 0.3723958333333333 0.2 0.040625 0.06296296296296296
0 0.5932291666666667 0.3037037037037037 0.04895833333333333 0.07777777777777778
0 0.4359375 0.19814814814814816 0.034375 0.05925925925925926
0 0.45625 0.15925925925925927 0.029166666666666667 0.044444444444444446
0 0.6984375 0.662962962962963 0.12395833333333334 0.2074074074074074
0 0.40677083333333336 0.15462962962962962 0.026041666666666668 0.046296296296296294
