0 0.38385416666666666 0.20555555555555555 0.09895833333333333 0.08518518518518518
0 0.5994791666666667 0.12962962962962962 0.06979166666666667 0.06666666666666667
0 0.5104166666666666 0.24166666666666667 0.12083333333333333 0.09814814814814815
0 0.4401041666666667 0.32685185185185184 0.134375 0.10925925925925926
0 0.9447916666666667 0.32314814814814813 0.11041666666666666 0.14629629629629629
0 0.746875 0.3416666666666667 0.1375 0.1388888888888889
0 0.5890625 0.18611111111111112 0.09270833333333334 0.07592592592592592
0 0.7557291666666667 0.1037037037037037 0.065625 0.06296296296296296
2 0.7328125 0.0787037037037037 0.06354166666666666 0.07962962962962963
2 0.8739583333333333 0.11018518518518519 0.08125 0.08703703703703704
0 0.6421875 0.8444444444444444 0.265625 0.26666666666666666
