0 0.5963541666666666 0.0962962962962963 0.026041666666666668 0.040740740740740744
2 0.425 0.2712962962962963 0.058333333333333334 0.12777777777777777
0 0.6229166666666667 0.2675925925925926 0.05416666666666667 0.09074074074074075
0 0.6661458333333333 0.4925925925925926 0.10104166666666667 0.15185185185185185
0 0.43697916666666664 0.12314814814814815 0.023958333333333335 0.046296296296296294
0 0.4869791666666667 0.08981481481481482 0.021875 0.046296296296296294
0 0.5276041666666667 0.06944444444444445 0.019791666666666666 0.027777777777777776
0 0.7453125 0.8296296296296296 0.18229166666666666 0.27037037037037037
1 0.9348958333333334 0.4444444444444444 0.13020833333333334 0.3814814814814815
1 0.8307291666666666 0.44537037037037036 0.228125 0.45
1 0.390625 0.1787037037037037 0.07291666666666667 0.1537037037037037
