0 0.8885416666666667 0.3814814814814815 0.14166666666666666 0.12962962962962962
0 0.6796875 0.3111111111111111 0.10520833333333333 0.1
0 0.5057291666666667 0.2611111111111111 0.06770833333333333 0.07037037037037037
0 0.38385416666666666 0.20925925925925926 0.051041666666666666 0.05555555555555555
0 0.7286458333333333 0.8805555555555555 0.2760416666666667 0.2388888888888889
0 0.315625 0.5037037037037037 0.10208333333333333 0.14444444444444443
0 0.13489583333333333 0.2953703703703704 0.042708333333333334 0.06481481481481481
2 0.7927083333333333 0.7527777777777778 0.2708333333333333 0.32037037037037036
0 0.5619791666666667 0.5907407407407408 0.15520833333333334 0.17407407407407408
1 0.36822916666666666 0.3138888888888889 0.18020833333333333 0.20925925925925926
0 0.9161458333333333 0.5722222222222222 0.16770833333333332 0.2222222222222222
0 0.371875 0.4351851851851852 0.10416666666666667 0.1111111111111111
0 0.25104166666666666 0.33611111111111114 0.052083333333333336 0.08333333333333333
2 0.621875 0.4777777777777778 0.11666666666666667 0.17037037037037037
0 0.8447916666666667 0.6518518518518519 0.2125 0.1962962962962963
0 0.7041666666666667 0.46296296296296297 0.13958333333333334 0.13333333333333333
0 0.48541666666666666 0.337037037037037 0.08333333333333333 0.08518518518518518
