2 0.030208333333333334 0.7481481481481481 0.058333333333333334 0.22962962962962963
0 0.11041666666666666 0.8657407407407407 0.16666666666666666 0.19814814814814816
0 0.35885416666666664 0.7222222222222222 0.13020833333333334 0.2518518518518518
2 0.051041666666666666 0.4888888888888889 0.1 0.1925925925925926
0 0.6364583333333333 0.24351851851851852 0.041666666666666664 0.05740740740740741
0 0.4635416666666667 0.4083333333333333 0.058333333333333334 0.09814814814814815
0 0.3453125 0.41388888888888886 0.06770833333333333 0.10185185185185185
0 0.7963541666666667 0.26481481481481484 0.046875 0.05925925925925926
0 0.7739583333333333 0.37962962962962965 0.06458333333333334 0.08148148148148149
3 0.8651041666666667 0.22777777777777777 0.059375 0.1
0 0.4515625 0.21944444444444444 0.036458333333333336 0.053703703703703705
0 0.7098958333333333 0.5138888888888888 0.08020833333333334 0.12777777777777777
0 0.9234375 0.4351851851851852 0.084375 0.0962962962962963
0 0.8083333333333333 0.8490740740740741 0.15 0.2388888888888889
0 0.5197916666666667 0.17222222222222222 0.027083333333333334 0.044444444444444446
