0 0.6223958333333334 0.175 0.026041666666666668 0.03888888888888889
0 0.6760416666666667 0.17222222222222222 0.03125 0.044444444444444446
0 0.259375 0.4101851851851852 0.06458333333333334 0.09444444444444444
0 0.058854166666666666 0.562037037037037 0.115625 0.1648148148148148
0 0.409375 0.5703703703703704 0.08541666666666667 0.14444444444444443
0 0.3380208333333333 0.2972222222222222 0.046875 0.06851851851851852
0 0.4703125 0.3861111111111111 0.053125 0.08333333333333333
2 0.3671875 0.3675925925925926 0.071875 0.16111111111111112
0 0.7322916666666667 0.17314814814814813 0.03333333333333333 0.05
0 0.23958333333333334 0.325 0.052083333333333336 0.07592592592592592
0 0.6427083333333333 0.2675925925925926 0.04375 0.06481481481481481
0 0.7796875 0.2490740740740741 0.04479166666666667 0.05740740740740741
0 0.7541666666666667 0.2759259259259259 0.041666666666666664 0.06296296296296296
0 0.42291666666666666 0.2740740740740741 0.04375 0.07037037037037037
0 0.825 0.2222222222222222 0.0375 0.05185185185185185
0 0.4588541666666667 0.22407407407407406 0.03229166666666667 0.05185185185185185
0 0.50625 0.23796296296296296 0.0375 0.05740740740740741
0 0.7177083333333333 0.524074074074074 0.08333333333333333 0.13333333333333333
2 0.85625 0.5435185185185185 0.11041666666666666 0.19074074074074074
0 0.9302083333333333 0.3296296296296296 0.06666666666666667 0.07407407407407407
