0 0.671875 0.4824074074074074 0.09166666666666666 0.1685185185185185
0 0.5192708333333333 0.15 0.042708333333333334 0.07037037037037037
2 0.609375 0.2175925925925926 0.058333333333333334 0.12037037037037036
2 0.7614583333333333 0.05740740740740741 0.035416666666666666 0.05555555555555555
0 0.5833333333333334 0.36018518518518516 0.0875 0.12407407407407407
0 0.5911458333333334 0.16203703703703703 0.040625 0.07592592592592592
0 0.7989583333333333 0.09259259259259259 0.03958333333333333 0.05555555555555555
0 0.7104166666666667 0.2111111111111111 0.06458333333333334 0.1037037037037037
0 0.553125 0.09166666666666666 0.029166666666666667 0.053703703703703705
0 0.8802083333333334 0.17777777777777778 0.058333333333333334 0.08148148148148149
0 0.6145833333333334 0.07222222222222222 0.035416666666666666 0.05555555555555555
0 0.5630208333333333 0.05 0.021875 0.03333333333333333
1 0.45625 0.47685185185185186 0.17291666666666666 0.4685185185185185
