0 0.6640625 0.1388888888888889 0.023958333333333335 0.04814814814814815
0 0.65625 0.2222222222222222 0.04791666666666667 0.08148148148148149
0 0.8104166666666667 0.3675925925925926 0.08333333333333333 0.10555555555555556
0 0.06770833333333333 0.8222222222222222 0.13333333333333333 0.2740740740740741
0 0.3416666666666667 0.475 0.09375 0.15
0 0.27760416666666665 0.3972222222222222 0.08020833333333334 0.12037037037037036
0 0.4140625 0.27870370370370373 0.057291666666666664 0.08703703703703704
0 0.4479166666666667 0.7833333333333333 0.12708333333333333 0.26296296296296295
2 0.35052083333333334 0.2462962962962963 0.065625 0.1259259259259259
0 0.4583333333333333 0.19722222222222222 0.03958333333333333 0.06851851851851852
0 0.5234375 0.1675925925925926 0.034375 0.053703703703703705
0 0.4734375 0.14629629629629629 0.03229166666666667 0.04814814814814815
0 0.5057291666666667 0.10833333333333334 0.021875 0.03888888888888889
