0 0.640625 0.2212962962962963 0.03125 0.053703703703703705
0 0.3015625 0.8481481481481481 0.146875 0.23333333333333334
0 0.7484375 0.2074074074074074 0.034375 0.044444444444444446
0 0.7161458333333334 0.2490740740740741 0.040625 0.05740740740740741
0 0.7958333333333333 0.19166666666666668 0.0375 0.046296296296296294
0 0.3145833333333333 0.41759259259259257 0.06875 0.10185185185185185
0 0.7921875 0.24722222222222223 0.04479166666666667 0.053703703703703705
0 0.6739583333333333 0.34629629629629627 0.04791666666666667 0.08518518518518518
2 0.7776041666666667 0.36203703703703705 0.053125 0.10555555555555556
0 0.8494791666666667 0.24351851851851852 0.042708333333333334 0.053703703703703705
2 0.30364583333333334 0.2490740740740741 0.051041666666666666 0.07592592592592592
0 0.8375 0.3333333333333333 0.06041666666666667 0.08888888888888889
0 0.44479166666666664 0.23148148148148148 0.035416666666666666 0.05185185185185185
0 0.9432291666666667 0.3351851851851852 0.06354166666666666 0.07407407407407407
0 0.7713541666666667 0.7574074074074074 0.11354166666666667 0.1925925925925926
