0 0.4734375 0.20277777777777778 0.053125 0.07962962962962963
0 0.5208333333333334 0.29907407407407405 0.075 0.1425925925925926
0 0.5208333333333334 0.7222222222222222 0.15416666666666667 0.2851851851851852
0 0.6375 0.32592592592592595 0.07083333333333333 0.13333333333333333
0 0.5666666666666667 0.1925925925925926 0.052083333333333336 0.08148148148148149
0 0.7760416666666666 0.06574074074074074 0.03958333333333333 0.053703703703703705
0 0.7401041666666667 0.1 0.042708333333333334 0.05925925925925926
0 0.6458333333333334 0.2101851851851852 0.05 0.09444444444444444
2 0.5875 0.10833333333333334 0.04583333333333333 0.09814814814814815
2 0.8005208333333333 0.08888888888888889 0.046875 0.07407407407407407
0 0.44947916666666665 0.175 0.08229166666666667 0.07222222222222222
0 0.8161458333333333 0.1648148148148148 0.057291666666666664 0.07777777777777778
0 0.7979166666666667 0.2462962962962963 0.075 0.1
0 0.9578125 0.26481481481481484 0.084375 0.1111111111111111
1 0.49166666666666664 0.1 0.12708333333333333 0.15185185185185185
