0 0.6385416666666667 0.5074074074074074 0.09583333333333334 0.17777777777777778
0 0.759375 0.06388888888888888 0.03333333333333333 0.04259259259259259
0 0.75625 0.3416666666666667 0.08541666666666667 0.13148148148148148
0 0.6239583333333333 0.2175925925925926 0.05416666666666667 0.09074074074074075
0 0.790625 0.08333333333333333 0.03958333333333333 0.05185185185185185
0 0.7026041666666667 0.03981481481481482 0.023958333333333335 0.04259259259259259
0 0.7875 0.037037037037037035 0.03125 0.040740740740740744
0 0.603125 0.14537037037037037 0.03958333333333333 0.06481481481481481
0 0.7010416666666667 0.1925925925925926 0.052083333333333336 0.07777777777777778
0 0.7223958333333333 0.07777777777777778 0.03229166666666667 0.044444444444444446
0 0.8677083333333333 0.10462962962962963 0.04375 0.053703703703703705
0 0.8536458333333333 0.15 0.053125 0.06666666666666667
2 0.5984375 0.09351851851851851 0.030208333333333334 0.05
0 0.8953125 0.2 0.05520833333333333 0.07407407407407407
0 0.5973958333333333 0.06481481481481481 0.026041666666666668 0.03333333333333333
0 0.9697916666666667 0.2574074074074074 0.06041666666666667 0.0962962962962963
0 0.9619791666666667 0.41574074074074074 0.07604166666666666 0.13148148148148148
1 0.5083333333333333 0.24537037037037038 0.09791666666666667 0.2537037037037037
