0 0.21145833333333333 0.44537037037037036 0.13333333333333333 0.1574074074074074
0 0.2921875 0.3175925925925926 0.096875 0.10925925925925926
0 0.9541666666666667 0.19814814814814816 0.041666666666666664 0.06296296296296296
0 0.15104166666666666 0.3712962962962963 0.10833333333333334 0.10555555555555556
0 0.7020833333333333 0.2564814814814815 0.058333333333333334 0.07222222222222222
0 0.525 0.26481481481481484 0.06875 0.07777777777777778
0 0.46822916666666664 0.24814814814814815 0.065625 0.08148148148148149
0 0.42135416666666664 0.20555555555555555 0.059375 0.06296296296296296
0 0.6963541666666667 0.42962962962962964 0.08854166666666667 0.12222222222222222
0 0.5296875 0.49074074074074076 0.11354166666666667 0.14074074074074075
0 0.7671875 0.6361111111111111 0.13020833333333334 0.2537037037037037
