0 0.8609375 0.36574074074074076 0.134375 0.11296296296296296
0 0.6614583333333334 0.2861111111111111 0.10208333333333333 0.09814814814814815
2 0.5296875 0.24259259259259258 0.08020833333333334 0.08148148148148149
0 0.4395833333333333 0.21574074074074073 0.06041666666666667 0.05740740740740741
0 0.3796875 0.19814814814814816 0.04895833333333333 0.04814814814814815
0 0.2609375 0.43148148148148147 0.08020833333333334 0.1111111111111111
2 0.8114583333333333 0.7435185185185185 0.26875 0.3314814814814815
0 0.578125 0.5814814814814815 0.15625 0.17037037037037037
1 0.3848958333333333 0.30462962962962964 0.178125 0.20555555555555555
0 0.9421875 0.549074074074074 0.115625 0.17222222222222222
0 0.6338541666666667 0.5009259259259259 0.16770833333333332 0.1425925925925926
0 0.4192708333333333 0.4601851851851852 0.11145833333333334 0.12407407407407407
2 0.8140625 0.5685185185185185 0.17395833333333333 0.2111111111111111
0 0.9557291666666666 0.7194444444444444 0.08854166666666667 0.1648148148148148
0 0.7583333333333333 0.4583333333333333 0.15416666666666667 0.12777777777777777
0 0.6145833333333334 0.3851851851851852 0.12291666666666666 0.1037037037037037
0 0.2838541666666667 0.3388888888888889 0.071875 0.1
0 0.3453125 0.39537037037037037 0.078125 0.09444444444444444
0 0.49895833333333334 0.32592592592592595 0.07916666666666666 0.1037037037037037
0 0.28541666666666665 0.2777777777777778 0.041666666666666664 0.05555555555555555
0 0.24583333333333332 0.2574074074074074 0.04375 0.05185185185185185
0 0.2328125 0.30185185185185187 0.04895833333333333 0.06296296296296296
