2 0.6020833333333333 0.4101851851851852 0.0625 0.1685185185185185
0 0.7677083333333333 0.49074074074074076 0.09583333333333334 0.15555555555555556
0 0.8223958333333333 0.24259259259259258 0.04895833333333333 0.06296296296296296
0 0.7729166666666667 0.15092592592592594 0.03333333333333333 0.04259259259259259
0 0.8 0.17407407407407408 0.0375 0.04814814814814815
0 0.7354166666666667 0.1638888888888889 0.03333333333333333 0.046296296296296294
0 0.7322916666666667 0.12129629629629629 0.029166666666666667 0.03888888888888889
0 0.7182291666666667 0.14629629629629629 0.03229166666666667 0.040740740740740744
0 0.8322916666666667 0.27685185185185185 0.058333333333333334 0.07222222222222222
0 0.6583333333333333 0.2657407407407407 0.04583333333333333 0.07592592592592592
0 0.5755208333333334 0.22777777777777777 0.036458333333333336 0.06296296296296296
0 0.5979166666666667 0.17962962962962964 0.03125 0.05185185185185185
0 0.5302083333333333 0.1685185185185185 0.027083333333333334 0.04814814814814815
0 0.5760416666666667 0.14814814814814814 0.025 0.040740740740740744
0 0.5677083333333334 0.13055555555555556 0.022916666666666665 0.03888888888888889
1 0.8583333333333333 0.17962962962962964 0.09791666666666667 0.14074074074074075
1 0.9729166666666667 0.2537037037037037 0.05416666666666667 0.24074074074074073
