0 0.6875 0.7101851851851851 0.13125 0.26481481481481484
0 0.665625 0.08796296296296297 0.027083333333333334 0.03888888888888889
0 0.8421875 0.6527777777777778 0.146875 0.2462962962962963
0 0.5994791666666667 0.27870370370370373 0.046875 0.08703703703703704
0 0.7177083333333333 0.4583333333333333 0.09583333333333334 0.15
0 0.7130208333333333 0.10740740740740741 0.023958333333333335 0.040740740740740744
0 0.7567708333333333 0.11481481481481481 0.030208333333333334 0.037037037037037035
0 0.7197916666666667 0.1712962962962963 0.03958333333333333 0.05
0 0.596875 0.1787037037037037 0.0375 0.06111111111111111
0 0.6453125 0.1638888888888889 0.03229166666666667 0.06851851851851852
0 0.5369791666666667 0.1527777777777778 0.030208333333333334 0.05
2 0.7927083333333333 0.18796296296296297 0.05 0.07962962962962963
3 0.5765625 0.09722222222222222 0.030208333333333334 0.07222222222222222
0 0.6171875 0.11018518518518519 0.026041666666666668 0.03518518518518519
0 0.946875 0.3814814814814815 0.10625 0.1111111111111111
