0 0.71875 0.8796296296296297 0.15208333333333332 0.24074074074074073
0 0.49375 0.1685185185185185 0.058333333333333334 0.08518518518518518
2 0.6213541666666667 0.28888888888888886 0.07395833333333333 0.15925925925925927
0 0.6473958333333333 0.5046296296296297 0.103125 0.17222222222222222
0 0.5973958333333333 0.2222222222222222 0.046875 0.08888888888888889
0 0.8026041666666667 0.06111111111111111 0.030208333333333334 0.04814814814814815
0 0.78125 0.362962962962963 0.10416666666666667 0.16666666666666666
0 0.5526041666666667 0.11944444444444445 0.03229166666666667 0.06111111111111111
0 0.8286458333333333 0.11944444444444445 0.04479166666666667 0.06481481481481481
0 0.6333333333333333 0.11574074074074074 0.04375 0.06851851851851852
0 0.5630208333333333 0.075 0.026041666666666668 0.03888888888888889
0 0.6020833333333333 0.05462962962962963 0.025 0.046296296296296294
0 0.6385416666666667 0.05092592592592592 0.027083333333333334 0.046296296296296294
1 0.459375 0.48333333333333334 0.17916666666666667 0.4888888888888889
