0 0.3307291666666667 0.775 0.121875 0.21296296296296297
0 0.6161458333333333 0.17407407407407408 0.028125 0.044444444444444446
0 0.6947916666666667 0.19166666666666668 0.035416666666666666 0.05740740740740741
2 0.2671875 0.5361111111111111 0.10104166666666667 0.18333333333333332
2 0.1265625 0.3972222222222222 0.10520833333333333 0.17962962962962964
0 0.45729166666666665 0.3962962962962963 0.0625 0.11481481481481481
0 0.6401041666666667 0.2611111111111111 0.04479166666666667 0.06666666666666667
0 0.3328125 0.28888888888888886 0.04895833333333333 0.07037037037037037
0 0.4114583333333333 0.29444444444444445 0.04791666666666667 0.07037037037037037
0 0.49895833333333334 0.25833333333333336 0.035416666666666666 0.06111111111111111
0 0.7895833333333333 0.19722222222222222 0.035416666666666666 0.046296296296296294
0 0.37447916666666664 0.23981481481481481 0.03854166666666667 0.053703703703703705
0 0.42552083333333335 0.24444444444444444 0.036458333333333336 0.05555555555555555
0 0.665625 0.40185185185185185 0.0625 0.1037037037037037
0 0.7932291666666667 0.43425925925925923 0.071875 0.11296296296296296
0 0.509375 0.2 0.029166666666666667 0.044444444444444446
