0 0.6473958333333333 0.16296296296296298 0.03854166666666667 0.05555555555555555
0 0.6432291666666666 0.13148148148148148 0.026041666666666668 0.040740740740740744
2 0.6859375 0.2101851851851852 0.053125 0.09444444444444444
0 0.7885416666666667 0.4101851851851852 0.08333333333333333 0.1425925925925926
0 0.2796875 0.7277777777777777 0.15104166666666666 0.2851851851851852
0 0.21875 0.49444444444444446 0.1 0.14074074074074075
0 0.3026041666666667 0.537962962962963 0.103125 0.1574074074074074
0 0.4125 0.2935185185185185 0.05416666666666667 0.09074074074074075
0 0.3828125 0.23981481481481481 0.051041666666666666 0.07592592592592592
0 0.4546875 0.19814814814814816 0.042708333333333334 0.06296296296296296
0 0.5072916666666667 0.2972222222222222 0.058333333333333334 0.10185185185185185
0 0.4140625 0.16296296296296298 0.034375 0.05185185185185185
0 0.4791666666666667 0.13333333333333333 0.029166666666666667 0.044444444444444446
0 0.5239583333333333 0.1398148148148148 0.03125 0.04259259259259259
2 0.4479166666666667 0.10648148148148148 0.03125 0.06481481481481481
