0 0.15989583333333332 0.5425925925925926 0.10520833333333333 0.13333333333333333
0 0.6901041666666666 0.17685185185185184 0.030208333333333334 0.046296296296296294
0 0.33125 0.7333333333333333 0.11875 0.22592592592592592
0 0.28229166666666666 0.5018518518518519 0.08958333333333333 0.13333333333333333
0 0.18802083333333333 0.3472222222222222 0.07604166666666666 0.10185185185185185
0 0.6484375 0.2324074074074074 0.03854166666666667 0.07592592592592592
0 0.44479166666666664 0.37407407407407406 0.05416666666666667 0.1037037037037037
0 0.36875 0.3333333333333333 0.0625 0.1
0 0.775 0.1712962962962963 0.035416666666666666 0.04259259259259259
0 0.8229166666666666 0.2712962962962963 0.05 0.06481481481481481
0 0.7536458333333333 0.30277777777777776 0.04895833333333333 0.07592592592592592
0 0.3223958333333333 0.28888888888888886 0.051041666666666666 0.08888888888888889
0 0.4708333333333333 0.2712962962962963 0.04583333333333333 0.08703703703703704
0 0.9098958333333333 0.40185185185185185 0.078125 0.0962962962962963
2 0.9088541666666666 0.2675925925925926 0.053125 0.09074074074074075
0 0.4088541666666667 0.1824074074074074 0.036458333333333336 0.05740740740740741
0 0.8015625 0.9009259259259259 0.140625 0.19814814814814816
