0 0.022916666666666665 0.6314814814814815 0.04375 0.1
0 0.146875 0.4787037037037037 0.1125 0.10555555555555556
0 0.2708333333333333 0.36944444444444446 0.08958333333333333 0.07592592592592592
2 0.40729166666666666 0.22870370370370371 0.07708333333333334 0.10555555555555556
0 0.6260416666666667 0.45925925925925926 0.11666666666666667 0.14814814814814814
0 0.46979166666666666 0.2611111111111111 0.06041666666666667 0.06666666666666667
0 0.5484375 0.23796296296296296 0.06979166666666667 0.06851851851851852
0 0.5921875 0.6611111111111111 0.184375 0.1962962962962963
0 0.6276041666666666 0.1425925925925926 0.057291666666666664 0.05185185185185185
0 0.6932291666666667 0.14351851851851852 0.057291666666666664 0.05
