0 0.13958333333333334 0.2851851851851852 0.08541666666666667 0.06296296296296296
0 0.1046875 0.2462962962962963 0.06145833333333333 0.040740740740740744
2 0.6588541666666666 0.687962962962963 0.28854166666666664 0.2796296296296296
0 0.7244791666666667 0.9046296296296297 0.3260416666666667 0.19074074074074074
0 0.4791666666666667 0.3768518518518518 0.12291666666666666 0.10925925925925926
0 0.6989583333333333 0.39537037037037037 0.15416666666666667 0.11666666666666667
2 0.07083333333333333 0.4981481481481482 0.13958333333333334 0.16666666666666666
2 0.06979166666666667 0.6981481481481482 0.1375 0.2777777777777778
0 0.03958333333333333 0.375 0.07708333333333334 0.09444444444444444
2 0.8911458333333333 0.48333333333333334 0.16770833333333332 0.16296296296296298
