0 0.03177083333333333 0.6277777777777778 0.06145833333333333 0.10740740740740741
0 0.95625 0.2712962962962963 0.0875 0.09444444444444444
0 0.06041666666666667 0.49444444444444446 0.09166666666666666 0.0962962962962963
0 0.6770833333333334 0.4074074074074074 0.13125 0.12222222222222222
0 0.40729166666666666 0.33425925925925926 0.08958333333333333 0.08703703703703704
0 0.5026041666666666 0.1935185185185185 0.053125 0.053703703703703705
0 0.5354166666666667 0.1925925925925926 0.058333333333333334 0.05925925925925926
0 0.5791666666666667 0.20092592592592592 0.06041666666666667 0.05740740740740741
0 0.5265625 0.35462962962962963 0.06354166666666666 0.06851851851851852
1 0.17291666666666666 0.9342592592592592 0.34375 0.13148148148148148
