1 0.08020833333333334 0.5555555555555556 0.15833333333333333 0.3333333333333333
0 0.9020833333333333 0.24537037037037038 0.03333333333333333 0.05
0 0.796875 0.3194444444444444 0.04375 0.06851851851851852
0 0.7244791666666667 0.3296296296296296 0.053125 0.06666666666666667
2 0.4296875 0.41574074074074074 0.109375 0.1425925925925926
2 0.4817708333333333 0.3074074074074074 0.08229166666666667 0.1
0 0.4739583333333333 0.25555555555555554 0.05416666666666667 0.04814814814814815
0 0.6078125 0.25 0.046875 0.05185185185185185
0 0.7989583333333333 0.8055555555555556 0.125 0.24444444444444444
0 0.9703125 0.8157407407407408 0.059375 0.22407407407407406
