0 0.1984375 0.29907407407407405 0.10104166666666667 0.07962962962962963
1 0.10989583333333333 0.5055555555555555 0.21770833333333334 0.4111111111111111
0 0.2869791666666667 0.35833333333333334 0.06979166666666667 0.11666666666666667
0 0.10364583333333334 0.8944444444444445 0.20520833333333333 0.2111111111111111
0 0.6130208333333333 0.19074074074074074 0.036458333333333336 0.06296296296296296
0 0.3796875 0.5814814814814815 0.10520833333333333 0.17407407407407408
0 0.38645833333333335 0.30833333333333335 0.05416666666666667 0.09074074074074075
0 0.2708333333333333 0.5324074074074074 0.10416666666666667 0.16111111111111112
0 0.45677083333333335 0.33611111111111114 0.06354166666666666 0.10555555555555556
0 0.3546875 0.22592592592592592 0.057291666666666664 0.07037037037037037
0 0.3880208333333333 0.17962962962962964 0.036458333333333336 0.06296296296296296
0 0.6276041666666666 0.4898148148148148 0.084375 0.13518518518518519
0 0.44947916666666665 0.1675925925925926 0.030208333333333334 0.04259259259259259
