0 0.025 0.6157407407407407 0.04791666666666667 0.13518518518518519
0 0.04791666666666667 0.5157407407407407 0.09375 0.11296296296296296
0 0.7833333333333333 0.15555555555555556 0.03333333333333333 0.04814814814814815
0 0.29739583333333336 0.48703703703703705 0.134375 0.14074074074074075
2 0.2755208333333333 0.3527777777777778 0.121875 0.1388888888888889
0 0.9411458333333333 0.3 0.046875 0.08888888888888889
0 0.40677083333333336 0.2657407407407407 0.06979166666666667 0.06851851851851852
0 0.7604166666666666 0.31666666666666665 0.058333333333333334 0.08148148148148149
0 0.4583333333333333 0.20833333333333334 0.052083333333333336 0.05740740740740741
0 0.5885416666666666 0.18796296296296297 0.04791666666666667 0.053703703703703705
0 0.4953125 0.5527777777777778 0.12604166666666666 0.1537037037037037
