0 0.6963541666666667 0.1962962962962963 0.03229166666666667 0.05185185185185185
0 0.18020833333333333 0.38981481481481484 0.07291666666666667 0.10185185185185185
0 0.6401041666666667 0.2 0.030208333333333334 0.05185185185185185
0 0.3260416666666667 0.4685185185185185 0.07916666666666666 0.14814814814814814
0 0.7557291666666667 0.20277777777777778 0.03854166666666667 0.05
0 0.7427083333333333 0.2916666666666667 0.04583333333333333 0.07222222222222222
0 0.803125 0.17592592592592593 0.035416666666666666 0.05185185185185185
0 0.6723958333333333 0.30185185185185187 0.051041666666666666 0.07407407407407407
0 0.7984375 0.375 0.065625 0.09074074074074075
0 0.5026041666666666 0.29074074074074074 0.04479166666666667 0.07037037037037037
2 0.8604166666666667 0.32037037037037036 0.05625 0.09259259259259259
0 0.734375 0.5675925925925925 0.0875 0.13518518518518519
0 0.9119791666666667 0.2935185185185185 0.057291666666666664 0.07222222222222222
0 0.46510416666666665 0.2101851851851852 0.036458333333333336 0.053703703703703705
0 0.4083333333333333 0.20833333333333334 0.03125 0.046296296296296294
0 0.43333333333333335 0.1824074074074074 0.029166666666666667 0.04259259259259259
0 0.3890625 0.17037037037037037 0.028125 0.040740740740740744
