2 0.878125 0.2796296296296296 0.15416666666666667 0.13333333333333333
0 0.6651041666666667 0.21851851851851853 0.10104166666666667 0.08518518518518518
0 0.5229166666666667 0.17592592592592593 0.06875 0.06296296296296296
0 0.5140625 0.22407407407407406 0.06979166666666667 0.07777777777777778
2 0.8270833333333333 0.6787037037037037 0.27291666666666664 0.3314814814814815
0 0.5911458333333334 0.5148148148148148 0.15520833333333334 0.17037037037037037
1 0.3953125 0.24444444444444444 0.184375 0.2
0 0.9510416666666667 0.48055555555555557 0.09791666666666667 0.17222222222222222
0 0.6484375 0.4361111111111111 0.16354166666666667 0.14629629629629629
0 0.434375 0.4009259259259259 0.1125 0.12777777777777777
2 0.8317708333333333 0.5018518518518519 0.17395833333333333 0.1962962962962963
0 0.9640625 0.6481481481481481 0.071875 0.14074074074074075
0 0.80625 0.40555555555555556 0.1625 0.12962962962962962
0 0.6276041666666666 0.31666666666666665 0.11979166666666667 0.1037037037037037
0 0.2984375 0.2833333333333333 0.06770833333333333 0.1037037037037037
0 0.35885416666666664 0.33425925925925926 0.07604166666666666 0.09814814814814815
0 0.515625 0.26296296296296295 0.08125 0.1037037037037037
0 0.2994791666666667 0.21851851851851853 0.042708333333333334 0.05925925925925926
0 0.2604166666666667 0.19907407407407407 0.03958333333333333 0.053703703703703705
0 0.25104166666666666 0.2490740740740741 0.041666666666666664 0.06111111111111111
