0 0.53125 0.8925925925925926 0.19375 0.21481481481481482
2 0.2786458333333333 0.032407407407407406 0.021875 0.03888888888888889
0 0.2578125 0.040740740740740744 0.021875 0.040740740740740744
0 0.5348958333333333 0.6212962962962963 0.15520833333333334 0.24259259259259258
0 0.7604166666666666 0.6037037037037037 0.19375 0.24814814814814815
0 0.30052083333333335 0.3212962962962963 0.071875 0.10185185185185185
0 0.19479166666666667 0.3861111111111111 0.07708333333333334 0.11296296296296296
0 0.2989583333333333 0.0824074074074074 0.03125 0.03148148148148148
0 0.22135416666666666 0.07314814814814814 0.028125 0.03148148148148148
0 0.3671875 0.2824074074074074 0.07395833333333333 0.09074074074074075
0 0.065625 0.4222222222222222 0.075 0.1259259259259259
0 0.2703125 0.09166666666666666 0.036458333333333336 0.03518518518518519
0 0.34479166666666666 0.08148148148148149 0.035416666666666666 0.037037037037037035
2 0.196875 0.22314814814814815 0.05416666666666667 0.10185185185185185
0 0.36770833333333336 0.14444444444444443 0.05 0.044444444444444446
0 0.55 0.14814814814814814 0.058333333333333334 0.05925925925925926
0 0.05625 0.1361111111111111 0.029166666666666667 0.05
2 0.090625 0.09351851851851851 0.03125 0.053703703703703705
0 0.12447916666666667 0.0824074074074074 0.026041666666666668 0.03888888888888889
0 0.7083333333333334 0.33055555555555555 0.1125 0.09074074074074075
