0 0.6401041666666667 0.16296296296296298 0.034375 0.06666666666666667
0 0.7588541666666667 0.25833333333333336 0.06354166666666666 0.08703703703703704
0 0.921875 0.7324074074074074 0.15625 0.22407407407407406
0 0.2635416666666667 0.6592592592592592 0.14375 0.21481481481481482
0 0.18854166666666666 0.5333333333333333 0.11875 0.16296296296296298
0 0.38333333333333336 0.35185185185185186 0.07083333333333333 0.11851851851851852
2 0.3 0.3138888888888889 0.08541666666666667 0.17962962962962964
0 0.44114583333333335 0.2462962962962963 0.04895833333333333 0.08148148148148149
0 0.5197916666666667 0.2111111111111111 0.041666666666666664 0.07407407407407407
0 0.45416666666666666 0.17592592592592593 0.0375 0.05925925925925926
0 0.5078125 0.1287037037037037 0.028125 0.046296296296296294
0 0.4765625 0.10925925925925926 0.028125 0.044444444444444446
2 0.5234375 0.1 0.028125 0.05185185185185185
0 0.4515625 0.09722222222222222 0.023958333333333335 0.03888888888888889
