2 0.5364583333333334 0.8981481481481481 0.19375 0.2037037037037037
0 0.17239583333333333 0.3425925925925926 0.06145833333333333 0.11481481481481481
0 0.042708333333333334 0.2953703703703704 0.05416666666666667 0.09074074074074075
2 0.2015625 0.21666666666666667 0.057291666666666664 0.1
0 0.2296875 0.1787037037037037 0.04479166666666667 0.06481481481481481
0 0.3494791666666667 0.14722222222222223 0.04895833333333333 0.05740740740740741
0 0.45625 0.13055555555555556 0.04791666666666667 0.053703703703703705
0 0.55625 0.24259259259259258 0.07916666666666666 0.08888888888888889
0 0.8265625 0.23981481481481481 0.09479166666666666 0.08333333333333333
2 0.07291666666666667 0.15925925925925927 0.041666666666666664 0.07407407407407407
0 0.8890625 0.3685185185185185 0.13645833333333332 0.1111111111111111
