0 0.3890625 0.38981481481481484 0.10729166666666666 0.11666666666666667
0 0.7963541666666667 0.21666666666666667 0.051041666666666666 0.07407407407407407
0 0.8890625 0.2037037037037037 0.036458333333333336 0.06296296296296296
2 0.6848958333333334 0.25833333333333336 0.06979166666666667 0.10185185185185185
2 0.271875 0.33425925925925926 0.11041666666666666 0.13148148148148148
2 0.3546875 0.3351851851851852 0.08645833333333333 0.11851851851851852
0 0.396875 0.23055555555555557 0.0625 0.06111111111111111
0 0.5911458333333334 0.20925925925925926 0.053125 0.06296296296296296
0 0.5401041666666667 0.1925925925925926 0.057291666666666664 0.07037037037037037
0 0.6083333333333333 0.6333333333333333 0.14166666666666666 0.2111111111111111
0 0.7802083333333333 0.6722222222222223 0.12083333333333333 0.21481481481481482
0 0.5630208333333333 0.15 0.042708333333333334 0.044444444444444446
