0 0.23697916666666666 0.4861111111111111 0.08645833333333333 0.07222222222222222
0 0.11458333333333333 0.9268518518518518 0.22708333333333333 0.14629629629629629
0 0.46041666666666664 0.7712962962962963 0.15416666666666667 0.14629629629629629
1 0.04791666666666667 0.7074074074074074 0.09375 0.29259259259259257
0 0.6661458333333333 0.6305555555555555 0.09895833333333333 0.10925925925925926
0 0.4375 0.5231481481481481 0.1 0.07222222222222222
0 0.7833333333333333 0.7231481481481481 0.12291666666666666 0.12777777777777777
0 0.9598958333333333 0.7898148148148149 0.08020833333333334 0.12777777777777777
0 0.5869791666666667 0.9287037037037037 0.17395833333333333 0.1425925925925926
0 0.7510416666666667 0.9648148148148148 0.15208333333333332 0.07037037037037037
