0 0.15260416666666668 0.5416666666666666 0.09895833333333333 0.1388888888888889
0 0.7395833333333334 0.2037037037037037 0.035416666666666666 0.05185185185185185
0 0.41875 0.5305555555555556 0.07916666666666666 0.1425925925925926
0 0.65625 0.3 0.05 0.08148148148148149
0 0.8447916666666667 0.24074074074074073 0.04583333333333333 0.06296296296296296
0 0.8526041666666667 0.34629629629629627 0.06354166666666666 0.08148148148148149
0 0.7598958333333333 0.7175925925925926 0.115625 0.18333333333333332
0 0.9442708333333333 0.7648148148148148 0.11145833333333334 0.2111111111111111
0 0.415625 0.1962962962962963 0.03125 0.05185185185185185
0 0.46770833333333334 0.18333333333333332 0.03125 0.05185185185185185
