0 0.6989583333333333 0.05277777777777778 0.01875 0.03518518518518519
0 0.7114583333333333 0.06296296296296296 0.025 0.037037037037037035
0 0.44895833333333335 0.22314814814814815 0.08333333333333333 0.07962962962962963
0 0.7369791666666666 0.07037037037037037 0.023958333333333335 0.037037037037037035
0 0.7614583333333333 0.058333333333333334 0.022916666666666665 0.024074074074074074
0 0.740625 0.040740740740740744 0.01875 0.022222222222222223
0 0.7765625 0.028703703703703703 0.021875 0.024074074074074074
0 0.7770833333333333 0.075 0.025 0.05
0 0.765625 0.09814814814814815 0.03125 0.04814814814814815
0 0.75 0.08333333333333333 0.01875 0.025925925925925925
0 0.5994791666666667 0.2361111111111111 0.04479166666666667 0.09074074074074075
0 0.5541666666666667 0.12685185185185185 0.029166666666666667 0.05740740740740741
0 0.6546875 0.1824074074074074 0.042708333333333334 0.07222222222222222
0 0.740625 0.12314814814814815 0.03333333333333333 0.05
0 0.7984375 0.1287037037037037 0.036458333333333336 0.04259259259259259
0 0.6291666666666667 0.11574074074074074 0.03333333333333333 0.053703703703703705
0 0.8239583333333333 0.16111111111111112 0.04791666666666667 0.06666666666666667
2 0.7708333333333334 0.18333333333333332 0.05416666666666667 0.08888888888888889
0 0.6203125 0.06388888888888888 0.021875 0.03888888888888889
0 0.9692708333333333 0.3435185185185185 0.06145833333333333 0.12777777777777777
1 0.5447916666666667 0.03518518518518519 0.029166666666666667 0.06666666666666667
