0 0.371875 0.12037037037037036 0.04375 0.04814814814814815
0 0.5338541666666666 0.6898148148148148 0.19895833333333332 0.29444444444444445
0 0.40625 0.32685185185185184 0.08333333333333333 0.11296296296296296
0 0.484375 0.1712962962962963 0.058333333333333334 0.06481481481481481
2 0.6182291666666667 0.17314814814814813 0.07604166666666666 0.08703703703703704
0 0.165625 0.3277777777777778 0.07083333333333333 0.1
0 0.528125 0.22037037037037038 0.0875 0.08148148148148149
0 0.7015625 0.17962962962962964 0.06979166666666667 0.06296296296296296
0 0.2552083333333333 0.1962962962962963 0.05625 0.07037037037037037
0 0.6713541666666667 0.3138888888888889 0.109375 0.10555555555555556
0 0.14114583333333333 0.1675925925925926 0.03854166666666667 0.05740740740740741
0 0.8484375 0.3351851851851852 0.12604166666666666 0.10740740740740741
0 0.8817708333333333 0.2962962962962963 0.115625 0.0962962962962963
