1 0.071875 0.41203703703703703 0.14166666666666666 0.2759259259259259
1 0.4765625 0.23425925925925925 0.23854166666666668 0.18703703703703703
0 0.24322916666666666 0.21388888888888888 0.04479166666666667 0.05
0 0.17864583333333334 0.21481481481481482 0.03229166666666667 0.044444444444444446
0 0.2078125 0.46574074074074073 0.09270833333333334 0.13518518518518519
0 0.13958333333333334 0.3425925925925926 0.058333333333333334 0.09259259259259259
0 0.23333333333333334 0.33425925925925926 0.07708333333333334 0.09074074074074075
0 0.403125 0.3138888888888889 0.08541666666666667 0.07962962962962963
0 0.07604166666666666 0.2657407407407407 0.03958333333333333 0.05
0 0.121875 0.23981481481481481 0.035416666666666666 0.05
0 0.7947916666666667 0.575 0.21875 0.18703703703703703
