2 0.0765625 0.6268518518518519 0.12604166666666666 0.22407407407407406
0 0.6276041666666666 0.21203703703703702 0.034375 0.05
2 0.6734375 0.17222222222222222 0.034375 0.05555555555555555
2 0.34427083333333336 0.43425925925925923 0.06354166666666666 0.13148148148148148
2 0.32864583333333336 0.3037037037037037 0.046875 0.08148148148148149
0 0.26979166666666665 0.2851851851851852 0.04791666666666667 0.06666666666666667
0 0.7328125 0.2953703703703704 0.04895833333333333 0.07592592592592592
0 0.41770833333333335 0.30277777777777776 0.04583333333333333 0.07222222222222222
0 0.3890625 0.22777777777777777 0.034375 0.05185185185185185
0 0.8166666666666667 0.2490740740740741 0.04375 0.06481481481481481
2 0.3307291666666667 0.22037037037037038 0.036458333333333336 0.06666666666666667
0 0.4421875 0.22685185185185186 0.03854166666666667 0.06111111111111111
0 0.6864583333333333 0.4648148148148148 0.06875 0.1111111111111111
0 0.5208333333333334 0.1787037037037037 0.027083333333333334 0.03888888888888889
