0 0.9307291666666667 0.8324074074074074 0.13854166666666667 0.28703703703703703
0 0.6515625 0.40370370370370373 0.08229166666666667 0.14814814814814814
0 0.75625 0.05462962962962963 0.03125 0.046296296296296294
0 0.6072916666666667 0.2638888888888889 0.06041666666666667 0.09814814814814815
0 0.7921875 0.4703703703703704 0.09895833333333333 0.17037037037037037
0 0.8078125 0.062037037037037036 0.03229166666666667 0.04259259259259259
0 0.7854166666666667 0.08888888888888889 0.035416666666666666 0.05185185185185185
2 0.6135416666666667 0.17407407407407408 0.041666666666666664 0.08518518518518518
0 0.8145833333333333 0.11018518518518519 0.0375 0.05
0 0.6083333333333333 0.11296296296296296 0.03333333333333333 0.040740740740740744
0 0.8880208333333334 0.12777777777777777 0.04895833333333333 0.06296296296296296
0 0.7875 0.15555555555555556 0.052083333333333336 0.07407407407407407
0 0.5390625 0.07222222222222222 0.028125 0.04814814814814815
2 0.5932291666666667 0.06574074074074074 0.030208333333333334 0.06111111111111111
0 0.6510416666666666 0.0824074074074074 0.03125 0.053703703703703705
2 0.9385416666666667 0.21666666666666667 0.08333333333333333 0.11851851851851852
0 0.4864583333333333 0.1925925925925926 0.07708333333333334 0.06296296296296296
1 0.4739583333333333 0.41388888888888886 0.14375 0.39814814814814814
