1 0.0515625 0.6268518518518519 0.10104166666666667 0.42407407407407405
0 0.31145833333333334 0.24722222222222223 0.052083333333333336 0.07592592592592592
0 0.34791666666666665 0.3416666666666667 0.06666666666666667 0.11666666666666667
0 0.2265625 0.6805555555555556 0.13854166666666667 0.21666666666666667
0 0.4088541666666667 0.7027777777777777 0.11145833333333334 0.21666666666666667
0 0.3619791666666667 0.28055555555555556 0.05520833333333333 0.07592592592592592
0 0.4479166666666667 0.4148148148148148 0.07083333333333333 0.11851851851851852
0 0.40989583333333335 0.22592592592592592 0.04479166666666667 0.07407407407407407
0 0.47552083333333334 0.26481481481481484 0.04895833333333333 0.07407407407407407
1 0.3807291666666667 0.1537037037037037 0.06354166666666666 0.1259259259259259
0 0.44166666666666665 0.18055555555555555 0.03333333333333333 0.053703703703703705
0 0.4786458333333333 0.19907407407407407 0.040625 0.06111111111111111
1 0.9255208333333333 0.562037037037037 0.14895833333333333 0.48333333333333334
