0 0.6348958333333333 0.11944444444444445 0.028125 0.046296296296296294
0 0.6588541666666666 0.1574074074074074 0.03854166666666667 0.05555555555555555
0 0.5932291666666667 0.1527777777777778 0.036458333333333336 0.06111111111111111
0 0.7213541666666666 0.15925925925925927 0.042708333333333334 0.06666666666666667
0 0.6776041666666667 0.22777777777777777 0.051041666666666666 0.08888888888888889
0 0.6208333333333333 0.2824074074074074 0.06666666666666667 0.10555555555555556
0 0.7848958333333333 0.2916666666666667 0.06979166666666667 0.10185185185185185
0 0.6557291666666667 0.462037037037037 0.08645833333333333 0.1388888888888889
0 0.8015625 0.4685185185185185 0.103125 0.15185185185185185
0 0.3255208333333333 0.23148148148148148 0.051041666666666666 0.07037037037037037
0 0.2625 0.43796296296296294 0.08958333333333333 0.12777777777777777
2 0.4078125 0.262037037037037 0.053125 0.11666666666666667
0 0.4864583333333333 0.3490740740740741 0.06458333333333334 0.11296296296296296
0 0.4083333333333333 0.1648148148148148 0.04583333333333333 0.05925925925925926
0 0.5145833333333333 0.18981481481481483 0.03958333333333333 0.06851851851851852
0 0.45989583333333334 0.13703703703703704 0.034375 0.05555555555555555
0 0.5166666666666667 0.12129629629629629 0.03125 0.05
