0 0.04114583333333333 0.737037037037037 0.08020833333333334 0.1962962962962963
0 0.025 0.5462962962962963 0.04791666666666667 0.13333333333333333
2 0.35 0.6953703703703704 0.11875 0.2722222222222222
0 0.2755208333333333 0.5425925925925926 0.096875 0.13703703703703704
0 0.6447916666666667 0.21296296296296297 0.0375 0.05555555555555555
0 0.821875 0.2657407407407407 0.05416666666666667 0.07592592592592592
0 0.6822916666666666 0.4009259259259259 0.06875 0.10185185185185185
0 0.3484375 0.24351851851851852 0.051041666666666666 0.07962962962962963
0 0.44375 0.21574074074074073 0.041666666666666664 0.06111111111111111
0 0.5 0.21851851851851853 0.04375 0.06666666666666667
0 0.9026041666666667 0.6453703703703704 0.11979166666666667 0.17592592592592593
0 0.7869791666666667 0.7870370370370371 0.13645833333333332 0.2037037037037037
