2 0.634375 0.18425925925925926 0.0375 0.07962962962962963
0 0.6875 0.18981481481481483 0.029166666666666667 0.05
0 0.30572916666666666 0.8787037037037037 0.14479166666666668 0.19444444444444445
0 0.18645833333333334 0.49166666666666664 0.1 0.13148148148148148
0 0.7359375 0.2833333333333333 0.051041666666666666 0.07777777777777778
0 0.3802083333333333 0.3453703703703704 0.06458333333333334 0.12407407407407407
0 0.34427083333333336 0.275 0.046875 0.06111111111111111
0 0.4817708333333333 0.30833333333333335 0.042708333333333334 0.06481481481481481
0 0.8302083333333333 0.3037037037037037 0.052083333333333336 0.07407407407407407
0 0.7005208333333334 0.4740740740740741 0.07604166666666666 0.11851851851851852
0 0.8880208333333334 0.2675925925925926 0.04895833333333333 0.06111111111111111
0 0.4359375 0.24259259259259258 0.036458333333333336 0.06296296296296296
0 0.8333333333333334 0.4462962962962963 0.07291666666666667 0.10740740740740741
0 0.33958333333333335 0.21666666666666667 0.03958333333333333 0.05185185185185185
