0 0.9119791666666667 0.23055555555555557 0.09479166666666666 0.09444444444444444
0 0.2630208333333333 0.4222222222222222 0.09270833333333334 0.08518518518518518
0 0.12135416666666667 0.5546296296296296 0.115625 0.10185185185185185
0 0.6822916666666666 0.38981481481481484 0.13958333333333334 0.12037037037037036
0 0.9385416666666667 0.4046296296296296 0.12291666666666666 0.1388888888888889
0 0.2828125 0.34629629629629627 0.084375 0.07777777777777778
0 0.5182291666666666 0.18796296296296297 0.059375 0.05740740740740741
0 0.603125 0.19722222222222222 0.0625 0.06111111111111111
0 0.1921875 0.825925925925926 0.25729166666666664 0.24814814814814815
0 0.3255208333333333 0.9046296296296297 0.25729166666666664 0.19074074074074074
