0 0.2604166666666667 0.03796296296296296 0.025 0.03518518518518519
0 0.1703125 0.044444444444444446 0.030208333333333334 0.03333333333333333
0 0.6083333333333333 0.7351851851851852 0.20625 0.26296296296296295
0 0.5546875 0.4638888888888889 0.134375 0.15
0 0.19739583333333333 0.43333333333333335 0.09479166666666666 0.14814814814814814
0 0.3296875 0.1 0.042708333333333334 0.05185185185185185
0 0.22447916666666667 0.1925925925925926 0.05520833333333333 0.07407407407407407
0 0.15416666666666667 0.8342592592592593 0.17708333333333334 0.3314814814814815
0 0.14739583333333334 0.12129629629629629 0.03854166666666667 0.05
0 0.5927083333333333 0.17685185185185184 0.075 0.06481481481481481
0 0.5177083333333333 0.2222222222222222 0.08125 0.08518518518518518
0 0.7041666666666667 0.19166666666666668 0.07708333333333334 0.06851851851851852
0 0.058333333333333334 0.09537037037037037 0.03333333333333333 0.046296296296296294
0 0.95 0.2740740740740741 0.1 0.08518518518518518
