0 0.8755208333333333 0.9212962962962963 0.221875 0.1574074074074074
0 0.29010416666666666 0.04722222222222222 0.030208333333333334 0.03888888888888889
0 0.228125 0.04537037037037037 0.029166666666666667 0.03148148148148148
0 0.21770833333333334 0.06296296296296296 0.03333333333333333 0.037037037037037035
0 0.2682291666666667 0.3101851851851852 0.08229166666666667 0.10185185185185185
0 0.4083333333333333 0.09166666666666666 0.04375 0.04259259259259259
0 0.4114583333333333 0.13148148148148148 0.052083333333333336 0.05185185185185185
1 0.5078125 0.06574074074074074 0.12604166666666666 0.12777777777777777
2 0.19739583333333333 0.13518518518518519 0.046875 0.07037037037037037
0 0.49635416666666665 0.20555555555555555 0.071875 0.06296296296296296
0 0.821875 0.2601851851851852 0.1125 0.09074074074074075
0 0.8229166666666666 0.38425925925925924 0.12708333333333333 0.09814814814814815
0 0.909375 0.3648148148148148 0.125 0.11481481481481481
2 0.1 0.062037037037037036 0.029166666666666667 0.05
