0 0.6385416666666667 0.2324074074074074 0.03125 0.05
0 0.7223958333333333 0.2657407407407407 0.046875 0.06481481481481481
0 0.7494791666666667 0.20833333333333334 0.03229166666666667 0.05
0 0.175 0.5092592592592593 0.08541666666666667 0.1111111111111111
0 0.653125 0.2777777777777778 0.035416666666666666 0.06666666666666667
0 0.8057291666666667 0.2064814814814815 0.03854166666666667 0.04259259259259259
0 0.49270833333333336 0.3074074074074074 0.04375 0.06666666666666667
0 0.6848958333333334 0.35185185185185186 0.053125 0.07407407407407407
0 0.8041666666666667 0.27870370370370373 0.04583333333333333 0.06851851851851852
0 0.771875 0.37962962962962965 0.05625 0.07777777777777778
0 0.6901041666666666 0.4546296296296296 0.071875 0.10925925925925926
0 0.875 0.3648148148148148 0.0625 0.08888888888888889
0 0.89375 0.2851851851851852 0.05 0.06666666666666667
0 0.8088541666666667 0.9009259259259259 0.14479166666666668 0.1648148148148148
0 0.515625 0.19814814814814816 0.029166666666666667 0.044444444444444446
