0 0.9854166666666667 0.18888888888888888 0.029166666666666667 0.07407407407407407
0 0.34270833333333334 0.4222222222222222 0.15833333333333333 0.13333333333333333
0 0.8458333333333333 0.31203703703703706 0.09583333333333334 0.11296296296296296
0 0.18020833333333333 0.35555555555555557 0.1375 0.12222222222222222
0 0.9828125 0.4185185185185185 0.034375 0.1111111111111111
0 0.7119791666666667 0.2361111111111111 0.09479166666666666 0.07592592592592592
0 0.625 0.2361111111111111 0.09166666666666666 0.07592592592592592
0 0.5807291666666666 0.2101851851851852 0.08854166666666667 0.08333333333333333
0 0.428125 0.6064814814814815 0.22291666666666668 0.20185185185185187
0 0.6234375 0.16944444444444445 0.06354166666666666 0.05
