0 0.4744791666666667 0.19537037037037036 0.05520833333333333 0.07962962962962963
0 0.3927083333333333 0.9166666666666666 0.18541666666666667 0.16666666666666666
2 0.484375 0.4787037037037037 0.12708333333333333 0.30185185185185187
0 0.4583333333333333 0.1712962962962963 0.08541666666666667 0.06851851851851852
0 0.5494791666666666 0.3138888888888889 0.07395833333333333 0.11666666666666667
0 0.7755208333333333 0.062037037037037036 0.03854166666666667 0.05740740740740741
0 0.5921875 0.12037037037037036 0.03854166666666667 0.07037037037037037
0 0.6489583333333333 0.14814814814814814 0.04375 0.07777777777777778
0 0.6510416666666666 0.08796296296296297 0.035416666666666666 0.06481481481481481
1 0.4921875 0.08888888888888889 0.128125 0.14814814814814814
