0 0.31614583333333335 0.2935185185185185 0.09479166666666666 0.1648148148148148
1 0.8953125 0.16296296296296298 0.209375 0.32222222222222224
0 0.21666666666666667 0.2361111111111111 0.10833333333333334 0.1648148148148148
0 0.35208333333333336 0.058333333333333334 0.06041666666666667 0.09074074074074075
0 0.37604166666666666 0.18703703703703703 0.08333333333333333 0.13333333333333333
0 0.4109375 0.649074074074074 0.16354166666666667 0.3574074074074074
2 0.6677083333333333 0.009259259259259259 0.03958333333333333 0.014814814814814815
0 0.48802083333333335 0.14814814814814814 0.071875 0.12962962962962962
3 0.4453125 0.04722222222222222 0.06979166666666667 0.09074074074074075
0 0.35052083333333334 0.010185185185185186 0.08229166666666667 0.016666666666666666
0 0.7416666666666667 0.19074074074074074 0.0875 0.12222222222222222
1 0.9817708333333334 0.2972222222222222 0.036458333333333336 0.31296296296296294
0 0.9333333333333333 0.6666666666666666 0.13333333333333333 0.3111111111111111
