0 0.6947916666666667 0.850925925925926 0.1625 0.29814814814814816
2 0.65625 0.44074074074074077 0.08333333333333333 0.1925925925925926
0 0.7677083333333333 0.05185185185185185 0.025 0.040740740740740744
0 0.6447916666666667 0.26851851851851855 0.06041666666666667 0.1
0 0.5307291666666667 0.1175925925925926 0.034375 0.06111111111111111
2 0.603125 0.14166666666666666 0.04375 0.09444444444444444
0 0.7630208333333334 0.32314814814814813 0.08020833333333334 0.13148148148148148
2 0.7989583333333333 0.08425925925925926 0.04375 0.06851851851851852
0 0.5411458333333333 0.27037037037037037 0.051041666666666666 0.1
0 0.5822916666666667 0.10555555555555556 0.029166666666666667 0.05555555555555555
0 0.8494791666666667 0.14444444444444443 0.057291666666666664 0.06666666666666667
0 0.6666666666666666 0.10648148148148148 0.04375 0.07222222222222222
0 0.5598958333333334 0.05185185185185185 0.026041666666666668 0.044444444444444446
0 0.9677083333333333 0.28055555555555556 0.06458333333333334 0.11296296296296296
1 0.4588541666666667 0.4777777777777778 0.171875 0.4888888888888889
