0 0.27395833333333336 0.5962962962962963 0.09791666666666667 0.15555555555555556
0 0.3125 0.9 0.1375 0.2
0 0.6369791666666667 0.2111111111111111 0.034375 0.05185185185185185
2 0.6854166666666667 0.20092592592592592 0.035416666666666666 0.06851851851851852
2 0.6505208333333333 0.2740740740740741 0.046875 0.08518518518518518
0 0.4765625 0.3712962962962963 0.057291666666666664 0.09074074074074075
0 0.40572916666666664 0.31666666666666665 0.04479166666666667 0.07037037037037037
0 0.7859375 0.2601851851851852 0.04479166666666667 0.06111111111111111
2 0.3697916666666667 0.24814814814814815 0.03958333333333333 0.07407407407407407
0 0.68125 0.45185185185185184 0.06875 0.1037037037037037
2 0.7739583333333333 0.37962962962962965 0.07083333333333333 0.11851851851851852
2 0.46197916666666666 0.20277777777777778 0.030208333333333334 0.05740740740740741
2 0.4276041666666667 0.1787037037037037 0.026041666666666668 0.046296296296296294
