0 0.49947916666666664 0.6259259259259259 0.109375 0.2
0 0.27447916666666666 0.8083333333333333 0.159375 0.26851851851851855
0 0.5401041666666667 0.3990740740740741 0.06979166666666667 0.10925925925925926
0 0.6526041666666667 0.49722222222222223 0.08229166666666667 0.14629629629629629
0 0.5536458333333333 0.27685185185185185 0.05520833333333333 0.07962962962962963
0 0.840625 0.25 0.058333333333333334 0.07407407407407407
0 0.5890625 0.2111111111111111 0.040625 0.06296296296296296
0 0.65 0.2490740740740741 0.041666666666666664 0.07592592592592592
0 0.59375 0.17777777777777778 0.03333333333333333 0.05185185185185185
0 0.6546875 0.16574074074074074 0.036458333333333336 0.06111111111111111
1 0.49166666666666664 0.19074074074074074 0.12916666666666668 0.15925925925925927
