0 0.6828125 0.1787037037037037 0.028125 0.03888888888888889
0 0.6401041666666667 0.21851851851851853 0.034375 0.05555555555555555
0 0.7541666666666667 0.21944444444444444 0.0375 0.05
0 0.7270833333333333 0.26666666666666666 0.041666666666666664 0.06296296296296296
2 0.21302083333333333 0.625 0.153125 0.3055555555555556
0 0.6635416666666667 0.3194444444444444 0.05625 0.09444444444444444
2 0.7838541666666666 0.36018518518518516 0.065625 0.11296296296296296
0 0.8526041666666667 0.32314814814814813 0.051041666666666666 0.06851851851851852
0 0.8744791666666667 0.2722222222222222 0.053125 0.05925925925925926
0 0.7171875 0.5453703703703704 0.078125 0.12777777777777777
2 0.38333333333333336 0.22962962962962963 0.0375 0.07407407407407407
