1 0.446875 0.22685185185185186 0.21875 0.17592592592592593
0 0.5661458333333333 0.8638888888888889 0.271875 0.2722222222222222
0 0.22916666666666666 0.2101851851851852 0.03958333333333333 0.05
0 0.6557291666666667 0.737037037037037 0.253125 0.28888888888888886
0 0.32395833333333335 0.25277777777777777 0.0625 0.06851851851851852
0 0.365625 0.3287037037037037 0.0875 0.07592592592592592
0 0.12083333333333333 0.33425925925925926 0.05625 0.08333333333333333
0 0.7385416666666667 0.41944444444444445 0.16875 0.13148148148148148
0 0.759375 0.5601851851851852 0.21875 0.19444444444444445
0 0.12604166666666666 0.25462962962962965 0.04583333333333333 0.05740740740740741
0 0.07291666666666667 0.25925925925925924 0.03958333333333333 0.05185185185185185
