0 0.23697916666666666 0.4861111111111111 0.08645833333333333 0.07222222222222222
0 0.29375 0.6175925925925926 0.125 0.09444444444444444
0 0.11041666666666666 0.9268518518518518 0.21875 0.14629629629629629
0 0.40625 0.8027777777777778 0.1625 0.15
0 0.5880208333333333 0.7055555555555556 0.12604166666666666 0.11481481481481481
3 0.45989583333333334 0.5611111111111111 0.09895833333333333 0.0962962962962963
1 0.8036458333333333 0.4925925925925926 0.21145833333333333 0.15185185185185185
0 0.7083333333333334 0.8666666666666667 0.15208333333333332 0.15555555555555556
0 0.13072916666666667 0.525 0.06145833333333333 0.07592592592592592
0 0.034895833333333334 0.4842592592592593 0.06770833333333333 0.08333333333333333
1 0.5901041666666667 0.950925925925926 0.278125 0.09814814814814815
