0 0.3807291666666667 0.10277777777777777 0.040625 0.053703703703703705
0 0.36822916666666666 0.48518518518518516 0.09895833333333333 0.15185185185185185
0 0.46875 0.375 0.1 0.12037037037037036
0 0.18072916666666666 0.33055555555555555 0.08229166666666667 0.1388888888888889
0 0.25 0.2759259259259259 0.058333333333333334 0.08518518518518518
0 0.29270833333333335 0.23148148148148148 0.05625 0.07407407407407407
0 0.0546875 0.32407407407407407 0.05520833333333333 0.09259259259259259
0 0.6588541666666666 0.25833333333333336 0.08645833333333333 0.07962962962962963
0 0.73125 0.22777777777777777 0.08958333333333333 0.08148148148148149
0 0.7067708333333333 0.3277777777777778 0.11354166666666667 0.09259259259259259
0 0.15520833333333334 0.175 0.0375 0.06111111111111111
0 0.078125 0.17314814814814813 0.0375 0.05740740740740741
