0 0.6442708333333333 0.17407407407407408 0.026041666666666668 0.044444444444444446
0 0.6822916666666666 0.20092592592592592 0.03125 0.05
2 0.7302083333333333 0.19074074074074074 0.03125 0.05555555555555555
0 0.6442708333333333 0.2361111111111111 0.034375 0.053703703703703705
0 0.20104166666666667 0.46574074074074073 0.0875 0.13148148148148148
0 0.7588541666666667 0.16944444444444445 0.026041666666666668 0.04259259259259259
0 0.71875 0.26481481481481484 0.04375 0.06666666666666667
0 0.65625 0.275 0.04375 0.07592592592592592
0 0.3416666666666667 0.3527777777777778 0.05416666666666667 0.08333333333333333
0 0.4796875 0.35 0.051041666666666666 0.08148148148148149
0 0.20520833333333333 0.3537037037037037 0.06458333333333334 0.09259259259259259
0 0.7885416666666667 0.19166666666666668 0.03125 0.03888888888888889
0 0.8057291666666667 0.2740740740740741 0.04479166666666667 0.05925925925925926
2 0.803125 0.2074074074074074 0.03958333333333333 0.06296296296296296
0 0.671875 0.4046296296296296 0.0625 0.09444444444444444
0 0.8458333333333333 0.34629629629629627 0.06458333333333334 0.08518518518518518
2 0.5057291666666667 0.2111111111111111 0.034375 0.06296296296296296
0 0.4713541666666667 0.18425925925925926 0.028125 0.04259259259259259
0 0.865625 0.6166666666666667 0.11458333333333333 0.18888888888888888
2 0.4265625 0.17777777777777778 0.026041666666666668 0.05185185185185185
