2 0.6270833333333333 0.19444444444444445 0.025 0.05925925925925926
0 0.6776041666666667 0.18703703703703703 0.030208333333333334 0.040740740740740744
0 0.7223958333333333 0.17222222222222222 0.026041666666666668 0.037037037037037035
2 0.09270833333333334 0.8342592592592593 0.18333333333333332 0.3314814814814815
0 0.690625 0.21574074074074073 0.03125 0.046296296296296294
0 0.7546875 0.21944444444444444 0.034375 0.05
0 0.6432291666666666 0.27314814814814814 0.040625 0.06481481481481481
0 0.43333333333333335 0.46574074074074073 0.07291666666666667 0.1388888888888889
0 0.3546875 0.4583333333333333 0.06354166666666666 0.11666666666666667
0 0.25104166666666666 0.4064814814814815 0.07083333333333333 0.09444444444444444
0 0.3932291666666667 0.3685185185185185 0.053125 0.08518518518518518
0 0.3609375 0.2824074074074074 0.040625 0.06111111111111111
0 0.34427083333333336 0.23981481481481481 0.03854166666666667 0.05
0 0.7994791666666666 0.20833333333333334 0.03229166666666667 0.046296296296296294
0 0.5057291666666667 0.2851851851851852 0.03854166666666667 0.06296296296296296
2 0.4578125 0.22777777777777777 0.030208333333333334 0.06296296296296296
0 0.8822916666666667 0.2861111111111111 0.052083333333333336 0.06851851851851852
0 0.8598958333333333 0.35462962962962963 0.059375 0.09074074074074075
0 0.7161458333333334 0.537962962962963 0.07395833333333333 0.12407407407407407
0 0.5166666666666667 0.22685185185185186 0.029166666666666667 0.05
0 0.909375 0.6444444444444445 0.11875 0.15925925925925927
0 0.9645833333333333 0.36944444444444446 0.07083333333333333 0.07962962962962963
