0 0.9364583333333333 0.22777777777777777 0.075 0.08518518518518518
0 0.7640625 0.2972222222222222 0.10520833333333333 0.11296296296296296
0 0.9739583333333334 0.29259259259259257 0.052083333333333336 0.10740740740740741
0 0.12916666666666668 0.5120370370370371 0.11041666666666666 0.09814814814814815
0 0.5421875 0.524074074074074 0.14895833333333333 0.15555555555555556
0 0.4791666666666667 0.2638888888888889 0.06458333333333334 0.07592592592592592
0 0.4942708333333333 0.7425925925925926 0.21145833333333333 0.2074074074074074
0 0.4203125 0.44351851851851853 0.078125 0.07222222222222222
0 0.6364583333333333 0.17685185185185184 0.052083333333333336 0.05
0 0.6166666666666667 0.15833333333333333 0.052083333333333336 0.05
