0 0.026041666666666668 0.6583333333333333 0.05 0.1425925925925926
0 0.7072916666666667 0.17407407407407408 0.029166666666666667 0.044444444444444446
2 0.0984375 0.524074074074074 0.109375 0.16666666666666666
0 0.30364583333333334 0.47314814814814815 0.08854166666666667 0.1574074074074074
0 0.40520833333333334 0.5277777777777778 0.08333333333333333 0.15185185185185185
2 0.1625 0.36203703703703705 0.06875 0.11296296296296296
1 0.75 0.20833333333333334 0.08541666666666667 0.17222222222222222
1 0.3640625 0.17777777777777778 0.078125 0.13703703703703704
0 0.8359375 0.26944444444444443 0.053125 0.07222222222222222
1 0.303125 0.17037037037037037 0.0625 0.12222222222222222
0 0.43125 0.20833333333333334 0.03333333333333333 0.053703703703703705
