0 0.3515625 0.649074074074074 0.134375 0.22407407407407406
0 0.49114583333333334 0.32685185185185184 0.06979166666666667 0.10555555555555556
2 0.5328125 0.20555555555555555 0.059375 0.1111111111111111
0 0.6625 0.31203703703703706 0.07083333333333333 0.14629629629629629
0 0.7614583333333333 0.09444444444444444 0.0375 0.05555555555555555
0 0.64375 0.18425925925925926 0.04375 0.07962962962962963
0 0.8520833333333333 0.22777777777777777 0.06666666666666667 0.08888888888888889
0 0.5828125 0.13796296296296295 0.040625 0.06111111111111111
0 0.8536458333333333 0.387037037037037 0.103125 0.15555555555555556
0 0.6114583333333333 0.1037037037037037 0.03333333333333333 0.05185185185185185
0 0.5697916666666667 0.10462962962962963 0.03125 0.053703703703703705
0 0.6552083333333333 0.0962962962962963 0.029166666666666667 0.05185185185185185
1 0.4890625 0.12407407407407407 0.128125 0.15925925925925927
