2 0.634375 0.20462962962962963 0.03125 0.06851851851851852
0 0.39895833333333336 0.6759259259259259 0.10625 0.1962962962962963
0 0.32447916666666665 0.4740740740740741 0.06979166666666667 0.11481481481481481
0 0.7432291666666667 0.2 0.036458333333333336 0.04814814814814815
2 0.30104166666666665 0.3314814814814815 0.05625 0.1
0 0.6479166666666667 0.3055555555555556 0.04583333333333333 0.07037037037037037
2 0.7140625 0.25555555555555554 0.04479166666666667 0.07777777777777778
2 0.43020833333333336 0.2601851851851852 0.035416666666666666 0.07222222222222222
2 0.396875 0.21574074074074073 0.03125 0.05740740740740741
0 0.3536458333333333 0.2064814814814815 0.03229166666666667 0.05
0 0.8557291666666667 0.5537037037037037 0.096875 0.14444444444444443
0 0.4671875 0.20555555555555555 0.030208333333333334 0.04814814814814815
0 0.43020833333333336 0.17222222222222222 0.022916666666666665 0.037037037037037035
