2 0.06927083333333334 0.43148148148148147 0.11145833333333334 0.13703703703703704
0 0.853125 0.2462962962962963 0.08333333333333333 0.1111111111111111
0 0.05416666666666667 0.5453703703703704 0.10625 0.11666666666666667
0 0.1984375 0.48148148148148145 0.11354166666666667 0.10740740740740741
0 0.9151041666666667 0.30185185185185187 0.096875 0.1037037037037037
0 0.3921875 0.2898148148148148 0.07604166666666666 0.07222222222222222
0 0.44479166666666664 0.31666666666666665 0.08125 0.07777777777777778
0 0.37395833333333334 0.6620370370370371 0.19791666666666666 0.21296296296296297
0 0.6208333333333333 0.6398148148148148 0.17916666666666667 0.19074074074074074
0 0.509375 0.37592592592592594 0.06458333333333334 0.05925925925925926
0 0.7380208333333333 0.21851851851851853 0.046875 0.044444444444444446
