0 0.7833333333333333 0.05185185185185185 0.035416666666666666 0.04814814814814815
0 0.7640625 0.08703703703703704 0.034375 0.044444444444444446
0 0.571875 0.21481481481481482 0.052083333333333336 0.08888888888888889
0 0.6015625 0.14722222222222223 0.040625 0.06481481481481481
0 0.6880208333333333 0.21666666666666667 0.059375 0.09259259259259259
0 0.7963541666666667 0.13148148148148148 0.04479166666666667 0.06666666666666667
0 0.5390625 0.14074074074074075 0.036458333333333336 0.06296296296296296
2 0.5953125 0.10462962962962963 0.03229166666666667 0.06111111111111111
0 0.65625 0.12314814814814815 0.041666666666666664 0.06111111111111111
0 0.8666666666666667 0.18425925925925926 0.058333333333333334 0.08333333333333333
0 0.5333333333333333 0.0962962962962963 0.029166666666666667 0.044444444444444446
0 0.6239583333333333 0.0824074074074074 0.035416666666666666 0.053703703703703705
0 0.5510416666666667 0.06944444444444445 0.029166666666666667 0.05
2 0.6364583333333333 0.05925925925925926 0.025 0.05185185185185185
1 0.45729166666666665 0.5953703703703703 0.2125 0.6722222222222223
