0 0.34479166666666666 0.10555555555555556 0.0625 0.09259259259259259
0 0.3828125 0.5333333333333333 0.12604166666666666 0.2777777777777778
1 0.9052083333333333 0.21296296296296297 0.18958333333333333 0.4222222222222222
0 0.4109375 0.13148148148148148 0.071875 0.10740740740740741
0 0.4822916666666667 0.1787037037037037 0.07916666666666666 0.14629629629629629
0 0.42864583333333334 0.03981481481481482 0.046875 0.07592592592592592
2 0.7052083333333333 0.08055555555555556 0.07291666666666667 0.11296296296296296
0 0.40208333333333335 0.013888888888888888 0.04583333333333333 0.024074074074074074
2 0.4739583333333333 0.007407407407407408 0.0375 0.011111111111111112
0 0.3104166666666667 0.012037037037037037 0.08333333333333333 0.020370370370370372
0 0.528125 0.012037037037037037 0.0375 0.020370370370370372
