0 0.7177083333333333 0.1675925925925926 0.025 0.03518518518518519
0 0.6260416666666667 0.20092592592592592 0.029166666666666667 0.046296296296296294
0 0.7302083333333333 0.19166666666666668 0.03125 0.046296296296296294
2 0.30416666666666664 0.774074074074074 0.14166666666666666 0.3037037037037037
0 0.36666666666666664 0.40185185185185185 0.0625 0.0962962962962963
0 0.6932291666666667 0.23333333333333334 0.036458333333333336 0.07037037037037037
2 0.25364583333333335 0.41388888888888886 0.065625 0.12407407407407407
0 0.7822916666666667 0.27037037037037037 0.041666666666666664 0.05925925925925926
0 0.3578125 0.2953703703703704 0.04479166666666667 0.06111111111111111
0 0.759375 0.3509259259259259 0.05625 0.07962962962962963
0 0.4046875 0.21944444444444444 0.03229166666666667 0.046296296296296294
0 0.7072916666666667 0.5 0.07083333333333333 0.10740740740740741
0 0.8552083333333333 0.5722222222222222 0.10416666666666667 0.13703703703703704
0 0.928125 0.4546296296296296 0.08541666666666667 0.10185185185185185
0 0.4744791666666667 0.20092592592592592 0.030208333333333334 0.05
0 0.5229166666666667 0.1962962962962963 0.029166666666666667 0.04814814814814815
