0 0.6463541666666667 0.1527777777777778 0.040625 0.06481481481481481
0 0.6796875 0.18796296296296297 0.03854166666666667 0.06851851851851852
0 0.690625 0.2351851851851852 0.052083333333333336 0.07407407407407407
0 0.7526041666666666 0.3398148148148148 0.07604166666666666 0.10555555555555556
0 0.6885416666666667 0.5796296296296296 0.11041666666666666 0.18888888888888888
0 0.9229166666666667 0.5287037037037037 0.11875 0.17592592592592593
2 0.4296875 0.8768518518518519 0.171875 0.22037037037037038
0 0.14739583333333334 0.6527777777777778 0.13854166666666667 0.19814814814814816
0 0.32760416666666664 0.23425925925925925 0.053125 0.07222222222222222
2 0.490625 0.4027777777777778 0.06666666666666667 0.1574074074074074
0 0.42552083333333335 0.2898148148148148 0.059375 0.08703703703703704
0 0.409375 0.17777777777777778 0.035416666666666666 0.05925925925925926
0 0.4552083333333333 0.20092592592592592 0.04583333333333333 0.06481481481481481
2 0.46927083333333336 0.11574074074074074 0.026041666666666668 0.05740740740740741
