0 0.23541666666666666 0.4824074074074074 0.09166666666666666 0.06481481481481481
0 0.209375 0.8916666666666667 0.20833333333333334 0.17592592592592593
0 0.5192708333333333 0.7379629629629629 0.13229166666666667 0.12037037037037036
1 0.24114583333333334 0.6222222222222222 0.37604166666666666 0.2777777777777778
0 0.03177083333333333 0.5990740740740741 0.06145833333333333 0.08703703703703704
1 0.98125 0.6898148148148148 0.0375 0.21296296296296297
0 0.96875 0.5879629629629629 0.0625 0.09074074074074075
0 0.8057291666666667 0.5731481481481482 0.084375 0.07962962962962963
0 0.5380208333333333 0.5111111111111111 0.09270833333333334 0.07037037037037037
0 0.38958333333333334 0.9361111111111111 0.20208333333333334 0.12777777777777777
0 0.7354166666666667 0.9657407407407408 0.14583333333333334 0.06851851851851852
