0 0.017708333333333333 0.5861111111111111 0.03333333333333333 0.10185185185185185
0 0.040625 0.7601851851851852 0.07916666666666666 0.16111111111111112
0 0.8265625 0.2574074074074074 0.034375 0.05555555555555555
0 0.115625 0.46111111111111114 0.1125 0.1037037037037037
0 0.4322916666666667 0.44166666666666665 0.10416666666666667 0.10555555555555556
0 0.69375 0.3731481481481482 0.0625 0.07962962962962963
1 0.44166666666666665 0.30648148148148147 0.18541666666666667 0.20925925925925926
0 0.8739583333333333 0.4148148148148148 0.058333333333333334 0.1037037037037037
0 0.35625 0.3472222222222222 0.07708333333333334 0.07592592592592592
0 0.5322916666666667 0.8611111111111112 0.15625 0.23703703703703705
0 0.35885416666666664 0.8407407407407408 0.196875 0.24444444444444444
