3 0.184375 0.18518518518518517 0.075 0.08148148148148149
0 0.058333333333333334 0.22870370370370371 0.05416666666666667 0.053703703703703705
0 0.14166666666666666 0.21574074074074073 0.058333333333333334 0.05740740740740741
2 0.22083333333333333 0.1787037037037037 0.05625 0.053703703703703705
0 0.6989583333333333 0.6648148148148149 0.25 0.2222222222222222
2 0.6385416666666667 0.2675925925925926 0.11875 0.09444444444444444
0 0.08645833333333333 0.33240740740740743 0.07083333333333333 0.08333333333333333
0 0.66875 0.3925925925925926 0.14791666666666667 0.13333333333333333
0 0.8411458333333334 0.37407407407407406 0.134375 0.09259259259259259
0 0.20416666666666666 0.512962962962963 0.13333333333333333 0.17407407407407408
