0 0.0703125 0.5194444444444445 0.10520833333333333 0.12407407407407407
2 0.090625 0.8740740740740741 0.14166666666666666 0.2518518518518518
0 0.6416666666666667 0.19722222222222222 0.03125 0.046296296296296294
0 0.3453125 0.8240740740740741 0.128125 0.2222222222222222
0 0.6921875 0.20555555555555555 0.03229166666666667 0.04814814814814815
0 0.43385416666666665 0.3972222222222222 0.065625 0.12407407407407407
0 0.74375 0.3138888888888889 0.04791666666666667 0.07592592592592592
0 0.32395833333333335 0.25462962962962965 0.03958333333333333 0.05740740740740741
0 0.665625 0.3425925925925926 0.04791666666666667 0.07777777777777778
0 0.4578125 0.24444444444444444 0.036458333333333336 0.07037037037037037
0 0.8364583333333333 0.2388888888888889 0.041666666666666664 0.05925925925925926
0 0.8380208333333333 0.33055555555555555 0.053125 0.07222222222222222
0 0.8536458333333333 0.5472222222222223 0.09479166666666666 0.12777777777777777
0 0.9151041666666667 0.29907407407407405 0.059375 0.08703703703703704
0 0.7640625 0.6787037037037037 0.11354166666666667 0.1648148148148148
0 0.9609375 0.8518518518518519 0.078125 0.1962962962962963
0 0.5348958333333333 0.17777777777777778 0.026041666666666668 0.037037037037037035
