0 0.63125 0.19074074074074074 0.029166666666666667 0.044444444444444446
0 0.7197916666666667 0.18703703703703703 0.03125 0.04814814814814815
0 0.6890625 0.20925925925925926 0.030208333333333334 0.05185185185185185
0 0.4192708333333333 0.55 0.078125 0.12962962962962962
0 0.659375 0.31296296296296294 0.04583333333333333 0.07407407407407407
0 0.7677083333333333 0.35648148148148145 0.0625 0.09074074074074075
0 0.7916666666666666 0.2740740740740741 0.04375 0.05555555555555555
0 0.32135416666666666 0.3175925925925926 0.046875 0.06111111111111111
0 0.6770833333333334 0.38796296296296295 0.05416666666666667 0.07962962962962963
0 0.8572916666666667 0.26296296296296295 0.04375 0.05185185185185185
0 0.515625 0.22407407407407406 0.03125 0.040740740740740744
0 0.7265625 0.5351851851851852 0.084375 0.1259259259259259
0 0.8786458333333333 0.38796296296296295 0.06979166666666667 0.07962962962962963
0 0.865625 0.575925925925926 0.09166666666666666 0.14074074074074075
0 0.7661458333333333 0.7833333333333333 0.128125 0.21851851851851853
