0 0.34479166666666666 0.10648148148148148 0.06041666666666667 0.09814814814814815
1 0.9052083333333333 0.21388888888888888 0.18958333333333333 0.42407407407407405
0 0.32447916666666665 0.32592592592592595 0.121875 0.17407407407407408
0 0.284375 0.7648148148148148 0.23333333333333334 0.4703703703703704
0 0.42083333333333334 0.1111111111111111 0.0625 0.1037037037037037
2 0.66875 0.007407407407407408 0.04583333333333333 0.011111111111111112
0 0.38645833333333335 0.026851851851851852 0.05416666666666667 0.05
2 0.46822916666666664 0.021296296296296296 0.042708333333333334 0.03888888888888889
0 0.3390625 0.011111111111111112 0.06770833333333333 0.018518518518518517
0 0.5182291666666666 0.05648148148148148 0.04895833333333333 0.08333333333333333
0 0.7963541666666667 0.42407407407407405 0.140625 0.18888888888888888
