0 0.4114583333333333 0.8564814814814815 0.1625 0.25
0 0.5515625 0.4564814814814815 0.07604166666666666 0.13148148148148148
0 0.484375 0.38055555555555554 0.06041666666666667 0.09814814814814815
0 0.5765625 0.2796296296296296 0.04895833333333333 0.07777777777777778
0 0.6541666666666667 0.2972222222222222 0.05 0.08333333333333333
0 0.5859375 0.21574074074074073 0.034375 0.05740740740740741
0 0.5723958333333333 0.20185185185185187 0.030208333333333334 0.05185185185185185
0 0.6317708333333333 0.1962962962962963 0.036458333333333336 0.05555555555555555
0 0.5963541666666666 0.17037037037037037 0.026041666666666668 0.044444444444444446
1 0.4822916666666667 0.20277777777777778 0.12291666666666666 0.14629629629629629
