0 0.6911458333333333 0.07037037037037037 0.019791666666666666 0.037037037037037035
0 0.7041666666666667 0.08055555555555556 0.025 0.03888888888888889
0 0.7203125 0.3388888888888889 0.06770833333333333 0.1111111111111111
0 0.5583333333333333 0.1574074074074074 0.03125 0.05555555555555555
0 0.5838541666666667 0.4074074074074074 0.06979166666666667 0.13333333333333333
0 0.7317708333333334 0.09259259259259259 0.026041666666666668 0.040740740740740744
0 0.7536458333333333 0.10648148148148148 0.028125 0.046296296296296294
0 0.7713541666666667 0.08888888888888889 0.021875 0.03333333333333333
0 0.8536458333333333 0.06851851851851852 0.019791666666666666 0.037037037037037035
0 0.7911458333333333 0.12407407407407407 0.040625 0.05555555555555555
0 0.80625 0.21203703703703702 0.05625 0.08333333333333333
0 0.8072916666666666 0.1574074074074074 0.0375 0.037037037037037035
0 0.5609375 0.11481481481481481 0.028125 0.02962962962962963
0 0.559375 0.06851851851851852 0.01875 0.03333333333333333
0 0.6020833333333333 0.06574074074074074 0.020833333333333332 0.03518518518518519
0 0.8760416666666667 0.35833333333333334 0.09166666666666666 0.12407407407407407
0 0.9552083333333333 0.2972222222222222 0.08958333333333333 0.09074074074074075
