0 0.68125 0.7277777777777777 0.15625 0.3037037037037037
2 0.6036458333333333 0.39444444444444443 0.071875 0.1925925925925926
0 0.7703125 0.41388888888888886 0.10520833333333333 0.1648148148148148
0 0.621875 0.2037037037037037 0.05 0.08888888888888889
0 0.7463541666666667 0.05185185185185185 0.03229166666666667 0.04814814814814815
0 0.759375 0.07685185185185185 0.03333333333333333 0.053703703703703705
0 0.5536458333333333 0.3101851851851852 0.07395833333333333 0.11666666666666667
0 0.8197916666666667 0.11296296296296296 0.04791666666666667 0.06296296296296296
0 0.6703125 0.1361111111111111 0.042708333333333334 0.07592592592592592
0 0.6015625 0.08888888888888889 0.03229166666666667 0.05185185185185185
0 0.8807291666666667 0.14351851851851852 0.057291666666666664 0.07962962962962963
0 0.7890625 0.15185185185185185 0.053125 0.07777777777777778
0 0.88125 0.09259259259259259 0.04583333333333333 0.05925925925925926
0 0.5979166666666667 0.05 0.027083333333333334 0.040740740740740744
0 0.6421875 0.046296296296296294 0.028125 0.044444444444444446
0 0.9598958333333333 0.32685185185185184 0.08020833333333334 0.11666666666666667
0 0.9817708333333334 0.22407407407407406 0.036458333333333336 0.08518518518518518
1 0.5375 0.09907407407407408 0.05625 0.1388888888888889
