0 0.04114583333333333 0.5907407407407408 0.08020833333333334 0.1259259259259259
0 0.8182291666666667 0.2064814814814815 0.053125 0.07592592592592592
0 0.26927083333333335 0.29907407407407405 0.096875 0.09814814814814815
0 0.4203125 0.3435185185185185 0.10729166666666666 0.12777777777777777
2 0.6848958333333334 0.2462962962962963 0.065625 0.0962962962962963
2 0.3260416666666667 0.29814814814814816 0.10625 0.12222222222222222
0 0.7098958333333333 0.3685185185185185 0.08229166666666667 0.11481481481481481
0 0.8619791666666666 0.39444444444444443 0.07395833333333333 0.12962962962962962
0 0.4395833333333333 0.18333333333333332 0.058333333333333334 0.05925925925925926
0 0.9864583333333333 0.28055555555555556 0.027083333333333334 0.09074074074074075
0 0.853125 0.6333333333333333 0.11875 0.2111111111111111
