2 0.10885416666666667 0.37407407407407406 0.171875 0.16666666666666666
0 0.49947916666666664 0.19814814814814816 0.09270833333333334 0.06296296296296296
0 0.2625 0.4064814814814815 0.1625 0.1388888888888889
0 0.6791666666666667 0.18055555555555555 0.0625 0.053703703703703705
0 0.7427083333333333 0.19537037037037036 0.075 0.06111111111111111
0 0.7145833333333333 0.24166666666666667 0.09791666666666667 0.10185185185185185
0 0.73125 0.1361111111111111 0.058333333333333334 0.05
0 0.47708333333333336 0.5064814814814815 0.1875 0.19074074074074074
0 0.3151041666666667 0.7703703703703704 0.253125 0.25925925925925924
0 0.7369791666666666 0.8796296296296297 0.228125 0.24074074074074073
