2 0.6244791666666667 0.17314814814814813 0.030208333333333334 0.053703703703703705
0 0.7322916666666667 0.17407407407407408 0.029166666666666667 0.04814814814814815
0 0.1125 0.6138888888888889 0.125 0.18333333333333332
0 0.19114583333333332 0.362962962962963 0.06354166666666666 0.08148148148148149
0 0.6598958333333333 0.34444444444444444 0.04895833333333333 0.08148148148148149
0 0.7869791666666667 0.40185185185185185 0.059375 0.08888888888888889
0 0.8255208333333334 0.31851851851851853 0.057291666666666664 0.07777777777777778
0 0.875 0.2574074074074074 0.05416666666666667 0.08148148148148149
0 0.43385416666666665 0.2722222222222222 0.03854166666666667 0.05925925925925926
0 0.49322916666666666 0.28425925925925927 0.042708333333333334 0.06851851851851852
0 0.7135416666666666 0.5574074074074075 0.08958333333333333 0.14444444444444443
0 0.8859375 0.6296296296296297 0.11770833333333333 0.15555555555555556
0 0.3828125 0.20462962962962963 0.03229166666666667 0.05
