0 0.6421875 0.13703703703703704 0.036458333333333336 0.06296296296296296
0 0.5864583333333333 0.14907407407407408 0.041666666666666664 0.06851851851851852
0 0.7119791666666667 0.15185185185185185 0.03854166666666667 0.05925925925925926
0 0.6010416666666667 0.2064814814814815 0.041666666666666664 0.07222222222222222
0 0.6822916666666666 0.20277777777777778 0.04791666666666667 0.07222222222222222
0 0.7119791666666667 0.2851851851851852 0.065625 0.1111111111111111
0 0.828125 0.3138888888888889 0.07916666666666666 0.10925925925925926
0 0.6864583333333333 0.4527777777777778 0.09166666666666666 0.14629629629629629
2 0.8953125 0.7 0.13645833333333332 0.24814814814814815
0 0.328125 0.24074074074074073 0.04583333333333333 0.07037037037037037
2 0.25 0.6518518518518519 0.13333333333333333 0.29259259259259257
0 0.46822916666666664 0.5296296296296297 0.08854166666666667 0.1814814814814815
0 0.42291666666666666 0.22407407407407406 0.05 0.07407407407407407
0 0.4953125 0.22777777777777777 0.051041666666666666 0.09259259259259259
0 0.50625 0.16296296296296298 0.035416666666666666 0.05925925925925926
0 0.4744791666666667 0.09814814814814815 0.030208333333333334 0.04814814814814815
0 0.5192708333333333 0.08981481481481482 0.026041666666666668 0.046296296296296294
