0 0.6770833333333334 0.8222222222222222 0.22083333333333333 0.2851851851851852
0 0.34270833333333334 0.13518518518518519 0.04375 0.05185185185185185
0 0.2713541666666667 0.537962962962963 0.103125 0.1648148148148148
0 0.31354166666666666 0.25555555555555554 0.06666666666666667 0.0962962962962963
0 0.3651041666666667 0.39166666666666666 0.10104166666666667 0.12777777777777777
0 0.4979166666666667 0.20277777777777778 0.06875 0.07592592592592592
0 0.14583333333333334 0.2638888888888889 0.058333333333333334 0.09814814814814815
0 0.0296875 0.30092592592592593 0.057291666666666664 0.09444444444444444
0 0.821875 0.33240740740740743 0.11875 0.09444444444444444
0 0.8098958333333334 0.4009259259259259 0.13020833333333334 0.11666666666666667
