0 0.3328125 0.7842592592592592 0.18229166666666666 0.26851851851851855
0 0.4234375 0.4842592592592593 0.090625 0.1388888888888889
0 0.5520833333333334 0.31851851851851853 0.06041666666666667 0.0962962962962963
0 0.5911458333333334 0.2037037037037037 0.040625 0.06296296296296296
0 0.7635416666666667 0.15185185185185185 0.0375 0.05555555555555555
0 0.640625 0.17222222222222222 0.035416666666666666 0.05555555555555555
0 0.5921875 0.16203703703703703 0.03229166666666667 0.05
0 0.5828125 0.14351851851851852 0.030208333333333334 0.046296296296296294
0 0.6473958333333333 0.1287037037037037 0.026041666666666668 0.04259259259259259
1 0.490625 0.175 0.12708333333333333 0.15
