0 0.7515625 0.8759259259259259 0.18854166666666666 0.24814814814814815
0 0.6765625 0.5564814814814815 0.11979166666666667 0.20925925925925926
2 0.6541666666666667 0.33240740740740743 0.07916666666666666 0.17962962962962964
0 0.5916666666666667 0.28055555555555556 0.06666666666666667 0.11296296296296296
0 0.6234375 0.19722222222222222 0.057291666666666664 0.09074074074074075
2 0.8223958333333333 0.4324074074074074 0.109375 0.22777777777777777
0 0.7364583333333333 0.24814814814814815 0.06875 0.12222222222222222
0 0.7911458333333333 0.023148148148148147 0.030208333333333334 0.04259259259259259
0 0.7510416666666667 0.03611111111111111 0.03333333333333333 0.04259259259259259
0 0.7078125 0.18703703703703703 0.057291666666666664 0.08518518518518518
0 0.6067708333333334 0.11666666666666667 0.040625 0.06666666666666667
0 0.8041666666666667 0.0824074074074074 0.041666666666666664 0.05
0 0.8234375 0.1361111111111111 0.05520833333333333 0.07962962962962963
0 0.8890625 0.11574074074074074 0.046875 0.06481481481481481
0 0.6640625 0.07777777777777778 0.036458333333333336 0.05555555555555555
2 0.5828125 0.06296296296296296 0.028125 0.05925925925925926
0 0.9333333333333333 0.18611111111111112 0.07083333333333333 0.08333333333333333
0 0.6046875 0.046296296296296294 0.030208333333333334 0.044444444444444446
1 0.44583333333333336 0.6296296296296297 0.24791666666666667 0.7037037037037037
