0 0.6880208333333333 0.1814814814814815 0.03229166666666667 0.044444444444444446
0 0.6302083333333334 0.19814814814814816 0.029166666666666667 0.05185185185185185
0 0.7442708333333333 0.1814814814814815 0.03229166666666667 0.04814814814814815
0 0.6463541666666667 0.25092592592592594 0.036458333333333336 0.06111111111111111
0 0.7229166666666667 0.24259259259259258 0.041666666666666664 0.06296296296296296
0 0.2947916666666667 0.5416666666666666 0.09166666666666666 0.13518518518518519
0 0.03697916666666667 0.5472222222222223 0.071875 0.14629629629629629
0 0.31354166666666666 0.337037037037037 0.058333333333333334 0.08148148148148149
0 0.440625 0.47685185185185186 0.07708333333333334 0.12407407407407407
0 0.796875 0.18518518518518517 0.0375 0.05185185185185185
0 0.6744791666666666 0.3314814814814815 0.04895833333333333 0.07407407407407407
0 0.22291666666666668 0.33425925925925926 0.0625 0.08333333333333333
0 0.4083333333333333 0.31203703703703706 0.052083333333333336 0.07962962962962963
2 0.7927083333333333 0.38796296296296295 0.0625 0.11666666666666667
2 0.7208333333333333 0.5537037037037037 0.09583333333333334 0.17407407407407408
0 0.8953125 0.375 0.07395833333333333 0.09444444444444444
0 0.8895833333333333 0.5648148148148148 0.10416666666666667 0.14444444444444443
0 0.46145833333333336 0.20092592592592592 0.03125 0.05
0 0.9489583333333333 0.32592592592592595 0.06458333333333334 0.08148148148148149
