0 0.7515625 0.013888888888888888 0.015625 0.024074074074074074
0 0.6760416666666667 0.027777777777777776 0.016666666666666666 0.02962962962962963
0 0.6911458333333333 0.012962962962962963 0.013541666666666667 0.022222222222222223
0 0.69375 0.03981481481481482 0.022916666666666665 0.03518518518518519
0 0.7276041666666667 0.05 0.026041666666666668 0.037037037037037035
0 0.709375 0.06481481481481481 0.025 0.044444444444444446
0 0.5734375 0.13240740740740742 0.034375 0.053703703703703705
0 0.6307291666666667 0.1111111111111111 0.034375 0.05185185185185185
3 0.5854166666666667 0.08611111111111111 0.0375 0.07592592592592592
0 0.8416666666666667 0.1175925925925926 0.04791666666666667 0.05740740740740741
0 0.7651041666666667 0.12037037037037036 0.040625 0.06666666666666667
0 0.8432291666666667 0.19537037037037036 0.053125 0.07962962962962963
0 0.42552083333333335 0.23148148148148148 0.08645833333333333 0.07407407407407407
0 0.5723958333333333 0.04814814814814815 0.021875 0.037037037037037035
0 0.8828125 0.3101851851851852 0.09479166666666666 0.11666666666666667
0 0.9640625 0.2824074074074074 0.071875 0.10185185185185185
