0 0.634375 0.22777777777777777 0.035416666666666666 0.05185185185185185
0 0.7203125 0.26666666666666666 0.040625 0.06296296296296296
0 0.7494791666666667 0.21203703703703702 0.03854166666666667 0.05
0 0.8046875 0.18796296296296297 0.036458333333333336 0.06111111111111111
0 0.3338541666666667 0.4666666666666667 0.071875 0.1111111111111111
0 0.41822916666666665 0.5398148148148149 0.08229166666666667 0.13518518518518519
0 0.6588541666666666 0.31666666666666665 0.046875 0.07407407407407407
0 0.7578125 0.3537037037037037 0.059375 0.08518518518518518
0 0.2984375 0.31666666666666665 0.053125 0.07407407407407407
0 0.8598958333333333 0.25555555555555554 0.04895833333333333 0.05555555555555555
0 0.859375 0.41944444444444445 0.06458333333333334 0.09444444444444444
0 0.7166666666666667 0.5768518518518518 0.08333333333333333 0.13148148148148148
0 0.9427083333333334 0.8277777777777777 0.11458333333333333 0.2111111111111111
