1 0.05260416666666667 0.6342592592592593 0.103125 0.43148148148148147
0 0.31145833333333334 0.24722222222222223 0.052083333333333336 0.07592592592592592
0 0.35572916666666665 0.32314814814814813 0.06145833333333333 0.10925925925925926
0 0.2609375 0.6037037037037037 0.11979166666666667 0.18888888888888888
0 0.43072916666666666 0.5972222222222222 0.103125 0.18703703703703703
0 0.36770833333333336 0.275 0.052083333333333336 0.09444444444444444
0 0.4505208333333333 0.3787037037037037 0.059375 0.11666666666666667
0 0.41510416666666666 0.21944444444444444 0.036458333333333336 0.06851851851851852
0 0.47708333333333336 0.24722222222222223 0.041666666666666664 0.07962962962962963
1 0.38229166666666664 0.15462962962962962 0.0625 0.12037037037037036
0 0.440625 0.17407407407407408 0.03333333333333333 0.05555555555555555
0 0.48020833333333335 0.18611111111111112 0.03125 0.05
1 0.9322916666666666 0.5657407407407408 0.13541666666666666 0.4722222222222222
