0 0.07604166666666666 0.8009259259259259 0.15 0.32407407407407407
0 0.346875 0.287962962962963 0.07916666666666666 0.11666666666666667
0 0.6140625 0.6398148148148148 0.11979166666666667 0.2796296296296296
0 0.5880208333333333 0.25462962962962965 0.06354166666666666 0.11666666666666667
0 0.7723958333333333 0.021296296296296296 0.04895833333333333 0.03888888888888889
0 0.2994791666666667 0.17407407407407408 0.07604166666666666 0.09259259259259259
0 0.5161458333333333 0.07037037037037037 0.040625 0.05925925925925926
0 0.6453125 0.06481481481481481 0.04479166666666667 0.06296296296296296
0 0.5880208333333333 0.027777777777777776 0.034375 0.05185185185185185
0 0.4588541666666667 0.03148148148148148 0.040625 0.05925925925925926
0 0.8916666666666667 0.17685185185185184 0.08541666666666667 0.08703703703703704
