2 0.6463541666666667 0.13055555555555556 0.034375 0.06481481481481481
0 0.6864583333333333 0.2 0.041666666666666664 0.06666666666666667
0 0.7010416666666667 0.4074074074074074 0.0875 0.14814814814814814
0 0.3255208333333333 0.5407407407407407 0.10520833333333333 0.17777777777777778
0 0.2734375 0.42685185185185187 0.096875 0.12407407407407407
0 0.4078125 0.31203703703703706 0.065625 0.09814814814814815
0 0.3609375 0.25925925925925924 0.05520833333333333 0.08148148148148149
0 0.4515625 0.19722222222222222 0.042708333333333334 0.06481481481481481
0 0.5036458333333333 0.2861111111111111 0.053125 0.09814814814814815
2 0.4083333333333333 0.1638888888888889 0.04583333333333333 0.10185185185185185
0 0.47604166666666664 0.14351851851851852 0.03125 0.053703703703703705
0 0.5307291666666667 0.11574074074074074 0.028125 0.046296296296296294
0 0.49166666666666664 0.10185185185185185 0.022916666666666665 0.040740740740740744
