0 0.6489583333333333 0.3592592592592593 0.07916666666666666 0.14074074074074075
0 0.5802083333333333 0.2851851851851852 0.06041666666666667 0.1037037037037037
2 0.61875 0.21944444444444444 0.052083333333333336 0.10925925925925926
0 0.8630208333333333 0.6462962962962963 0.15520833333333334 0.25555555555555554
0 0.5588541666666667 0.19537037037037036 0.053125 0.07962962962962963
0 0.7734375 0.34814814814814815 0.10104166666666667 0.17037037037037037
0 0.6098958333333333 0.15 0.046875 0.07407407407407407
2 0.6958333333333333 0.17222222222222222 0.05 0.10740740740740741
0 0.7880208333333333 0.062037037037037036 0.034375 0.053703703703703705
0 0.6552083333333333 0.12037037037037036 0.03958333333333333 0.06666666666666667
0 0.8510416666666667 0.08055555555555556 0.04375 0.053703703703703705
0 0.8145833333333333 0.1175925925925926 0.04791666666666667 0.06111111111111111
0 0.6572916666666667 0.08888888888888889 0.035416666666666666 0.044444444444444446
0 0.5958333333333333 0.06111111111111111 0.03125 0.04814814814814815
0 0.9270833333333334 0.21203703703703702 0.07083333333333333 0.08333333333333333
1 0.45989583333333334 0.5814814814814815 0.215625 0.6666666666666666
