0 0.6541666666666667 0.0712962962962963 0.027083333333333334 0.03888888888888889
0 0.6380208333333334 0.42962962962962964 0.078125 0.14814814814814814
0 0.7651041666666667 0.4101851851851852 0.084375 0.1685185185185185
0 0.5229166666666667 0.31851851851851853 0.06458333333333334 0.1037037037037037
2 0.6947916666666667 0.06851851851851852 0.029166666666666667 0.040740740740740744
3 0.5838541666666667 0.15925925925925927 0.046875 0.12222222222222222
0 0.6604166666666667 0.23148148148148148 0.04791666666666667 0.08518518518518518
0 0.7421875 0.13148148148148148 0.036458333333333336 0.044444444444444446
0 0.6145833333333334 0.10833333333333334 0.029166666666666667 0.05
0 0.575 0.06481481481481481 0.022916666666666665 0.044444444444444446
0 0.6041666666666666 0.05185185185185185 0.022916666666666665 0.03333333333333333
