0 0.24479166666666666 0.9425925925925925 0.13958333333333334 0.11481481481481481
2 0.6692708333333334 0.7111111111111111 0.23020833333333332 0.34074074074074073
0 0.5442708333333334 0.45092592592592595 0.11979166666666667 0.1537037037037037
0 0.48802083333333335 0.10185185185185185 0.046875 0.05185185185185185
2 0.22135416666666666 0.387037037037037 0.08645833333333333 0.16666666666666666
0 0.45260416666666664 0.14629629629629629 0.05520833333333333 0.05925925925925926
0 0.05 0.31203703703703706 0.05416666666666667 0.09444444444444444
0 0.6354166666666666 0.14814814814814814 0.06875 0.07037037037037037
0 0.18385416666666668 0.2324074074074074 0.053125 0.07962962962962963
0 0.6927083333333334 0.3055555555555556 0.10416666666666667 0.09259259259259259
2 0.020833333333333332 0.2064814814814815 0.03958333333333333 0.09444444444444444
0 0.14739583333333334 0.1712962962962963 0.04479166666666667 0.06481481481481481
0 0.8447916666666667 0.2657407407407407 0.11458333333333333 0.09074074074074075
0 0.8958333333333334 0.3527777777777778 0.1375 0.11666666666666667
