0 0.7 0.8805555555555555 0.17708333333333334 0.2388888888888889
0 0.6661458333333333 0.475 0.109375 0.22407407407407406
0 0.9182291666666667 0.7601851851851852 0.16354166666666667 0.30925925925925923
0 0.6130208333333333 0.23055555555555557 0.05520833333333333 0.09814814814814815
0 0.7697916666666667 0.04537037037037037 0.03125 0.046296296296296294
0 0.7875 0.03518518518518519 0.022916666666666665 0.040740740740740744
0 0.7364583333333333 0.27685185185185185 0.07083333333333333 0.11296296296296296
2 0.59375 0.1537037037037037 0.041666666666666664 0.08888888888888889
0 0.8161458333333333 0.06944444444444445 0.03854166666666667 0.053703703703703705
0 0.634375 0.12962962962962962 0.041666666666666664 0.07037037037037037
0 0.775 0.09351851851851851 0.0375 0.06111111111111111
0 0.6046875 0.08425925925925926 0.030208333333333334 0.053703703703703705
0 0.8979166666666667 0.12222222222222222 0.052083333333333336 0.06296296296296296
0 0.875 0.15462962962962962 0.06041666666666667 0.06851851851851852
0 0.8796875 0.20833333333333334 0.065625 0.09074074074074075
