0 0.184375 0.3055555555555556 0.08958333333333333 0.07407407407407407
0 0.3380208333333333 0.8944444444444445 0.165625 0.2111111111111111
1 0.2552083333333333 0.3212962962962963 0.15416666666666667 0.2351851851851852
0 0.3078125 0.4824074074074074 0.09479166666666666 0.14629629629629629
0 0.44114583333333335 0.39444444444444443 0.07604166666666666 0.1111111111111111
0 0.3463541666666667 0.25555555555555554 0.04895833333333333 0.07407407407407407
0 0.4078125 0.28703703703703703 0.057291666666666664 0.07407407407407407
0 0.6807291666666667 0.3907407407407407 0.071875 0.10740740740740741
0 0.47552083333333334 0.24814814814814815 0.046875 0.06666666666666667
0 0.3984375 0.20277777777777778 0.036458333333333336 0.05740740740740741
0 0.41822916666666665 0.22592592592592592 0.03854166666666667 0.06296296296296296
0 0.48385416666666664 0.1824074074074074 0.036458333333333336 0.05
0 0.43697916666666664 0.16666666666666666 0.030208333333333334 0.05185185185185185
