0 0.6286458333333333 0.8416666666666667 0.12395833333333334 0.2796296296296296
0 0.58125 0.11296296296296296 0.027083333333333334 0.04814814814814815
0 0.5932291666666667 0.21388888888888888 0.04479166666666667 0.07592592592592592
0 0.37916666666666665 0.27685185185185185 0.1125 0.08703703703703704
0 0.7114583333333333 0.0824074074074074 0.029166666666666667 0.046296296296296294
0 0.7432291666666667 0.10092592592592593 0.03229166666666667 0.05
0 0.75 0.06481481481481481 0.025 0.040740740740740744
0 0.7822916666666667 0.13333333333333333 0.03958333333333333 0.05555555555555555
0 0.8302083333333333 0.17314814814814813 0.05 0.07222222222222222
0 0.5661458333333333 0.053703703703703705 0.017708333333333333 0.03333333333333333
0 0.8317708333333333 0.2638888888888889 0.07604166666666666 0.09074074074074075
0 0.896875 0.22962962962962963 0.06666666666666667 0.08148148148148149
0 0.6015625 0.03425925925925926 0.015625 0.024074074074074074
