0 0.3109375 0.24351851851851852 0.051041666666666666 0.07592592592592592
0 0.1453125 0.7546296296296297 0.140625 0.24259259259259258
0 0.3421875 0.38055555555555554 0.06770833333333333 0.12037037037037036
0 0.3463541666666667 0.8777777777777778 0.15104166666666666 0.2
1 0.38385416666666666 0.17314814814814813 0.059375 0.1425925925925926
0 0.43854166666666666 0.27870370370370373 0.052083333333333336 0.07592592592592592
0 0.434375 0.42314814814814816 0.06875 0.13148148148148148
1 0.9145833333333333 0.5462962962962963 0.17083333333333334 0.5222222222222223
0 0.48333333333333334 0.21574074074074073 0.04583333333333333 0.07962962962962963
2 0.453125 0.1638888888888889 0.04791666666666667 0.10925925925925926
