0 0.6322916666666667 0.11851851851851852 0.035416666666666666 0.05555555555555555
0 0.6822916666666666 0.12777777777777777 0.035416666666666666 0.05185185185185185
0 0.659375 0.175 0.03958333333333333 0.05740740740740741
0 0.6942708333333333 0.23148148148148148 0.053125 0.08888888888888889
0 0.6213541666666667 0.27685185185185185 0.057291666666666664 0.09444444444444444
0 0.7958333333333333 0.27870370370370373 0.06666666666666667 0.10185185185185185
0 0.7739583333333333 0.43333333333333335 0.10625 0.16666666666666666
0 0.7182291666666667 0.7074074074074074 0.16145833333333334 0.27037037037037037
0 0.94375 0.7083333333333334 0.06875 0.22407407407407406
0 0.3234375 0.22870370370370371 0.051041666666666666 0.07222222222222222
0 0.309375 0.5935185185185186 0.12708333333333333 0.19814814814814816
0 0.3802083333333333 0.24444444444444444 0.05 0.07777777777777778
0 0.3645833333333333 0.3472222222222222 0.07916666666666666 0.11296296296296296
2 0.44947916666666665 0.1638888888888889 0.03854166666666667 0.07962962962962963
0 0.5109375 0.15462962962962962 0.03854166666666667 0.05740740740740741
0 0.4328125 0.12129629629629629 0.028125 0.046296296296296294
