0 0.15833333333333333 0.44074074074074077 0.1625 0.14444444444444443
2 0.2640625 0.43796296296296294 0.20729166666666668 0.19444444444444445
0 0.51875 0.21666666666666667 0.0875 0.07407407407407407
0 0.56875 0.2675925925925926 0.10625 0.08333333333333333
0 0.89375 0.30277777777777776 0.1 0.09814814814814815
0 0.6067708333333334 0.21388888888888888 0.08645833333333333 0.06111111111111111
0 0.7885416666666667 0.17962962962962964 0.075 0.06666666666666667
0 0.7036458333333333 0.5703703703703704 0.184375 0.17777777777777778
0 0.7927083333333333 0.12314814814814815 0.058333333333333334 0.053703703703703705
0 0.8609375 0.18703703703703703 0.07395833333333333 0.07037037037037037
2 0.5536458333333333 0.8546296296296296 0.346875 0.29074074074074074
