0 0.4901041666666667 0.12777777777777777 0.030208333333333334 0.04814814814814815
0 0.7020833333333333 0.06388888888888888 0.025 0.03518518518518519
0 0.5583333333333333 0.387037037037037 0.08333333333333333 0.13333333333333333
1 0.5385416666666667 0.1361111111111111 0.058333333333333334 0.1425925925925926
0 0.5776041666666667 0.11851851851851852 0.021875 0.044444444444444446
0 0.6869791666666667 0.09907407407407408 0.03229166666666667 0.05
0 0.7338541666666667 0.09814814814814815 0.034375 0.05185185185185185
0 0.6213541666666667 0.0962962962962963 0.03229166666666667 0.05555555555555555
0 0.6052083333333333 0.06111111111111111 0.027083333333333334 0.040740740740740744
0 0.5755208333333334 0.08703703703703704 0.021875 0.044444444444444446
0 0.9729166666666667 0.2722222222222222 0.04583333333333333 0.1037037037037037
