0 0.1890625 0.28888888888888886 0.09895833333333333 0.06666666666666667
1 0.12395833333333334 0.4444444444444444 0.24583333333333332 0.37407407407407406
0 0.3026041666666667 0.3287037037037037 0.06770833333333333 0.10555555555555556
0 0.24635416666666668 0.6407407407407407 0.134375 0.2222222222222222
0 0.6208333333333333 0.21574074074074073 0.041666666666666664 0.06851851851851852
0 0.4109375 0.44722222222222224 0.08229166666666667 0.12777777777777777
0 0.39479166666666665 0.2777777777777778 0.04791666666666667 0.07407407407407407
0 0.33541666666666664 0.40555555555555556 0.07916666666666666 0.12962962962962962
0 0.46927083333333336 0.27685185185185185 0.05520833333333333 0.07592592592592592
0 0.38177083333333334 0.2101851851851852 0.051041666666666666 0.06481481481481481
0 0.3953125 0.16111111111111112 0.036458333333333336 0.05185185185185185
0 0.6609375 0.6953703703703704 0.115625 0.20925925925925926
0 0.453125 0.15185185185185185 0.03125 0.04814814814814815
