0 0.4973958333333333 0.11666666666666667 0.03854166666666667 0.05925925925925926
0 0.590625 0.2601851851851852 0.06041666666666667 0.10185185185185185
0 0.6984375 0.0712962962962963 0.034375 0.046296296296296294
0 0.7385416666666667 0.06388888888888888 0.03333333333333333 0.04259259259259259
0 0.5828125 0.13518518518518519 0.03854166666666667 0.05555555555555555
0 0.7520833333333333 0.11574074074074074 0.03958333333333333 0.046296296296296294
0 0.5614583333333333 0.10462962962962963 0.03125 0.05
0 0.6385416666666667 0.1259259259259259 0.03125 0.05925925925925926
0 0.7578125 0.1824074074074074 0.053125 0.06111111111111111
0 0.8338541666666667 0.15092592592592594 0.059375 0.07222222222222222
2 0.6078125 0.06388888888888888 0.030208333333333334 0.053703703703703705
0 0.8223958333333333 0.26851851851851855 0.07604166666666666 0.1037037037037037
0 0.934375 0.27037037037037037 0.07916666666666666 0.10740740740740741
