2 0.6291666666666667 0.19074074074074074 0.03333333333333333 0.05925925925925926
0 0.3411458333333333 0.8824074074074074 0.14270833333333333 0.2351851851851852
0 0.27708333333333335 0.5694444444444444 0.0875 0.1388888888888889
0 0.7333333333333333 0.18518518518518517 0.03333333333333333 0.044444444444444446
2 0.26666666666666666 0.37592592592592594 0.06666666666666667 0.11851851851851852
0 0.64375 0.27685185185185185 0.041666666666666664 0.06481481481481481
2 0.7015625 0.22962962962962963 0.040625 0.07037037037037037
2 0.415625 0.2916666666666667 0.041666666666666664 0.08333333333333333
2 0.384375 0.23425925925925925 0.03125 0.06111111111111111
0 0.3359375 0.22407407407407406 0.034375 0.05925925925925926
0 0.8083333333333333 0.45555555555555555 0.07916666666666666 0.11851851851851852
0 0.45729166666666665 0.22314814814814815 0.03333333333333333 0.05
0 0.42239583333333336 0.18333333333333332 0.026041666666666668 0.040740740740740744
0 0.9291666666666667 0.40925925925925927 0.07916666666666666 0.10740740740740741
2 0.3770833333333333 0.17777777777777778 0.027083333333333334 0.05185185185185185
0 0.46979166666666666 0.17777777777777778 0.029166666666666667 0.044444444444444446
0 0.7765625 0.8935185185185185 0.134375 0.21296296296296297
