0 0.24791666666666667 0.037037037037037035 0.025 0.03333333333333333
0 0.22864583333333333 0.05 0.028125 0.03333333333333333
2 0.5458333333333333 0.4351851851851852 0.14375 0.1814814814814815
0 0.234375 0.07222222222222222 0.03125 0.02962962962962963
0 0.4276041666666667 0.10648148148148148 0.046875 0.046296296296296294
0 0.3729166666666667 0.14074074074074075 0.05 0.044444444444444446
0 0.36822916666666666 0.1111111111111111 0.04895833333333333 0.040740740740740744
2 0.22395833333333334 0.1648148148148148 0.05 0.08148148148148149
0 0.12447916666666667 0.15925925925925927 0.042708333333333334 0.05925925925925926
0 0.05416666666666667 0.18055555555555555 0.041666666666666664 0.05740740740740741
0 0.5552083333333333 0.1537037037037037 0.0625 0.05925925925925926
0 0.15677083333333333 0.11481481481481481 0.036458333333333336 0.044444444444444446
0 0.09583333333333334 0.11296296296296296 0.03333333333333333 0.044444444444444446
0 0.5979166666666667 0.2574074074074074 0.09166666666666666 0.07037037037037037
0 0.6895833333333333 0.2518518518518518 0.10625 0.08148148148148149
0 0.9067708333333333 0.24537037037037038 0.10729166666666666 0.07962962962962963
