0 0.6322916666666667 0.6324074074074074 0.11458333333333333 0.24259259259259258
0 0.5265625 0.35555555555555557 0.059375 0.10740740740740741
0 0.61875 0.2962962962962963 0.052083333333333336 0.08518518518518518
0 0.6921875 0.11203703703703703 0.026041666666666668 0.03148148148148148
0 0.7052083333333333 0.14907407407407408 0.03958333333333333 0.05
0 0.6598958333333333 0.24537037037037038 0.053125 0.06851851851851852
0 0.5859375 0.17592592592592593 0.036458333333333336 0.05185185185185185
0 0.6515625 0.2037037037037037 0.042708333333333334 0.040740740740740744
0 0.7770833333333333 0.19537037037037036 0.04375 0.06111111111111111
0 0.8552083333333333 0.22777777777777777 0.052083333333333336 0.07037037037037037
0 0.8432291666666667 0.34074074074074073 0.084375 0.0962962962962963
0 0.5890625 0.12685185185185185 0.028125 0.04259259259259259
0 0.6192708333333333 0.1111111111111111 0.023958333333333335 0.037037037037037035
0 0.5427083333333333 0.1111111111111111 0.025 0.040740740740740744
