0 0.6197916666666666 0.1712962962962963 0.03125 0.05
0 0.6875 0.1814814814814815 0.03333333333333333 0.05925925925925926
0 0.7177083333333333 0.2462962962962963 0.04583333333333333 0.07777777777777778
0 0.6473958333333333 0.275 0.04479166666666667 0.07222222222222222
0 0.7864583333333334 0.24351851851851852 0.04375 0.06111111111111111
0 0.8359375 0.30833333333333335 0.057291666666666664 0.07222222222222222
0 0.8072916666666666 0.45925925925925926 0.08125 0.11481481481481481
0 0.50625 0.2351851851851852 0.03333333333333333 0.05925925925925926
2 0.7651041666666667 0.6768518518518518 0.11770833333333333 0.2351851851851852
0 0.40208333333333335 0.19444444444444445 0.035416666666666666 0.05555555555555555
0 0.3640625 0.18333333333333332 0.03229166666666667 0.04814814814814815
