1 0.80625 0.040740740740740744 0.14791666666666667 0.07777777777777778
0 0.2171875 0.262037037037037 0.10104166666666667 0.1685185185185185
0 0.075 0.7972222222222223 0.14791666666666667 0.37222222222222223
3 0.3145833333333333 0.24074074074074073 0.15625 0.34074074074074073
0 0.39895833333333336 0.028703703703703703 0.04375 0.053703703703703705
1 0.928125 0.21944444444444444 0.14375 0.4351851851851852
0 0.6932291666666667 0.021296296296296296 0.051041666666666666 0.03888888888888889
0 0.4317708333333333 0.07037037037037037 0.059375 0.09259259259259259
0 0.5036458333333333 0.09907407407407408 0.06354166666666666 0.10555555555555556
0 0.8151041666666666 0.3685185185185185 0.14270833333333333 0.18888888888888888
