0 0.6541666666666667 0.25092592592592594 0.03958333333333333 0.06111111111111111
0 0.7369791666666666 0.25462962962962965 0.040625 0.06481481481481481
0 0.7645833333333333 0.20462962962962963 0.0375 0.06111111111111111
0 0.3697916666666667 0.3861111111111111 0.06041666666666667 0.09074074074074075
0 0.184375 0.3490740740740741 0.06041666666666667 0.07592592592592592
0 0.371875 0.2462962962962963 0.041666666666666664 0.05555555555555555
0 0.7197916666666667 0.32314814814814813 0.04583333333333333 0.07592592592592592
0 0.3671875 0.30277777777777776 0.051041666666666666 0.06481481481481481
0 0.8557291666666667 0.2388888888888889 0.042708333333333334 0.06296296296296296
0 0.8885416666666667 0.612037037037037 0.10625 0.16111111111111112
0 0.5161458333333333 0.2 0.03229166666666667 0.044444444444444446
0 0.4635416666666667 0.18611111111111112 0.03333333333333333 0.04259259259259259
