3 0.10052083333333334 0.16666666666666666 0.06145833333333333 0.07037037037037037
0 0.03854166666666667 0.18796296296296297 0.04791666666666667 0.05
2 0.10520833333333333 0.1638888888888889 0.04375 0.046296296296296294
2 0.41875 0.21851851851851853 0.08958333333333333 0.07777777777777778
0 0.3234375 0.4546296296296296 0.11770833333333333 0.13148148148148148
0 0.309375 0.2833333333333333 0.08958333333333333 0.08148148148148149
0 0.5052083333333334 0.2814814814814815 0.09166666666666666 0.07407407407407407
0 0.115625 0.4444444444444444 0.10416666666666667 0.12222222222222222
0 0.7052083333333333 0.4398148148148148 0.15833333333333333 0.13148148148148148
0 0.7125 0.8453703703703703 0.28541666666666665 0.30925925925925923
