0 0.2755208333333333 0.02962962962962963 0.023958333333333335 0.02962962962962963
0 0.6130208333333333 0.7074074074074074 0.19895833333333332 0.29259259259259257
0 0.321875 0.040740740740740744 0.020833333333333332 0.03333333333333333
2 0.30572916666666666 0.05555555555555555 0.03229166666666667 0.044444444444444446
0 0.17291666666666666 0.23703703703703705 0.0625 0.10740740740740741
0 0.27239583333333334 0.21296296296296297 0.05520833333333333 0.08148148148148149
0 0.3328125 0.0962962962962963 0.03854166666666667 0.044444444444444446
0 0.3416666666666667 0.12962962962962962 0.04375 0.040740740740740744
2 0.4015625 0.07314814814814814 0.04895833333333333 0.05
0 0.059895833333333336 0.18055555555555555 0.04895833333333333 0.06111111111111111
0 0.39739583333333334 0.12407407407407407 0.057291666666666664 0.06296296296296296
2 0.5489583333333333 0.14722222222222223 0.058333333333333334 0.07592592592592592
0 0.11302083333333333 0.14166666666666666 0.042708333333333334 0.053703703703703705
0 0.06197916666666667 0.10555555555555556 0.03229166666666667 0.040740740740740744
0 0.1328125 0.08981481481481482 0.03854166666666667 0.053703703703703705
0 0.7630208333333334 0.2 0.090625 0.07407407407407407
0 0.66875 0.2564814814814815 0.09375 0.09814814814814815
0 0.8526041666666667 0.4 0.146875 0.13333333333333333
0 0.010416666666666666 0.09444444444444444 0.01875 0.040740740740740744
