0 0.6848958333333334 0.1935185185185185 0.034375 0.046296296296296294
0 0.3203125 0.8175925925925925 0.134375 0.2462962962962963
2 0.303125 0.5037037037037037 0.09375 0.16666666666666666
0 0.6322916666666667 0.2064814814814815 0.029166666666666667 0.046296296296296294
0 0.2598958333333333 0.38425925925925924 0.06770833333333333 0.09074074074074075
0 0.7510416666666667 0.225 0.03958333333333333 0.05740740740740741
2 0.815625 0.20277777777777778 0.04375 0.06111111111111111
0 0.6671875 0.34814814814814815 0.051041666666666666 0.07777777777777778
0 0.4296875 0.26851851851851855 0.040625 0.06296296296296296
0 0.7479166666666667 0.31296296296296294 0.052083333333333336 0.07037037037037037
0 0.515625 0.2074074074074074 0.035416666666666666 0.05925925925925926
