0 0.22447916666666667 0.30648148148148147 0.10104166666666667 0.07592592592592592
1 0.08645833333333333 0.5972222222222222 0.17083333333333334 0.5166666666666667
0 0.2630208333333333 0.3962962962962963 0.08229166666666667 0.11481481481481481
0 0.2947916666666667 0.912962962962963 0.175 0.17407407407407408
0 0.3802083333333333 0.37777777777777777 0.06458333333333334 0.11481481481481481
0 0.08072916666666667 0.9027777777777778 0.159375 0.19444444444444445
0 0.42239583333333336 0.4583333333333333 0.084375 0.13518518518518519
0 0.3223958333333333 0.24074074074074073 0.057291666666666664 0.07777777777777778
0 0.375 0.19722222222222222 0.041666666666666664 0.06851851851851852
0 0.5973958333333333 0.337037037037037 0.057291666666666664 0.08888888888888889
0 0.440625 0.18888888888888888 0.03333333333333333 0.05555555555555555
0 0.4557291666666667 0.1527777777777778 0.026041666666666668 0.04259259259259259
0 0.7395833333333334 0.862037037037037 0.16875 0.2537037037037037
