0 0.3489583333333333 0.14351851851851852 0.06041666666666667 0.10555555555555556
1 0.9046875 0.21388888888888888 0.190625 0.42407407407407405
0 0.15364583333333334 0.6018518518518519 0.20104166666666667 0.3148148148148148
0 0.3453125 0.06851851851851852 0.071875 0.08518518518518518
2 0.4328125 0.1824074074074074 0.08229166666666667 0.15
0 0.37135416666666665 0.025925925925925925 0.051041666666666666 0.04814814814814815
0 0.4083333333333333 0.7796296296296297 0.17708333333333334 0.3925925925925926
0 0.6614583333333334 0.011111111111111112 0.04375 0.018518518518518517
0 0.4317708333333333 0.06574074074074074 0.05520833333333333 0.07962962962962963
0 0.5119791666666667 0.07037037037037037 0.05520833333333333 0.08888888888888889
2 0.8333333333333334 0.3990740740740741 0.1375 0.2351851851851852
0 0.6822916666666666 0.5398148148148149 0.14166666666666666 0.24259259259259258
0 0.5145833333333333 0.020370370370370372 0.04375 0.037037037037037035
