0 0.7255208333333333 0.8212962962962963 0.259375 0.29444444444444445
0 0.28958333333333336 0.04722222222222222 0.029166666666666667 0.03888888888888889
0 0.27395833333333336 0.06944444444444445 0.035416666666666666 0.03888888888888889
1 0.3453125 0.03148148148148148 0.07604166666666666 0.05925925925925926
2 0.3640625 0.2777777777777778 0.08645833333333333 0.12222222222222222
0 0.29375 0.09907407407407408 0.041666666666666664 0.03888888888888889
0 0.5177083333333333 0.13703703703703704 0.058333333333333334 0.05555555555555555
0 0.4671875 0.18611111111111112 0.06354166666666666 0.053703703703703705
0 0.4703125 0.15648148148148147 0.06145833333333333 0.05740740740740741
2 0.17135416666666667 0.1175925925925926 0.03854166666666667 0.06481481481481481
0 0.09635416666666667 0.11851851851851852 0.03229166666666667 0.05185185185185185
0 0.03177083333333333 0.13796296296296295 0.036458333333333336 0.05
0 0.7 0.20833333333333334 0.08541666666666667 0.07962962962962963
0 0.12552083333333333 0.0824074074074074 0.030208333333333334 0.03888888888888889
0 0.0703125 0.08148148148148149 0.028125 0.040740740740740744
0 0.8270833333333333 0.36666666666666664 0.13541666666666666 0.1
0 0.9458333333333333 0.3768518518518518 0.10833333333333334 0.11296296296296296
