0 0.5822916666666667 0.15185185185185185 0.03125 0.05925925925925926
0 0.6 0.287962962962963 0.05625 0.09444444444444444
0 0.3307291666666667 0.30185185185185187 0.078125 0.1
0 0.7046875 0.0787037037037037 0.019791666666666666 0.03518518518518519
0 0.7270833333333333 0.09722222222222222 0.027083333333333334 0.04259259259259259
0 0.7375 0.06851851851851852 0.025 0.03333333333333333
0 0.7598958333333333 0.12222222222222222 0.034375 0.04814814814814815
0 0.7963541666666667 0.14907407407407408 0.042708333333333334 0.053703703703703705
0 0.5666666666666667 0.07777777777777778 0.025 0.037037037037037035
0 0.7682291666666666 0.20277777777777778 0.05520833333333333 0.07222222222222222
0 0.840625 0.19074074074074074 0.05416666666666667 0.07037037037037037
0 0.9213541666666667 0.30462962962962964 0.078125 0.10555555555555556
0 0.6015625 0.049074074074074076 0.017708333333333333 0.03148148148148148
0 0.5838541666666667 0.03518518518518519 0.015625 0.02962962962962963
0 0.55625 0.04351851851851852 0.014583333333333334 0.027777777777777776
