0 0.5708333333333333 0.28055555555555556 0.07916666666666666 0.11296296296296296
2 0.6953125 0.7574074074074074 0.171875 0.42962962962962964
0 0.6223958333333334 0.4648148148148148 0.090625 0.17777777777777778
0 0.8520833333333333 0.5935185185185186 0.16875 0.3055555555555556
1 0.503125 0.08425925925925926 0.05625 0.1648148148148148
0 0.58125 0.14722222222222223 0.041666666666666664 0.06851851851851852
0 0.7041666666666667 0.27037037037037037 0.07708333333333334 0.1111111111111111
0 0.6390625 0.1361111111111111 0.042708333333333334 0.06111111111111111
2 0.628125 0.09074074074074075 0.041666666666666664 0.07777777777777778
0 0.5666666666666667 0.06851851851851852 0.027083333333333334 0.044444444444444446
0 0.7875 0.1388888888888889 0.05416666666666667 0.06666666666666667
0 0.5822916666666667 0.03981481481481482 0.025 0.03518518518518519
1 0.446875 0.4638888888888889 0.175 0.512962962962963
