0 0.16979166666666667 0.5027777777777778 0.09583333333333334 0.1388888888888889
0 0.03125 0.5555555555555556 0.06041666666666667 0.17037037037037037
2 0.6276041666666666 0.18425925925925926 0.03229166666666667 0.06481481481481481
0 0.4166666666666667 0.5768518518518518 0.09166666666666666 0.1537037037037037
0 0.275 0.6203703703703703 0.10208333333333333 0.16296296296296298
0 0.2703125 0.35555555555555557 0.057291666666666664 0.08518518518518518
0 0.6869791666666667 0.19907407407407407 0.030208333333333334 0.05
0 0.7458333333333333 0.19907407407407407 0.035416666666666666 0.05
0 0.47708333333333336 0.32592592592592595 0.05416666666666667 0.1037037037037037
2 0.7104166666666667 0.2675925925925926 0.04583333333333333 0.08333333333333333
0 0.42239583333333336 0.27314814814814814 0.040625 0.06481481481481481
0 0.7927083333333333 0.44166666666666665 0.07291666666666667 0.10185185185185185
0 0.5036458333333333 0.2388888888888889 0.036458333333333336 0.06296296296296296
2 0.46875 0.18518518518518517 0.03333333333333333 0.05555555555555555
0 0.7651041666666667 0.7379629629629629 0.115625 0.1685185185185185
0 0.41875 0.1787037037037037 0.029166666666666667 0.04259259259259259
