0 0.27447916666666666 0.5574074074074075 0.153125 0.14444444444444443
0 0.34010416666666665 0.41388888888888886 0.103125 0.10925925925925926
0 0.7098958333333333 0.3453703703703704 0.065625 0.07962962962962963
0 0.328125 0.36574074074074076 0.075 0.08703703703703704
0 0.225 0.3907407407407407 0.09583333333333334 0.08518518518518518
2 0.5557291666666667 0.3037037037037037 0.07395833333333333 0.1037037037037037
0 0.7479166666666667 0.46944444444444444 0.07708333333333334 0.11296296296296296
0 0.41458333333333336 0.2740740740740741 0.05 0.05925925925925926
2 0.5385416666666667 0.22962962962962963 0.05416666666666667 0.06296296296296296
0 0.5854166666666667 0.23796296296296296 0.04791666666666667 0.046296296296296294
