0 0.83125 0.6814814814814815 0.23333333333333334 0.3
0 0.19427083333333334 0.05 0.026041666666666668 0.025925925925925925
0 0.22708333333333333 0.040740740740740744 0.027083333333333334 0.03333333333333333
0 0.27239583333333334 0.03796296296296296 0.023958333333333335 0.027777777777777776
2 0.6161458333333333 0.6657407407407407 0.17395833333333333 0.29444444444444445
0 0.2755208333333333 0.5509259259259259 0.11145833333333334 0.1685185185185185
2 0.2682291666666667 0.05648148148148148 0.036458333333333336 0.053703703703703705
0 0.24270833333333333 0.0787037037037037 0.03333333333333333 0.03518518518518519
0 0.3671875 0.058333333333333334 0.034375 0.03888888888888889
0 0.30416666666666664 0.22407407407407406 0.06041666666666667 0.07777777777777778
2 0.36614583333333334 0.1037037037037037 0.04895833333333333 0.05555555555555555
0 0.396875 0.08796296296296297 0.035416666666666666 0.046296296296296294
0 0.45625 0.15 0.05416666666666667 0.05555555555555555
0 0.37395833333333334 0.14537037037037037 0.04375 0.05
0 0.11145833333333334 0.2824074074074074 0.06041666666666667 0.09074074074074075
0 0.051041666666666666 0.14629629629629629 0.041666666666666664 0.05555555555555555
0 0.16822916666666668 0.12129629629629629 0.036458333333333336 0.05
0 0.6046875 0.2222222222222222 0.08645833333333333 0.07407407407407407
0 0.684375 0.20555555555555555 0.08541666666666667 0.07407407407407407
0 0.8760416666666667 0.3611111111111111 0.1375 0.1111111111111111
0 0.9369791666666667 0.46296296296296297 0.12604166666666666 0.11851851851851852
0 0.06510416666666667 0.06666666666666667 0.026041666666666668 0.03333333333333333
