0 0.03177083333333333 0.5962962962962963 0.06145833333333333 0.1259259259259259
0 0.9473958333333333 0.1685185185185185 0.03229166666666667 0.05185185185185185
0 0.8322916666666667 0.16111111111111112 0.03333333333333333 0.044444444444444446
0 0.7770833333333333 0.16203703703703703 0.035416666666666666 0.046296296296296294
0 0.21822916666666667 0.3472222222222222 0.09270833333333334 0.08333333333333333
0 0.43125 0.36574074074074076 0.09583333333333334 0.10185185185185185
0 0.45729166666666665 0.2675925925925926 0.07291666666666667 0.08333333333333333
0 0.45677083333333335 0.23425925925925925 0.06145833333333333 0.06111111111111111
0 0.7661458333333333 0.30925925925925923 0.059375 0.09259259259259259
0 0.6427083333333333 0.3472222222222222 0.07291666666666667 0.09074074074074075
0 0.6 0.22314814814814815 0.05416666666666667 0.06111111111111111
2 0.5515625 0.1814814814814815 0.053125 0.06666666666666667
