0 0.7078125 0.9574074074074074 0.15520833333333334 0.08518518518518518
0 0.45625 0.65 0.13541666666666666 0.24814814814814815
0 0.46927083333333336 0.21666666666666667 0.053125 0.07777777777777778
0 0.6619791666666667 0.44814814814814813 0.10104166666666667 0.22592592592592592
0 0.5338541666666666 0.3111111111111111 0.07395833333333333 0.13703703703703704
0 0.6453125 0.14537037037037037 0.040625 0.06851851851851852
0 0.596875 0.09907407407407408 0.03125 0.053703703703703705
0 0.7359375 0.13055555555555556 0.040625 0.06111111111111111
0 0.7895833333333333 0.12407407407407407 0.04375 0.06296296296296296
0 0.8427083333333333 0.10185185185185185 0.04375 0.06296296296296296
0 0.7901041666666667 0.07222222222222222 0.034375 0.05185185185185185
0 0.9708333333333333 0.07962962962962963 0.058333333333333334 0.05925925925925926
0 0.5661458333333333 0.20833333333333334 0.051041666666666666 0.08333333333333333
2 0.5802083333333333 0.12407407407407407 0.03333333333333333 0.08148148148148149
0 0.8052083333333333 0.31203703703703706 0.08541666666666667 0.11666666666666667
1 0.4869791666666667 0.11388888888888889 0.12604166666666666 0.1574074074074074
