0 0.96875 0.41388888888888886 0.0625 0.11666666666666667
0 0.7854166666666667 0.3509259259259259 0.125 0.11666666666666667
0 0.6088541666666667 0.3 0.08645833333333333 0.07777777777777778
0 0.44583333333333336 0.2351851851851852 0.06041666666666667 0.06666666666666667
0 0.6296875 0.8324074074074074 0.22604166666666667 0.30925925925925923
0 0.2328125 0.4203703703703704 0.07395833333333333 0.1037037037037037
2 0.3536458333333333 0.2 0.04895833333333333 0.04814814814814815
0 0.5177083333333333 0.2972222222222222 0.06666666666666667 0.07222222222222222
2 0.7927083333333333 0.7527777777777778 0.2708333333333333 0.32037037037037036
0 0.5619791666666667 0.5907407407407408 0.15520833333333334 0.17407407407407408
1 0.36822916666666666 0.3138888888888889 0.18020833333333333 0.20925925925925926
0 0.91875 0.5666666666666667 0.1625 0.2111111111111111
0 0.5026041666666666 0.4722222222222222 0.15104166666666666 0.11481481481481481
0 0.3046875 0.3888888888888889 0.07604166666666666 0.0962962962962963
2 0.8041666666666667 0.5824074074074074 0.17083333333333334 0.19814814814814816
0 0.953125 0.7407407407407407 0.09375 0.17037037037037037
0 0.7229166666666667 0.4638888888888889 0.14791666666666667 0.12037037037037036
0 0.5666666666666667 0.38425925925925924 0.11458333333333333 0.10555555555555556
0 0.2390625 0.2759259259259259 0.04479166666666667 0.06666666666666667
0 0.21510416666666668 0.32222222222222224 0.053125 0.07037037037037037
