0 0.628125 0.17222222222222222 0.029166666666666667 0.044444444444444446
0 0.6791666666666667 0.1814814814814815 0.03333333333333333 0.05555555555555555
0 0.09895833333333333 0.8768518518518519 0.16458333333333333 0.2462962962962963
0 0.40208333333333335 0.5685185185185185 0.08541666666666667 0.14444444444444443
0 0.7463541666666667 0.20185185185185187 0.036458333333333336 0.05185185185185185
0 0.23072916666666668 0.44166666666666665 0.071875 0.10185185185185185
0 0.6729166666666667 0.3490740740740741 0.05625 0.08703703703703704
0 0.415625 0.2824074074074074 0.04375 0.06851851851851852
0 0.7645833333333333 0.36666666666666664 0.058333333333333334 0.08888888888888889
2 0.48489583333333336 0.27685185185185185 0.042708333333333334 0.08333333333333333
0 0.8619791666666666 0.2574074074074074 0.04895833333333333 0.06296296296296296
0 0.7260416666666667 0.5722222222222222 0.0875 0.13333333333333333
0 0.8645833333333334 0.5768518518518518 0.10625 0.1388888888888889
0 0.4588541666666667 0.21296296296296297 0.034375 0.05555555555555555
0 0.36302083333333335 0.18425925925925926 0.030208333333333334 0.04259259259259259
