0 0.6432291666666666 0.5861111111111111 0.109375 0.21296296296296297
0 0.7541666666666667 0.05555555555555555 0.03333333333333333 0.040740740740740744
0 0.775 0.3861111111111111 0.09583333333333334 0.14629629629629629
0 0.628125 0.23333333333333334 0.05416666666666667 0.09259259259259259
0 0.7833333333333333 0.07222222222222222 0.0375 0.05185185185185185
0 0.7020833333333333 0.025 0.022916666666666665 0.046296296296296294
0 0.7791666666666667 0.027777777777777776 0.027083333333333334 0.05185185185185185
0 0.6041666666666666 0.15925925925925927 0.041666666666666664 0.07407407407407407
0 0.7119791666666667 0.22037037037037038 0.05520833333333333 0.08888888888888889
0 0.7145833333333333 0.06296296296296296 0.029166666666666667 0.044444444444444446
0 0.8583333333333333 0.09259259259259259 0.041666666666666664 0.05185185185185185
0 0.8375 0.13240740740740742 0.05 0.06481481481481481
2 0.6005208333333333 0.10092592592592593 0.030208333333333334 0.05740740740740741
0 0.8802083333333334 0.175 0.05416666666666667 0.07222222222222222
0 0.5979166666666667 0.06574074074074074 0.027083333333333334 0.03518518518518519
0 0.9635416666666666 0.22777777777777777 0.07291666666666667 0.09259259259259259
0 0.9255208333333333 0.3398148148148148 0.096875 0.12777777777777777
0 0.5453125 0.037037037037037035 0.021875 0.040740740740740744
2 0.5864583333333333 0.032407407407407406 0.025 0.06111111111111111
0 0.6270833333333333 0.025 0.022916666666666665 0.046296296296296294
1 0.503125 0.2675925925925926 0.11041666666666666 0.2722222222222222
