0 0.34791666666666665 0.12685185185185185 0.05625 0.09814814814814815
1 0.90625 0.21296296296296297 0.1875 0.4222222222222222
0 0.0765625 0.8666666666666667 0.15104166666666666 0.26666666666666666
0 0.35885416666666664 0.2462962962962963 0.103125 0.14814814814814814
0 0.3697916666666667 0.044444444444444446 0.06041666666666667 0.08518518518518518
2 0.46458333333333335 0.06018518518518518 0.052083333333333336 0.09444444444444444
0 0.3619791666666667 0.013888888888888888 0.078125 0.024074074074074074
0 0.49635416666666665 0.21666666666666667 0.07604166666666666 0.12962962962962962
0 0.6911458333333333 0.1175925925925926 0.06770833333333333 0.09444444444444444
0 0.4453125 0.025925925925925925 0.042708333333333334 0.04814814814814815
0 0.5223958333333333 0.026851851851851852 0.046875 0.05
