1 0.07135416666666666 0.41574074074074074 0.140625 0.29074074074074074
1 0.4765625 0.22870370370370371 0.23645833333333333 0.18333333333333332
0 0.22291666666666668 0.2037037037037037 0.041666666666666664 0.040740740740740744
0 0.6520833333333333 0.8814814814814815 0.27291666666666664 0.23703703703703705
0 0.2942708333333333 0.2361111111111111 0.05520833333333333 0.053703703703703705
0 0.22395833333333334 0.2388888888888889 0.041666666666666664 0.05555555555555555
0 0.15833333333333333 0.38981481481481484 0.06666666666666667 0.09814814814814815
0 0.10885416666666667 0.30092592592592593 0.046875 0.06481481481481481
0 0.1734375 0.2796296296296296 0.053125 0.06296296296296296
0 0.5869791666666667 0.40370370370370373 0.13854166666666667 0.12222222222222222
