0 0.28489583333333335 0.5425925925925926 0.096875 0.1962962962962963
0 0.37916666666666665 0.6916666666666667 0.1125 0.2537037037037037
0 0.17135416666666667 0.40925925925925927 0.07395833333333333 0.08888888888888889
0 0.6421875 0.1935185185185185 0.03229166666666667 0.05740740740740741
0 0.7458333333333333 0.17407407407407408 0.029166666666666667 0.044444444444444446
0 0.7088541666666667 0.2074074074074074 0.036458333333333336 0.05185185185185185
0 0.8 0.17407407407407408 0.0375 0.044444444444444446
0 0.79375 0.24537037037037038 0.041666666666666664 0.05740740740740741
0 0.6651041666666667 0.3111111111111111 0.04895833333333333 0.08148148148148149
0 0.7520833333333333 0.3101851851851852 0.052083333333333336 0.08333333333333333
0 0.6875 0.43703703703703706 0.07083333333333333 0.11481481481481481
0 0.8432291666666667 0.30185185185185187 0.059375 0.07407407407407407
0 0.9302083333333333 0.29814814814814816 0.06041666666666667 0.08148148148148149
0 0.9520833333333333 0.4703703703703704 0.09583333333333334 0.11481481481481481
0 0.9390625 0.7 0.121875 0.1814814814814815
2 0.4609375 0.18796296296296297 0.042708333333333334 0.09444444444444444
