0 0.6442708333333333 0.1935185185185185 0.030208333333333334 0.05
2 0.7140625 0.21481481481481482 0.03229166666666667 0.06666666666666667
2 0.6526041666666667 0.2611111111111111 0.04479166666666667 0.08518518518518518
0 0.7729166666666667 0.20555555555555555 0.03958333333333333 0.05555555555555555
0 0.7520833333333333 0.26851851851851855 0.04583333333333333 0.07037037037037037
0 0.33697916666666666 0.44722222222222224 0.071875 0.11666666666666667
0 0.7880208333333333 0.1638888888888889 0.03229166666666667 0.03888888888888889
0 0.4625 0.38796296296296295 0.06041666666666667 0.10185185185185185
0 0.35572916666666665 0.2657407407407407 0.04479166666666667 0.06851851851851852
2 0.7005208333333334 0.40370370370370373 0.06770833333333333 0.12962962962962962
0 0.84375 0.20833333333333334 0.03958333333333333 0.05
0 0.42291666666666666 0.2916666666666667 0.05 0.07962962962962963
0 0.8520833333333333 0.30833333333333335 0.05625 0.07592592592592592
0 0.8453125 0.45925925925925926 0.08645833333333333 0.10740740740740741
0 0.5171875 0.1824074074074074 0.03229166666666667 0.05740740740740741
0 0.46770833333333334 0.18425925925925926 0.03333333333333333 0.05740740740740741
