0 0.73125 0.3296296296296296 0.07916666666666666 0.1037037037037037
0 0.6921875 0.22685185185185186 0.04895833333333333 0.06851851851851852
0 0.6479166666666667 0.15462962962962962 0.035416666666666666 0.053703703703703705
0 0.6973958333333333 0.13333333333333333 0.034375 0.05185185185185185
2 0.8942708333333333 0.6175925925925926 0.16770833333333332 0.26481481481481484
0 0.49114583333333334 0.5314814814814814 0.10104166666666667 0.18518518518518517
0 0.421875 0.39166666666666666 0.075 0.13148148148148148
0 0.4203125 0.2712962962962963 0.057291666666666664 0.10185185185185185
0 0.3302083333333333 0.2898148148148148 0.05416666666666667 0.09074074074074075
0 0.4166666666666667 0.21481481481481482 0.03958333333333333 0.06666666666666667
0 0.4635416666666667 0.15092592592592594 0.029166666666666667 0.053703703703703705
