0 0.4708333333333333 0.18703703703703703 0.058333333333333334 0.07777777777777778
2 0.6416666666666667 0.4148148148148148 0.10208333333333333 0.21481481481481482
0 0.6697916666666667 0.8296296296296296 0.14166666666666666 0.3037037037037037
0 0.6161458333333333 0.29814814814814816 0.065625 0.10740740740740741
0 0.9328125 0.799074074074074 0.134375 0.3574074074074074
0 0.5463541666666667 0.14814814814814814 0.03854166666666667 0.06666666666666667
0 0.7942708333333334 0.07777777777777778 0.036458333333333336 0.05555555555555555
0 0.6609375 0.18611111111111112 0.06145833333333333 0.09814814814814815
0 0.5666666666666667 0.10462962962962963 0.03125 0.053703703703703705
0 0.6114583333333333 0.08611111111111111 0.03125 0.05
0 0.6515625 0.10277777777777777 0.036458333333333336 0.05740740740740741
0 0.8864583333333333 0.23796296296296296 0.07083333333333333 0.09814814814814815
1 0.4557291666666667 0.47685185185185186 0.18020833333333333 0.4648148148148148
