0 0.3255208333333333 0.6796296296296296 0.13020833333333334 0.24074074074074073
0 0.7114583333333333 0.22962962962962963 0.0375 0.05555555555555555
0 0.253125 0.3175925925925926 0.05625 0.07592592592592592
0 0.6484375 0.24351851851851852 0.036458333333333336 0.05740740740740741
0 0.40208333333333335 0.337037037037037 0.052083333333333336 0.0962962962962963
0 0.7880208333333333 0.1787037037037037 0.03229166666666667 0.046296296296296294
0 0.7786458333333334 0.24074074074074073 0.040625 0.05555555555555555
0 0.775 0.3638888888888889 0.06041666666666667 0.08703703703703704
0 0.8380208333333333 0.21574074074074073 0.04479166666666667 0.05740740740740741
0 0.6973958333333333 0.3972222222222222 0.06770833333333333 0.09444444444444444
0 0.8494791666666667 0.49444444444444446 0.08645833333333333 0.11481481481481481
0 0.5203125 0.22962962962962963 0.036458333333333336 0.05925925925925926
2 0.9348958333333334 0.41574074074074074 0.07395833333333333 0.12037037037037036
0 0.8010416666666667 0.8361111111111111 0.1375 0.20925925925925926
