0 0.6416666666666667 0.21574074074074073 0.03333333333333333 0.05740740740740741
0 0.15729166666666666 0.7546296296296297 0.16041666666666668 0.21666666666666667
0 0.7135416666666666 0.20277777777777778 0.03333333333333333 0.053703703703703705
0 0.07604166666666666 0.487962962962963 0.10833333333333334 0.11296296296296296
2 0.4552083333333333 0.3907407407407407 0.06458333333333334 0.12962962962962962
0 0.3703125 0.3638888888888889 0.06145833333333333 0.10555555555555556
2 0.6796875 0.3648148148148148 0.057291666666666664 0.1111111111111111
0 0.2828125 0.2657407407407407 0.04895833333333333 0.05740740740740741
2 0.3880208333333333 0.22777777777777777 0.03229166666666667 0.07407407407407407
0 0.43385416666666665 0.2462962962962963 0.040625 0.06296296296296296
0 0.4578125 0.1962962962962963 0.028125 0.044444444444444446
0 0.5135416666666667 0.18796296296296297 0.03125 0.053703703703703705
