0 0.9536458333333333 0.16203703703703703 0.030208333333333334 0.05
0 0.9223958333333333 0.2064814814814815 0.034375 0.05740740740740741
0 0.26197916666666665 0.5148148148148148 0.134375 0.15555555555555556
0 0.35208333333333336 0.2740740740740741 0.0625 0.07407407407407407
0 0.8463541666666666 0.34629629629629627 0.05520833333333333 0.1
2 0.4171875 0.2601851851851852 0.08020833333333334 0.09074074074074075
0 0.7390625 0.35185185185185186 0.06145833333333333 0.09259259259259259
0 0.7661458333333333 0.4759259259259259 0.07604166666666666 0.13333333333333333
0 0.9651041666666667 0.5694444444444444 0.06979166666666667 0.1537037037037037
0 0.5666666666666667 0.16203703703703703 0.029166666666666667 0.03888888888888889
