0 0.5375 0.28703703703703703 0.058333333333333334 0.08888888888888889
0 0.5708333333333333 0.05092592592592592 0.016666666666666666 0.03148148148148148
0 0.5765625 0.0962962962962963 0.026041666666666668 0.040740740740740744
2 0.6395833333333333 0.15462962962962962 0.052083333333333336 0.09814814814814815
0 0.5692708333333333 0.2 0.042708333333333334 0.07037037037037037
0 0.6708333333333333 0.2388888888888889 0.052083333333333336 0.08518518518518518
0 0.7651041666666667 0.18055555555555555 0.046875 0.06851851851851852
0 0.8479166666666667 0.2074074074074074 0.058333333333333334 0.08148148148148149
0 0.778125 0.13333333333333333 0.0375 0.05185185185185185
0 0.809375 0.11481481481481481 0.03333333333333333 0.05185185185185185
0 0.7338541666666667 0.10277777777777777 0.030208333333333334 0.053703703703703705
0 0.6947916666666667 0.06388888888888888 0.022916666666666665 0.03518518518518519
0 0.7140625 0.05277777777777778 0.021875 0.03148148148148148
0 0.9625 0.3592592592592593 0.075 0.1111111111111111
