0 0.13177083333333334 0.16574074074074074 0.042708333333333334 0.03888888888888889
0 0.35989583333333336 0.20925925925925926 0.071875 0.05925925925925926
0 0.6614583333333334 0.6111111111111112 0.2125 0.21851851851851853
0 0.26197916666666665 0.22037037037037038 0.065625 0.04814814814814815
0 0.8885416666666667 0.9175925925925926 0.175 0.1648148148148148
0 0.24479166666666666 0.27870370370370373 0.0875 0.07222222222222222
0 0.37083333333333335 0.85 0.2708333333333333 0.25555555555555554
0 0.45364583333333336 0.30462962962962964 0.10520833333333333 0.08703703703703704
0 0.5895833333333333 0.3 0.1125 0.07777777777777778
0 0.8052083333333333 0.46111111111111114 0.17291666666666666 0.14814814814814814
