0 0.6546875 0.4212962962962963 0.084375 0.1537037037037037
0 0.8125 0.8925925925925926 0.175 0.21481481481481482
0 0.8348958333333333 0.08703703703703704 0.046875 0.05925925925925926
0 0.7692708333333333 0.08796296296296297 0.03854166666666667 0.05
0 0.7947916666666667 0.06574074074074074 0.029166666666666667 0.04259259259259259
0 0.7458333333333333 0.06018518518518518 0.029166666666666667 0.03888888888888889
0 0.9 0.225 0.06875 0.09074074074074075
0 0.5494791666666666 0.07962962962962963 0.028125 0.04814814814814815
0 0.5963541666666666 0.06111111111111111 0.026041666666666668 0.044444444444444446
0 0.6380208333333334 0.058333333333333334 0.028125 0.04259259259259259
1 0.490625 0.3592592592592593 0.13958333333333334 0.3925925925925926
