0 0.6994791666666667 0.05648148148148148 0.019791666666666666 0.03518518518518519
0 0.7135416666666666 0.06666666666666667 0.025 0.037037037037037035
0 0.4859375 0.21296296296296297 0.07395833333333333 0.07407407407407407
0 0.7380208333333333 0.07314814814814814 0.023958333333333335 0.03148148148148148
0 0.7614583333333333 0.06018518518518518 0.022916666666666665 0.024074074074074074
0 0.7494791666666667 0.05185185185185185 0.019791666666666666 0.022222222222222223
0 0.7848958333333333 0.03981481481481482 0.023958333333333335 0.027777777777777776
0 0.7776041666666667 0.07592592592592592 0.026041666666666668 0.040740740740740744
0 0.7713541666666667 0.10740740740740741 0.030208333333333334 0.05185185185185185
0 0.7484375 0.09074074074074075 0.023958333333333335 0.037037037037037035
0 0.6026041666666667 0.2037037037037037 0.03854166666666667 0.07777777777777778
0 0.5588541666666667 0.11388888888888889 0.023958333333333335 0.046296296296296294
0 0.6395833333333333 0.15 0.035416666666666666 0.05925925925925926
0 0.746875 0.1425925925925926 0.0375 0.05925925925925926
0 0.8078125 0.14722222222222223 0.040625 0.053703703703703705
0 0.6182291666666667 0.09814814814814815 0.028125 0.044444444444444446
0 0.8453125 0.1814814814814815 0.04479166666666667 0.07407407407407407
2 0.7989583333333333 0.21944444444444444 0.0625 0.09814814814814815
0 0.6161458333333333 0.05740740740740741 0.021875 0.03333333333333333
