0 0.13125 0.8203703703703704 0.17083333333333334 0.2777777777777778
0 0.32447916666666665 0.49537037037037035 0.07395833333333333 0.12037037037037036
0 0.3692708333333333 0.7046296296296296 0.115625 0.19444444444444445
0 0.64375 0.22685185185185186 0.0375 0.06111111111111111
2 0.6942708333333333 0.21574074074074073 0.03854166666666667 0.07592592592592592
0 0.7682291666666666 0.17037037037037037 0.030208333333333334 0.040740740740740744
2 0.6572916666666667 0.3055555555555556 0.05 0.0962962962962963
0 0.490625 0.32222222222222224 0.04791666666666667 0.07777777777777778
0 0.42083333333333334 0.2814814814814815 0.03958333333333333 0.06296296296296296
0 0.8026041666666667 0.2824074074074074 0.051041666666666666 0.06851851851851852
2 0.3848958333333333 0.225 0.036458333333333336 0.06851851851851852
0 0.6989583333333333 0.5268518518518519 0.07916666666666666 0.12777777777777777
2 0.8078125 0.4425925925925926 0.084375 0.13703703703703704
2 0.4713541666666667 0.18518518518518517 0.026041666666666668 0.04814814814814815
