0 0.29375 0.549074074074074 0.09583333333333334 0.07222222222222222
1 0.09479166666666666 0.5712962962962963 0.1875 0.1685185185185185
1 0.1578125 0.7083333333333334 0.31354166666666666 0.26481481481481484
0 0.234375 0.5962962962962963 0.06875 0.08148148148148149
0 0.43125 0.6907407407407408 0.10625 0.11851851851851852
0 0.6291666666666667 0.6166666666666667 0.09791666666666667 0.1
3 0.9020833333333333 0.8305555555555556 0.19583333333333333 0.3388888888888889
0 0.8270833333333333 0.8064814814814815 0.10833333333333334 0.12407407407407407
0 0.8854166666666666 0.625 0.07708333333333334 0.08333333333333333
0 0.8864583333333333 0.55 0.07291666666666667 0.07777777777777778
0 0.6755208333333333 0.9398148148148148 0.159375 0.12037037037037036
