0 0.6109375 0.8342592592592593 0.16145833333333334 0.29444444444444445
0 0.48489583333333336 0.11388888888888889 0.021875 0.04259259259259259
2 0.5838541666666667 0.15555555555555556 0.03229166666666667 0.05185185185185185
0 0.5755208333333334 0.11388888888888889 0.030208333333333334 0.05740740740740741
0 0.6536458333333334 0.1675925925925926 0.040625 0.06481481481481481
0 0.628125 0.10277777777777777 0.03958333333333333 0.06111111111111111
0 0.8432291666666667 0.15092592592592594 0.051041666666666666 0.06111111111111111
0 0.6515625 0.04722222222222222 0.021875 0.027777777777777776
2 0.6953125 0.05648148148148148 0.026041666666666668 0.03888888888888889
0 0.5546875 0.08703703703703704 0.023958333333333335 0.040740740740740744
0 0.5583333333333333 0.05092592592592592 0.01875 0.027777777777777776
1 0.5098958333333333 0.18981481481481483 0.09270833333333334 0.20185185185185187
