0 0.5286458333333334 0.6101851851851852 0.16979166666666667 0.21296296296296297
0 0.31197916666666664 0.05740740740740741 0.03229166666666667 0.037037037037037035
0 0.3015625 0.08055555555555556 0.036458333333333336 0.04259259259259259
1 0.37552083333333336 0.040740740740740744 0.08645833333333333 0.07777777777777778
2 0.3072916666666667 0.22962962962962963 0.07083333333333333 0.0962962962962963
0 0.328125 0.11851851851851852 0.04583333333333333 0.040740740740740744
0 0.5729166666666666 0.15833333333333333 0.06875 0.06111111111111111
0 0.5270833333333333 0.2222222222222222 0.07083333333333333 0.06296296296296296
0 0.540625 0.18888888888888888 0.07708333333333334 0.06296296296296296
2 0.1484375 0.1 0.03854166666666667 0.05555555555555555
0 0.0828125 0.10462962962962963 0.030208333333333334 0.046296296296296294
0 0.020833333333333332 0.12222222222222222 0.03958333333333333 0.04814814814814815
0 0.7989583333333333 0.24722222222222223 0.10208333333333333 0.09074074074074075
0 0.10885416666666667 0.0712962962962963 0.028125 0.03888888888888889
0 0.058333333333333334 0.07407407407407407 0.029166666666666667 0.040740740740740744
