2 0.334375 0.7870370370370371 0.13958333333333334 0.32592592592592595
0 0.18385416666666668 0.7101851851851851 0.140625 0.22407407407407406
2 0.6505208333333333 0.24444444444444444 0.03854166666666667 0.07777777777777778
0 0.14322916666666666 0.40370370370370373 0.084375 0.0962962962962963
2 0.32708333333333334 0.31203703703703706 0.04791666666666667 0.09074074074074075
0 0.34479166666666666 0.38333333333333336 0.06875 0.09259259259259259
0 0.4109375 0.2916666666666667 0.046875 0.06851851851851852
0 0.4942708333333333 0.2657407407407407 0.04479166666666667 0.07222222222222222
2 0.30416666666666664 0.22870370370370371 0.04375 0.07962962962962963
0 0.7010416666666667 0.5101851851851852 0.07708333333333334 0.12037037037037036
0 0.5203125 0.19722222222222222 0.030208333333333334 0.04259259259259259
0 0.4557291666666667 0.19722222222222222 0.030208333333333334 0.046296296296296294
