0 0.6286458333333333 0.17037037037037037 0.026041666666666668 0.040740740740740744
0 0.6807291666666667 0.19074074074074074 0.03229166666666667 0.04814814814814815
0 0.7322916666666667 0.19722222222222222 0.03125 0.046296296296296294
0 0.6328125 0.24814814814814815 0.036458333333333336 0.05555555555555555
0 0.7177083333333333 0.2796296296296296 0.04583333333333333 0.07407407407407407
0 0.6505208333333333 0.3277777777777778 0.051041666666666666 0.08518518518518518
0 0.29635416666666664 0.275 0.046875 0.06481481481481481
0 0.48020833333333335 0.2935185185185185 0.04375 0.06851851851851852
2 0.3645833333333333 0.2657407407407407 0.04583333333333333 0.07962962962962963
0 0.8140625 0.3111111111111111 0.053125 0.07407407407407407
0 0.8630208333333333 0.2574074074074074 0.04479166666666667 0.05925925925925926
0 0.8166666666666667 0.44074074074074077 0.07291666666666667 0.1037037037037037
0 0.7213541666666666 0.5037037037037037 0.07395833333333333 0.11851851851851852
0 0.953125 0.47314814814814815 0.09375 0.13148148148148148
0 0.7484375 0.799074074074074 0.13229166666666667 0.22037037037037038
0 0.9229166666666667 0.7212962962962963 0.12291666666666666 0.17222222222222222
0 0.47291666666666665 0.18703703703703703 0.027083333333333334 0.040740740740740744
