0 0.7651041666666667 0.2657407407407407 0.046875 0.05740740740740741
2 0.2713541666666667 0.46111111111111114 0.13229166666666667 0.13333333333333333
2 0.25364583333333335 0.5601851851851852 0.16770833333333332 0.20555555555555555
0 0.8135416666666667 0.3101851851851852 0.052083333333333336 0.06851851851851852
0 0.8796875 0.375 0.04895833333333333 0.08333333333333333
2 0.7666666666666667 0.4009259259259259 0.06875 0.11666666666666667
0 0.41302083333333334 0.32592592592592595 0.06979166666666667 0.07037037037037037
0 0.978125 0.5287037037037037 0.04375 0.16111111111111112
0 0.6265625 0.2722222222222222 0.051041666666666666 0.06296296296296296
0 0.5947916666666667 0.7592592592592593 0.14791666666666667 0.2222222222222222
0 0.396875 0.7796296296296297 0.17916666666666667 0.2222222222222222
