0 0.8364583333333333 0.9138888888888889 0.2125 0.17222222222222222
0 0.4015625 0.0962962962962963 0.040625 0.05185185185185185
0 0.3875 0.40925925925925927 0.10416666666666667 0.14814814814814814
0 0.4432291666666667 0.33240740740740743 0.08645833333333333 0.10555555555555556
0 0.090625 0.4166666666666667 0.07083333333333333 0.12222222222222222
0 0.23229166666666667 0.40370370370370373 0.07916666666666666 0.1259259259259259
0 0.4828125 0.14074074074074075 0.057291666666666664 0.07037037037037037
0 0.509375 0.21851851851851853 0.06041666666666667 0.06296296296296296
0 0.6307291666666667 0.15462962962962962 0.06145833333333333 0.06481481481481481
0 0.07552083333333333 0.23796296296296296 0.042708333333333334 0.07222222222222222
0 0.27239583333333334 0.1935185185185185 0.046875 0.06851851851851852
