2 0.14114583333333333 0.5351851851851852 0.090625 0.15185185185185185
2 0.090625 0.8675925925925926 0.15 0.26481481481481484
0 0.3802083333333333 0.6907407407407408 0.10625 0.1962962962962963
0 0.24739583333333334 0.5851851851851851 0.09270833333333334 0.14444444444444443
0 0.30104166666666665 0.33796296296296297 0.06041666666666667 0.09074074074074075
0 0.203125 0.34444444444444444 0.06458333333333334 0.1
2 0.6432291666666666 0.24722222222222223 0.042708333333333334 0.07962962962962963
0 0.4786458333333333 0.34814814814814815 0.051041666666666666 0.08518518518518518
0 0.3927083333333333 0.3611111111111111 0.05416666666666667 0.08518518518518518
0 0.35 0.25833333333333336 0.041666666666666664 0.06111111111111111
0 0.7328125 0.2916666666666667 0.04895833333333333 0.06851851851851852
0 0.8010416666666667 0.2740740740740741 0.052083333333333336 0.07037037037037037
0 0.5041666666666667 0.2324074074074074 0.0375 0.07222222222222222
2 0.7520833333333333 0.42407407407407405 0.06875 0.13333333333333333
0 0.4588541666666667 0.20462962962962963 0.03229166666666667 0.05
0 0.9302083333333333 0.7703703703703704 0.13958333333333334 0.1925925925925926
0 0.5171875 0.17962962962962964 0.028125 0.044444444444444446
