0 0.31354166666666666 0.11574074074074074 0.03958333333333333 0.046296296296296294
0 0.35885416666666664 0.6962962962962963 0.14270833333333333 0.23333333333333334
0 0.36041666666666666 0.2916666666666667 0.07708333333333334 0.11296296296296296
0 0.5135416666666667 0.524074074074074 0.14583333333333334 0.17407407407407408
0 0.44479166666666664 0.16944444444444445 0.058333333333333334 0.06111111111111111
0 0.18489583333333334 0.30648148148148147 0.06979166666666667 0.10925925925925926
0 0.04791666666666667 0.35185185185185186 0.06666666666666667 0.1037037037037037
0 0.7119791666666667 0.27870370370370373 0.08854166666666667 0.08703703703703704
0 0.6546875 0.31666666666666665 0.096875 0.09259259259259259
0 0.09322916666666667 0.19722222222222222 0.051041666666666666 0.07592592592592592
0 0.19635416666666666 0.15 0.040625 0.05555555555555555
