0 0.6979166666666666 0.05092592592592592 0.020833333333333332 0.03148148148148148
0 0.7088541666666667 0.05648148148148148 0.023958333333333335 0.027777777777777776
0 0.28072916666666664 0.3472222222222222 0.08229166666666667 0.10185185185185185
0 0.7338541666666667 0.06388888888888888 0.019791666666666666 0.024074074074074074
0 0.7291666666666666 0.02962962962962963 0.01875 0.02962962962962963
0 0.7364583333333333 0.037037037037037035 0.025 0.025925925925925925
0 0.7421875 0.08055555555555556 0.026041666666666668 0.04259259259259259
0 0.7635416666666667 0.06481481481481481 0.022916666666666665 0.03333333333333333
0 0.42604166666666665 0.2388888888888889 0.075 0.07407407407407407
0 0.7322916666666667 0.09722222222222222 0.027083333333333334 0.04259259259259259
0 0.7885416666666667 0.08796296296296297 0.025 0.04259259259259259
0 0.909375 0.8342592592592593 0.18125 0.2722222222222222
0 0.7723958333333333 0.11296296296296296 0.034375 0.05185185185185185
2 0.7026041666666667 0.10185185185185185 0.034375 0.05555555555555555
0 0.6875 0.2740740740740741 0.058333333333333334 0.09259259259259259
0 0.83125 0.12222222222222222 0.03958333333333333 0.05925925925925926
0 0.6020833333333333 0.06759259259259259 0.022916666666666665 0.03518518518518519
0 0.59375 0.049074074074074076 0.016666666666666666 0.027777777777777776
0 0.8359375 0.18796296296296297 0.051041666666666666 0.06481481481481481
0 0.9302083333333333 0.21574074074074073 0.06458333333333334 0.07592592592592592
0 0.9682291666666667 0.30277777777777776 0.06354166666666666 0.09814814814814815
0 0.9651041666666667 0.14907407407407408 0.06979166666666667 0.05740740740740741
0 0.5822916666666667 0.028703703703703703 0.016666666666666666 0.027777777777777776
0 0.6026041666666667 0.01574074074074074 0.017708333333333333 0.027777777777777776
1 0.5505208333333333 0.09166666666666666 0.04895833333333333 0.10555555555555556
