0 0.6416666666666667 0.3388888888888889 0.07083333333333333 0.1259259259259259
0 0.775 0.6861111111111111 0.1375 0.26851851851851855
0 0.8395833333333333 0.08611111111111111 0.05 0.05740740740740741
0 0.7739583333333333 0.08888888888888889 0.03958333333333333 0.05185185185185185
0 0.7984375 0.06759259259259259 0.030208333333333334 0.046296296296296294
0 0.746875 0.062037037037037036 0.03125 0.04259259259259259
0 0.9244791666666666 0.24444444444444444 0.07395833333333333 0.1
0 0.546875 0.06851851851851852 0.027083333333333334 0.044444444444444446
0 0.5942708333333333 0.05185185185185185 0.026041666666666668 0.040740740740740744
0 0.6348958333333333 0.04814814814814815 0.028125 0.044444444444444446
1 0.4921875 0.32407407407407407 0.12395833333333334 0.3592592592592593
