0 0.6973958333333333 0.062037037037037036 0.021875 0.03518518518518519
0 0.7098958333333333 0.07037037037037037 0.023958333333333335 0.037037037037037035
0 0.49947916666666664 0.20925925925925926 0.071875 0.07037037037037037
0 0.7354166666666667 0.07685185185185185 0.027083333333333334 0.03888888888888889
0 0.7614583333333333 0.06296296296296296 0.022916666666666665 0.025925925925925925
0 0.75 0.05925925925925926 0.016666666666666666 0.025925925925925925
0 0.7869791666666667 0.044444444444444446 0.026041666666666668 0.025925925925925925
0 0.7744791666666667 0.075 0.028125 0.03148148148148148
0 0.7697916666666667 0.11574074074074074 0.03333333333333333 0.05
0 0.746875 0.09722222222222222 0.025 0.046296296296296294
0 0.6005208333333333 0.1962962962962963 0.03854166666666667 0.06666666666666667
0 0.5598958333333334 0.11203703703703703 0.023958333333333335 0.046296296296296294
0 0.6328125 0.1398148148148148 0.03229166666666667 0.05740740740740741
0 0.7473958333333334 0.15462962962962962 0.03854166666666667 0.06111111111111111
0 0.8119791666666667 0.16018518518518518 0.04479166666666667 0.06111111111111111
0 0.6104166666666667 0.09351851851851851 0.027083333333333334 0.04259259259259259
0 0.8557291666666667 0.19722222222222222 0.04895833333333333 0.07962962962962963
2 0.8145833333333333 0.2462962962962963 0.07083333333333333 0.1111111111111111
0 0.6114583333333333 0.05648148148148148 0.020833333333333332 0.03148148148148148
