2 0.6796875 0.17777777777777778 0.028125 0.05185185185185185
0 0.634375 0.21666666666666667 0.029166666666666667 0.04814814814814815
0 0.6588541666666666 0.2916666666666667 0.042708333333333334 0.06851851851851852
0 0.7541666666666667 0.20462962962962963 0.03125 0.046296296296296294
0 0.4015625 0.5657407407407408 0.08645833333333333 0.13518518518518519
2 0.38229166666666664 0.34074074074074073 0.06875 0.15185185185185185
0 0.7723958333333333 0.30092592592592593 0.04895833333333333 0.06481481481481481
0 0.7380208333333333 0.3712962962962963 0.051041666666666666 0.08703703703703704
0 0.8182291666666667 0.2212962962962963 0.034375 0.04259259259259259
0 0.328125 0.32037037037037036 0.05416666666666667 0.07777777777777778
0 0.5140625 0.2361111111111111 0.03229166666666667 0.05
0 0.7583333333333333 0.7435185185185185 0.11041666666666666 0.19074074074074074
