0 0.646875 0.24722222222222223 0.03958333333333333 0.06111111111111111
0 0.34010416666666665 0.4287037037037037 0.06979166666666667 0.10185185185185185
0 0.7151041666666667 0.25462962962962965 0.042708333333333334 0.06481481481481481
2 0.4296875 0.45925925925925926 0.071875 0.14814814814814814
0 0.7973958333333333 0.19074074074074074 0.034375 0.05185185185185185
0 0.6697916666666667 0.35 0.05416666666666667 0.08148148148148149
0 0.7619791666666667 0.35555555555555557 0.06145833333333333 0.08888888888888889
0 0.42864583333333334 0.30185185185185187 0.04895833333333333 0.07407407407407407
0 0.30104166666666665 0.25 0.03958333333333333 0.05925925925925926
0 0.8703125 0.3712962962962963 0.06979166666666667 0.08703703703703704
0 0.7135416666666666 0.5935185185185186 0.1 0.1685185185185185
2 0.403125 0.1962962962962963 0.03125 0.05925925925925926
0 0.940625 0.3296296296296296 0.07291666666666667 0.07777777777777778
0 0.9390625 0.649074074074074 0.121875 0.17962962962962964
0 0.5109375 0.1787037037037037 0.030208333333333334 0.05
