0 0.6151041666666667 0.10277777777777777 0.030208333333333334 0.04259259259259259
0 0.6 0.125 0.029166666666666667 0.03888888888888889
0 0.3302083333333333 0.5212962962962963 0.1 0.15
0 0.4041666666666667 0.8703703703703703 0.15 0.21851851851851853
2 0.4703125 0.17962962962962964 0.036458333333333336 0.08518518518518518
0 0.6427083333333333 0.4074074074074074 0.07916666666666666 0.1259259259259259
0 0.7375 0.8074074074074075 0.17291666666666666 0.25555555555555554
0 0.4546875 0.10925925925925926 0.011458333333333333 0.037037037037037035
1 0.9364583333333333 0.4398148148148148 0.12708333333333333 0.3648148148148148
1 0.8755208333333333 0.5990740740740741 0.24895833333333334 0.6240740740740741
1 0.4197916666666667 0.13518518518518519 0.058333333333333334 0.11851851851851852
