0 0.43385416666666665 0.8685185185185185 0.209375 0.26296296296296295
0 0.1046875 0.3277777777777778 0.065625 0.1
0 0.965625 0.8638888888888889 0.06875 0.22777777777777777
0 0.4265625 0.3611111111111111 0.10104166666666667 0.12962962962962962
0 0.1015625 0.14444444444444443 0.046875 0.06296296296296296
0 0.38229166666666664 0.1574074074074074 0.05625 0.05185185185185185
0 0.4635416666666667 0.13518518518518519 0.06458333333333334 0.06666666666666667
0 0.3098958333333333 0.09444444444444444 0.042708333333333334 0.044444444444444446
0 0.38333333333333336 0.06574074074074074 0.03958333333333333 0.03888888888888889
0 0.378125 0.09074074074074075 0.04583333333333333 0.044444444444444446
0 0.3072916666666667 0.06111111111111111 0.0375 0.040740740740740744
0 0.7791666666666667 0.2537037037037037 0.08958333333333333 0.09259259259259259
0 0.8463541666666666 0.3972222222222222 0.16770833333333332 0.12777777777777777
0 0.0125 0.12222222222222222 0.022916666666666665 0.04814814814814815
0 0.09583333333333334 0.075 0.035416666666666666 0.04259259259259259
