0 0.6744791666666666 0.1712962962962963 0.028125 0.04259259259259259
2 0.6338541666666667 0.19907407407407407 0.034375 0.06111111111111111
0 0.057291666666666664 0.6666666666666666 0.1125 0.23333333333333334
2 0.2125 0.637962962962963 0.13125 0.2759259259259259
0 0.75625 0.20185185185185187 0.035416666666666666 0.05185185185185185
0 0.25 0.4148148148148148 0.075 0.11481481481481481
0 0.265625 0.2851851851851852 0.04791666666666667 0.06296296296296296
0 0.6833333333333333 0.44907407407407407 0.06458333333333334 0.10555555555555556
0 0.8484375 0.5259259259259259 0.084375 0.11481481481481481
0 0.8973958333333333 0.412962962962963 0.08020833333333334 0.1
0 0.9307291666666667 0.30833333333333335 0.06354166666666666 0.09814814814814815
0 0.4557291666666667 0.2175925925925926 0.030208333333333334 0.05
0 0.5098958333333333 0.2222222222222222 0.03229166666666667 0.05555555555555555
0 0.7880208333333333 0.8407407407407408 0.140625 0.21481481481481482
