0 0.4239583333333333 0.8083333333333333 0.16666666666666666 0.3314814814814815
0 0.4708333333333333 0.21388888888888888 0.052083333333333336 0.08333333333333333
0 0.66875 0.549074074074074 0.12083333333333333 0.2833333333333333
0 0.5177083333333333 0.36018518518518516 0.08541666666666667 0.16111111111111112
0 0.646875 0.16203703703703703 0.04583333333333333 0.07962962962962963
0 0.5973958333333333 0.10092592592592593 0.030208333333333334 0.053703703703703705
0 0.7286458333333333 0.11296296296296296 0.03854166666666667 0.06296296296296296
0 0.7807291666666667 0.10648148148148148 0.040625 0.06111111111111111
0 0.8328125 0.08796296296296297 0.040625 0.06111111111111111
0 0.7859375 0.06018518518518518 0.034375 0.05
0 0.9744791666666667 0.075 0.051041666666666666 0.06111111111111111
0 0.5588541666666667 0.2324074074074074 0.057291666666666664 0.09444444444444444
2 0.5755208333333334 0.12962962962962962 0.03854166666666667 0.08518518518518518
0 0.784375 0.2657407407407407 0.075 0.10185185185185185
1 0.4864583333333333 0.10925925925925926 0.12708333333333333 0.14814814814814814
