0 0.31197916666666664 0.2222222222222222 0.051041666666666666 0.07777777777777778
1 0.13697916666666668 0.45092592592592595 0.271875 0.40925925925925927
1 0.9145833333333333 0.5462962962962963 0.17083333333333334 0.5222222222222223
2 0.14010416666666667 0.7416666666666667 0.2552083333333333 0.48333333333333334
0 0.24166666666666667 0.28425925925925927 0.0875 0.09444444444444444
0 0.4395833333333333 0.33240740740740743 0.06458333333333334 0.10555555555555556
0 0.40677083333333336 0.18796296296296297 0.036458333333333336 0.06481481481481481
0 0.4234375 0.2064814814814815 0.046875 0.07592592592592592
0 0.4473958333333333 0.25092592592592594 0.05520833333333333 0.07592592592592592
0 0.43333333333333335 0.15833333333333333 0.035416666666666666 0.053703703703703705
