0 0.9234375 0.3138888888888889 0.153125 0.13518518518518519
2 0.75 0.2462962962962963 0.12291666666666666 0.1111111111111111
0 0.5234375 0.18518518518518517 0.071875 0.06296296296296296
0 0.4557291666666667 0.16203703703703703 0.053125 0.053703703703703705
0 0.5140625 0.22407407407407406 0.06979166666666667 0.07777777777777778
2 0.8265625 0.6861111111111111 0.271875 0.3351851851851852
0 0.5911458333333334 0.525 0.15729166666666666 0.17222222222222222
1 0.3953125 0.2518518518518518 0.18229166666666666 0.2037037037037037
0 0.9520833333333333 0.49166666666666664 0.09583333333333334 0.17592592592592593
0 0.6453125 0.44351851851851853 0.16145833333333334 0.1425925925925926
0 0.43333333333333335 0.4101851851851852 0.1125 0.12407407407407407
2 0.8317708333333333 0.5148148148148148 0.17395833333333333 0.21481481481481482
0 0.9625 0.6564814814814814 0.075 0.15
0 0.8041666666666667 0.4148148148148148 0.16041666666666668 0.13333333333333333
0 0.6286458333333333 0.3296296296296296 0.11979166666666667 0.1037037037037037
0 0.29635416666666664 0.2898148148148148 0.06979166666666667 0.09814814814814815
0 0.359375 0.34629629629629627 0.07916666666666666 0.1
0 0.5161458333333333 0.27314814814814814 0.08229166666666667 0.09814814814814815
0 0.30052083333333335 0.22685185185185186 0.042708333333333334 0.053703703703703705
0 0.25885416666666666 0.2101851851851852 0.040625 0.05
0 0.24895833333333334 0.2601851851851852 0.04583333333333333 0.06851851851851852
