0 0.7640625 0.26851851851851855 0.04479166666666667 0.05555555555555555
0 0.030208333333333334 0.6527777777777778 0.058333333333333334 0.13518518518518519
0 0.2296875 0.5990740740740741 0.14895833333333333 0.17222222222222222
0 0.8239583333333333 0.2916666666666667 0.04791666666666667 0.06851851851851852
0 0.8828125 0.3398148148148148 0.04895833333333333 0.07962962962962963
0 0.6541666666666667 0.42314814814814816 0.07916666666666666 0.10185185185185185
0 0.69375 0.562962962962963 0.10208333333333333 0.14444444444444443
0 0.5473958333333333 0.25 0.04895833333333333 0.05185185185185185
0 0.66875 0.23703703703703705 0.0375 0.04814814814814815
2 0.7479166666666667 0.8518518518518519 0.15625 0.2962962962962963
0 0.9640625 0.8925925925925926 0.071875 0.21481481481481482
