0 0.6526041666666667 0.6935185185185185 0.12604166666666666 0.2611111111111111
0 0.75 0.04351851851851852 0.03333333333333333 0.03888888888888889
0 0.8 0.43333333333333335 0.10625 0.16296296296296298
0 0.6322916666666667 0.2518518518518518 0.06041666666666667 0.1037037037037037
0 0.778125 0.06388888888888888 0.035416666666666666 0.046296296296296294
0 0.6036458333333333 0.17037037037037037 0.04479166666666667 0.07407407407407407
0 0.7239583333333334 0.24537037037037038 0.06041666666666667 0.10185185185185185
0 0.7067708333333333 0.04537037037037037 0.028125 0.04259259259259259
0 0.8484375 0.0787037037037037 0.040625 0.05
0 0.8234375 0.11481481481481481 0.046875 0.05925925925925926
2 0.6026041666666667 0.10833333333333334 0.03229166666666667 0.06111111111111111
0 0.8661458333333333 0.1527777777777778 0.051041666666666666 0.06851851851851852
0 0.5989583333333334 0.06944444444444445 0.025 0.03888888888888889
0 0.9458333333333333 0.1925925925925926 0.06041666666666667 0.08148148148148149
0 0.8875 0.28055555555555556 0.08125 0.11296296296296296
0 0.5442708333333334 0.03796296296296296 0.023958333333333335 0.03888888888888889
2 0.5880208333333333 0.03148148148148148 0.026041666666666668 0.05925925925925926
0 0.6328125 0.026851851851851852 0.023958333333333335 0.05
1 0.496875 0.29444444444444445 0.11666666666666667 0.28888888888888886
