0 0.9505208333333334 0.2935185185185185 0.09895833333333333 0.10555555555555556
0 0.2552083333333333 0.462037037037037 0.09166666666666666 0.07592592592592592
2 0.23802083333333332 0.3574074074074074 0.08854166666666667 0.08888888888888889
0 0.4630208333333333 0.30092592592592593 0.09270833333333334 0.09444444444444444
2 0.5489583333333333 0.47685185185185186 0.14791666666666667 0.16111111111111112
3 0.5125 0.2111111111111111 0.0875 0.1037037037037037
0 0.4078125 0.7870370370370371 0.215625 0.2222222222222222
0 0.5645833333333333 0.9092592592592592 0.24375 0.1814814814814815
0 0.0984375 0.9157407407407407 0.19479166666666667 0.1685185185185185
2 0.540625 0.15462962962962962 0.07708333333333334 0.07222222222222222
0 0.6729166666666667 0.15 0.05625 0.06296296296296296
