2 0.6848958333333334 0.17777777777777778 0.028125 0.05555555555555555
0 0.271875 0.5592592592592592 0.09791666666666667 0.15555555555555556
0 0.7427083333333333 0.1925925925925926 0.035416666666666666 0.05185185185185185
0 0.7109375 0.24259259259259258 0.03854166666666667 0.06296296296296296
0 0.41458333333333336 0.5148148148148148 0.07916666666666666 0.12962962962962962
2 0.6526041666666667 0.25462962962962965 0.03854166666666667 0.07962962962962963
0 0.8317708333333333 0.21944444444444444 0.042708333333333334 0.05740740740740741
0 0.3125 0.325 0.05416666666666667 0.07592592592592592
0 0.21354166666666666 0.34814814814814815 0.06041666666666667 0.08518518518518518
0 0.8265625 0.28703703703703703 0.053125 0.06666666666666667
0 0.3651041666666667 0.24351851851851852 0.03854166666666667 0.06111111111111111
0 0.32708333333333334 0.21944444444444444 0.041666666666666664 0.06851851851851852
0 0.4041666666666667 0.19444444444444445 0.03333333333333333 0.05185185185185185
0 0.9208333333333333 0.30185185185185187 0.06041666666666667 0.07407407407407407
0 0.9598958333333333 0.5185185185185185 0.08020833333333334 0.11481481481481481
