0 0.61875 0.18888888888888888 0.029166666666666667 0.040740740740740744
0 0.6796875 0.18796296296296297 0.03229166666666667 0.046296296296296294
0 0.7286458333333333 0.1685185185185185 0.026041666666666668 0.044444444444444446
0 0.6348958333333333 0.2351851851851852 0.034375 0.05555555555555555
0 0.32395833333333335 0.5009259259259259 0.08333333333333333 0.12037037037037036
0 0.7072916666666667 0.24259259259259258 0.04375 0.06666666666666667
0 0.35833333333333334 0.27685185185185185 0.041666666666666664 0.06481481481481481
0 0.7791666666666667 0.175 0.03125 0.046296296296296294
0 0.2677083333333333 0.30462962962962964 0.052083333333333336 0.08333333333333333
0 0.48854166666666665 0.30648148148148147 0.041666666666666664 0.06851851851851852
0 0.3927083333333333 0.21851851851851853 0.035416666666666666 0.05185185185185185
0 0.509375 0.24259259259259258 0.03125 0.05555555555555555
2 0.4432291666666667 0.22870370370370371 0.040625 0.09444444444444444
0 0.8052083333333333 0.24259259259259258 0.05 0.06666666666666667
0 0.340625 0.21851851851851853 0.035416666666666666 0.05555555555555555
0 0.6786458333333333 0.43333333333333335 0.06770833333333333 0.10740740740740741
0 0.8645833333333334 0.3574074074074074 0.06458333333333334 0.08518518518518518
0 0.90625 0.4388888888888889 0.075 0.0962962962962963
0 0.46510416666666665 0.19814814814814816 0.026041666666666668 0.04814814814814815
0 0.9630208333333333 0.3509259259259259 0.07395833333333333 0.07962962962962963
