0 0.27239583333333334 0.032407407407407406 0.026041666666666668 0.027777777777777776
0 0.6291666666666667 0.5074074074074074 0.15833333333333333 0.2074074074074074
0 0.20989583333333334 0.062037037037037036 0.028125 0.03148148148148148
0 0.2453125 0.05277777777777778 0.026041666666666668 0.03518518518518519
0 0.28854166666666664 0.04537037037037037 0.022916666666666665 0.024074074074074074
2 0.4546875 0.4935185185185185 0.11770833333333333 0.20925925925925926
0 0.2125 0.4361111111111111 0.08333333333333333 0.13148148148148148
0 0.44375 0.8842592592592593 0.17916666666666667 0.23148148148148148
2 0.2911458333333333 0.07222222222222222 0.03854166666666667 0.05555555555555555
0 0.2635416666666667 0.09444444444444444 0.035416666666666666 0.03333333333333333
0 0.3927083333333333 0.06851851851851852 0.035416666666666666 0.037037037037037035
0 0.2625 0.18981481481481483 0.05 0.06481481481481481
2 0.3984375 0.12222222222222222 0.053125 0.05925925925925926
0 0.43333333333333335 0.10740740740740741 0.03958333333333333 0.04814814814814815
0 0.503125 0.175 0.0625 0.06111111111111111
0 0.41822916666666665 0.17222222222222222 0.053125 0.05185185185185185
0 0.084375 0.2351851851851852 0.052083333333333336 0.07407407407407407
0 0.04010416666666667 0.13148148148148148 0.036458333333333336 0.04814814814814815
0 0.14479166666666668 0.10925925925925926 0.03333333333333333 0.044444444444444446
0 0.684375 0.26481481481481484 0.10416666666666667 0.08148148148148149
0 0.7760416666666666 0.24444444444444444 0.09791666666666667 0.08148148148148149
