0 0.6260416666666667 0.19074074074074074 0.03125 0.05555555555555555
0 0.32916666666666666 0.7444444444444445 0.11666666666666667 0.2
3 0.07291666666666667 0.8435185185185186 0.14375 0.31296296296296294
0 0.0390625 0.5574074074074075 0.07604166666666666 0.13333333333333333
0 0.22708333333333333 0.4648148148148148 0.08541666666666667 0.10740740740740741
0 0.259375 0.3194444444444444 0.052083333333333336 0.06851851851851852
0 0.6604166666666667 0.35833333333333334 0.04791666666666667 0.07592592592592592
0 0.7671875 0.3907407407407407 0.06354166666666666 0.08888888888888889
0 0.8333333333333334 0.3194444444444444 0.052083333333333336 0.07592592592592592
0 0.6984375 0.5277777777777778 0.078125 0.11481481481481481
0 0.459375 0.21851851851851853 0.03125 0.044444444444444446
0 0.9020833333333333 0.6814814814814815 0.13125 0.17407407407407408
0 0.4322916666666667 0.18055555555555555 0.027083333333333334 0.03888888888888889
0 0.9713541666666666 0.3907407407407407 0.057291666666666664 0.08518518518518518
