0 0.9276041666666667 0.16944444444444445 0.078125 0.07592592592592592
0 0.08541666666666667 0.48333333333333334 0.10416666666666667 0.09259259259259259
0 0.8296875 0.31296296296296294 0.109375 0.1111111111111111
0 0.43125 0.2935185185185185 0.075 0.06851851851851852
0 0.3765625 0.3648148148148148 0.08645833333333333 0.07777777777777778
0 0.5088541666666667 0.5324074074074074 0.17604166666666668 0.1648148148148148
0 0.81875 0.55 0.14583333333333334 0.17407407407407408
0 0.4552083333333333 0.2324074074074074 0.07083333333333333 0.05740740740740741
0 0.6130208333333333 0.12314814814814815 0.053125 0.046296296296296294
0 0.7119791666666667 0.11944444444444445 0.057291666666666664 0.053703703703703705
