2 0.6526041666666667 0.20462962962962963 0.036458333333333336 0.07962962962962963
0 0.7739583333333333 0.1787037037037037 0.04375 0.06851851851851852
0 0.7427083333333333 0.2601851851851852 0.04791666666666667 0.06851851851851852
0 0.18385416666666668 0.4212962962962963 0.09479166666666666 0.12407407407407407
0 0.6828125 0.35 0.05520833333333333 0.08518518518518518
0 0.3645833333333333 0.3398148148148148 0.06041666666666667 0.09444444444444444
0 0.47552083333333334 0.2638888888888889 0.046875 0.07222222222222222
0 0.8619791666666666 0.3055555555555556 0.06354166666666666 0.08518518518518518
0 0.74375 0.6759259259259259 0.09583333333333334 0.1814814814814815
0 0.9385416666666667 0.7509259259259259 0.12291666666666666 0.20925925925925926
