0 0.625 0.1925925925925926 0.03125 0.04814814814814815
2 0.3015625 0.5157407407407407 0.078125 0.16111111111111112
2 0.30416666666666664 0.33796296296296297 0.052083333333333336 0.09444444444444444
0 0.23854166666666668 0.32037037037037036 0.05625 0.07777777777777778
0 0.7182291666666667 0.26296296296296295 0.042708333333333334 0.07407407407407407
0 0.39947916666666666 0.34444444444444444 0.051041666666666666 0.07777777777777778
0 0.37447916666666664 0.25 0.03854166666666667 0.05555555555555555
0 0.7963541666666667 0.21851851851851853 0.03854166666666667 0.05925925925925926
2 0.3109375 0.24259259259259258 0.036458333333333336 0.07037037037037037
0 0.42916666666666664 0.25 0.041666666666666664 0.06666666666666667
0 0.6697916666666667 0.3990740740740741 0.05625 0.09074074074074075
0 0.515625 0.19444444444444445 0.03125 0.04814814814814815
2 0.4635416666666667 0.17777777777777778 0.035416666666666666 0.08148148148148149
