0 0.08958333333333333 0.8814814814814815 0.15 0.23703703703703705
0 0.32447916666666665 0.2851851851851852 0.046875 0.06666666666666667
0 0.38385416666666666 0.3101851851851852 0.046875 0.07222222222222222
0 0.6088541666666667 0.1685185185185185 0.028125 0.040740740740740744
0 0.7177083333333333 0.1962962962962963 0.035416666666666666 0.044444444444444446
2 0.7786458333333334 0.1814814814814815 0.034375 0.05555555555555555
0 0.615625 0.2222222222222222 0.035416666666666666 0.05185185185185185
0 0.6901041666666666 0.2361111111111111 0.036458333333333336 0.05740740740740741
0 0.7666666666666667 0.24537037037037038 0.04583333333333333 0.06481481481481481
0 0.6494791666666667 0.33796296296296297 0.051041666666666666 0.07962962962962963
0 0.8145833333333333 0.3138888888888889 0.05625 0.06851851851851852
0 0.7390625 0.3648148148148148 0.059375 0.07777777777777778
2 0.6989583333333333 0.5833333333333334 0.09583333333333334 0.15925925925925927
0 0.9182291666666667 0.33240740740740743 0.06354166666666666 0.07962962962962963
