0 0.6994791666666667 0.053703703703703705 0.021875 0.037037037037037035
0 0.7125 0.06296296296296296 0.022916666666666665 0.037037037037037035
0 0.46770833333333334 0.21574074074074073 0.07916666666666666 0.07592592592592592
0 0.7375 0.06944444444444445 0.022916666666666665 0.03518518518518519
0 0.7614583333333333 0.058333333333333334 0.022916666666666665 0.024074074074074074
0 0.7447916666666666 0.041666666666666664 0.01875 0.020370370370370372
0 0.7822916666666667 0.03148148148148148 0.020833333333333332 0.02962962962962963
0 0.7765625 0.07407407407407407 0.026041666666666668 0.04814814814814815
0 0.7682291666666666 0.1 0.030208333333333334 0.04814814814814815
0 0.75 0.08888888888888889 0.025 0.037037037037037035
0 0.6005208333333333 0.2175925925925926 0.040625 0.08333333333333333
0 0.5572916666666666 0.1175925925925926 0.025 0.053703703703703705
0 0.6463541666666667 0.1638888888888889 0.03854166666666667 0.06481481481481481
0 0.7432291666666667 0.1287037037037037 0.034375 0.05
0 0.8020833333333334 0.13148148148148148 0.03958333333333333 0.040740740740740744
0 0.6234375 0.10277777777777777 0.03229166666666667 0.05
0 0.8354166666666667 0.17037037037037037 0.04375 0.07037037037037037
2 0.7822916666666667 0.1935185185185185 0.05625 0.09074074074074075
0 0.6177083333333333 0.05740740740740741 0.022916666666666665 0.040740740740740744
1 0.5447916666666667 0.03333333333333333 0.027083333333333334 0.06296296296296296
