0 0.3328125 0.22685185185185186 0.051041666666666666 0.06481481481481481
0 0.39791666666666664 0.30277777777777776 0.06041666666666667 0.09074074074074075
0 0.4942708333333333 0.2851851851851852 0.059375 0.09259259259259259
0 0.6182291666666667 0.12314814814814815 0.017708333333333333 0.03888888888888889
0 0.7338541666666667 0.2175925925925926 0.04895833333333333 0.07222222222222222
0 0.4864583333333333 0.12777777777777777 0.03333333333333333 0.05555555555555555
0 0.6119791666666666 0.23055555555555557 0.053125 0.07962962962962963
0 0.5114583333333333 0.18703703703703703 0.0375 0.06296296296296296
2 0.46510416666666665 0.10833333333333334 0.034375 0.05740740740740741
0 0.721875 0.31203703703703706 0.07291666666666667 0.10925925925925926
0 0.6255208333333333 0.30833333333333335 0.071875 0.10925925925925926
0 0.525 0.13240740740740742 0.029166666666666667 0.05740740740740741
0 0.8255208333333334 0.5027777777777778 0.11979166666666667 0.1685185185185185
0 0.9302083333333333 0.8296296296296296 0.09583333333333334 0.29259259259259257
1 0.8479166666666667 0.275 0.15833333333333333 0.2388888888888889
1 0.6567708333333333 0.14907407407407408 0.071875 0.1537037037037037
