2 0.6869791666666667 0.025 0.021875 0.046296296296296294
0 0.6697916666666667 0.018518518518518517 0.020833333333333332 0.03333333333333333
0 0.7390625 0.046296296296296294 0.028125 0.037037037037037035
0 0.6791666666666667 0.058333333333333334 0.025 0.03888888888888889
0 0.7135416666666666 0.058333333333333334 0.025 0.03888888888888889
0 0.7635416666666667 0.11296296296296296 0.03958333333333333 0.05555555555555555
0 0.8578125 0.1814814814814815 0.057291666666666664 0.07777777777777778
0 0.8463541666666666 0.22407407407407406 0.06354166666666666 0.08888888888888889
0 0.5666666666666667 0.026851851851851852 0.020833333333333332 0.03148148148148148
1 0.41822916666666665 0.5546296296296296 0.21770833333333334 0.6981481481481482
