0 0.6942708333333333 0.06388888888888888 0.021875 0.03888888888888889
0 0.7432291666666667 0.05740740740740741 0.021875 0.025925925925925925
0 0.7098958333333333 0.07407407407407407 0.026041666666666668 0.037037037037037035
0 0.6947916666666667 0.26481481481481484 0.058333333333333334 0.0962962962962963
0 0.5645833333333333 0.13518518518518519 0.03333333333333333 0.05185185185185185
0 0.5786458333333333 0.2962962962962963 0.057291666666666664 0.1
0 0.7411458333333333 0.08703703703703704 0.028125 0.037037037037037035
0 0.7609375 0.10925925925925926 0.034375 0.05555555555555555
0 0.7864583333333334 0.09074074074074075 0.027083333333333334 0.044444444444444446
0 0.8713541666666667 0.0787037037037037 0.017708333333333333 0.03888888888888889
0 0.8078125 0.1361111111111111 0.042708333333333334 0.07222222222222222
0 0.8302083333333333 0.2388888888888889 0.06666666666666667 0.1
0 0.85 0.1925925925925926 0.052083333333333336 0.07777777777777778
0 0.5666666666666667 0.09537037037037037 0.027083333333333334 0.03148148148148148
0 0.5640625 0.05462962962962963 0.017708333333333333 0.03148148148148148
0 0.603125 0.04814814814814815 0.01875 0.03333333333333333
0 0.9536458333333333 0.45092592592592595 0.09270833333333334 0.15
0 0.984375 0.3351851851851852 0.03125 0.07037037037037037
