2 0.6244791666666667 0.1787037037037037 0.03229166666666667 0.05740740740740741
0 0.20885416666666667 0.7092592592592593 0.11354166666666667 0.17777777777777778
0 0.7244791666666667 0.17222222222222222 0.030208333333333334 0.040740740740740744
2 0.22083333333333333 0.43703703703703706 0.08333333333333333 0.14074074074074075
0 0.6359375 0.25 0.03854166666666667 0.05555555555555555
2 0.6921875 0.20833333333333334 0.040625 0.06851851851851852
2 0.396875 0.3277777777777778 0.04791666666666667 0.0962962962962963
2 0.3692708333333333 0.25277777777777777 0.036458333333333336 0.06481481481481481
0 0.3182291666666667 0.24074074074074073 0.036458333333333336 0.05185185185185185
0 0.7765625 0.3888888888888889 0.06354166666666666 0.0962962962962963
0 0.4479166666666667 0.24814814814814815 0.035416666666666666 0.05925925925925926
0 0.41302083333333334 0.19907407407407407 0.030208333333333334 0.046296296296296294
0 0.8786458333333333 0.3416666666666667 0.06354166666666666 0.09444444444444444
2 0.3645833333333333 0.19166666666666668 0.029166666666666667 0.05740740740740741
0 0.4609375 0.1925925925925926 0.03229166666666667 0.04814814814814815
0 0.7338541666666667 0.6925925925925925 0.09895833333333333 0.17037037037037037
