0 0.6489583333333333 0.15925925925925927 0.03333333333333333 0.06296296296296296
0 0.5942708333333333 0.1787037037037037 0.042708333333333334 0.07962962962962963
0 0.7260416666666667 0.17962962962962964 0.04791666666666667 0.06666666666666667
0 0.6072916666666667 0.2490740740740741 0.04791666666666667 0.08703703703703704
0 0.7010416666666667 0.2490740740740741 0.05625 0.08703703703703704
0 0.7505208333333333 0.37407407407407406 0.084375 0.14074074074074075
0 0.8739583333333333 0.37962962962962965 0.09791666666666667 0.13333333333333333
0 0.728125 0.6212962962962963 0.12708333333333333 0.20555555555555555
0 0.3260416666666667 0.23055555555555557 0.041666666666666664 0.07592592592592592
0 0.06666666666666667 0.8185185185185185 0.13125 0.25925925925925924
2 0.3182291666666667 0.4638888888888889 0.09270833333333334 0.19814814814814816
0 0.4921875 0.3592592592592593 0.06354166666666666 0.1259259259259259
0 0.43802083333333336 0.18981481481481483 0.040625 0.06851851851851852
0 0.5057291666666667 0.18703703703703703 0.042708333333333334 0.08148148148148149
0 0.509375 0.1388888888888889 0.03125 0.05185185185185185
0 0.4796875 0.08796296296296297 0.028125 0.03518518518518519
