0 0.27708333333333335 0.13055555555555556 0.05625 0.06481481481481481
0 0.5609375 0.14814814814814814 0.07395833333333333 0.06666666666666667
0 0.8916666666666667 0.6555555555555556 0.21666666666666667 0.2814814814814815
0 0.728125 0.6833333333333333 0.2604166666666667 0.3
0 0.4510416666666667 0.3212962962962963 0.11458333333333333 0.12777777777777777
0 0.28958333333333336 0.287962962962963 0.08541666666666667 0.10185185185185185
0 0.19635416666666666 0.22685185185185186 0.06979166666666667 0.09814814814814815
0 0.15989583333333332 0.1787037037037037 0.051041666666666666 0.06481481481481481
1 0.2671875 0.07314814814814814 0.103125 0.10925925925925926
0 0.18645833333333334 0.14537037037037037 0.04791666666666667 0.06111111111111111
