0 0.22916666666666666 0.24074074074074073 0.03333333333333333 0.03333333333333333
0 0.32083333333333336 0.25277777777777777 0.041666666666666664 0.03518518518518519
0 0.503125 0.42407407407407405 0.11041666666666666 0.1259259259259259
0 0.6369791666666667 0.5925925925925926 0.18645833333333334 0.17407407407407408
0 0.3645833333333333 0.30648148148148147 0.06041666666666667 0.046296296296296294
0 0.43020833333333336 0.30648148148148147 0.0625 0.05
0 0.23541666666666666 0.3453703703703704 0.06458333333333334 0.06111111111111111
0 0.24322916666666666 0.30462962962962964 0.051041666666666666 0.046296296296296294
0 0.1078125 0.9583333333333334 0.21354166666666666 0.08333333333333333
0 0.6911458333333333 0.39537037037037037 0.10520833333333333 0.07222222222222222
