0 0.5135416666666667 0.42592592592592593 0.09166666666666666 0.15925925925925927
0 0.6625 0.2722222222222222 0.058333333333333334 0.1037037037037037
0 0.5588541666666667 0.24722222222222223 0.057291666666666664 0.09074074074074075
0 0.4734375 0.225 0.05520833333333333 0.07962962962962963
0 0.6432291666666666 0.17777777777777778 0.04895833333333333 0.1037037037037037
0 0.5828125 0.1574074074074074 0.042708333333333334 0.08148148148148149
0 0.6395833333333333 0.07962962962962963 0.027083333333333334 0.04814814814814815
0 0.6 0.08055555555555556 0.027083333333333334 0.046296296296296294
0 0.8703125 0.40555555555555556 0.103125 0.14444444444444443
0 0.921875 0.32407407407407407 0.09166666666666666 0.12222222222222222
0 0.9442708333333333 0.21944444444444444 0.07395833333333333 0.09074074074074075
0 0.8489583333333334 0.15 0.06041666666666667 0.07037037037037037
0 0.8744791666666667 0.1111111111111111 0.053125 0.05925925925925926
1 0.4875 0.12314814814814815 0.12291666666666666 0.14629629629629629
