0 0.3385416666666667 0.25092592592592594 0.04375 0.07222222222222222
0 0.6276041666666666 0.11388888888888889 0.026041666666666668 0.04259259259259259
0 0.6755208333333333 0.12962962962962962 0.030208333333333334 0.044444444444444446
0 0.6541666666666667 0.15925925925925927 0.03958333333333333 0.06666666666666667
0 0.49114583333333334 0.3212962962962963 0.057291666666666664 0.10185185185185185
0 0.7119791666666667 0.17314814814814813 0.040625 0.06111111111111111
0 0.3776041666666667 0.38425925925925924 0.07604166666666666 0.11666666666666667
0 0.46458333333333335 0.16666666666666666 0.035416666666666666 0.05925925925925926
0 0.5192708333333333 0.23703703703703705 0.04895833333333333 0.06666666666666667
0 0.6994791666666667 0.2759259259259259 0.05520833333333333 0.09259259259259259
0 0.7963541666666667 0.2861111111111111 0.06979166666666667 0.09814814814814815
0 0.5161458333333333 0.1638888888888889 0.030208333333333334 0.05
0 0.44947916666666665 0.14074074074074075 0.028125 0.04814814814814815
0 0.4864583333333333 0.11666666666666667 0.022916666666666665 0.03333333333333333
0 0.8984375 0.6472222222222223 0.14270833333333333 0.19444444444444445
