2 0.9166666666666666 0.28703703703703703 0.16666666666666666 0.14074074074074075
0 0.7239583333333334 0.2351851851851852 0.1125 0.1
0 0.6010416666666667 0.19444444444444445 0.08333333333333333 0.07407407407407407
0 0.5166666666666667 0.20555555555555555 0.06666666666666667 0.07407407407407407
2 0.8270833333333333 0.6685185185185185 0.275 0.32592592592592595
0 0.5927083333333333 0.5083333333333333 0.15625 0.1685185185185185
1 0.396875 0.23703703703703705 0.18333333333333332 0.2037037037037037
0 0.9515625 0.47314814814814815 0.096875 0.1685185185185185
0 0.6473958333333333 0.4287037037037037 0.16145833333333334 0.1425925925925926
0 0.4354166666666667 0.3925925925925926 0.1125 0.1259259259259259
2 0.8328125 0.49722222222222223 0.17604166666666668 0.20925925925925926
0 0.9651041666666667 0.6398148148148148 0.06979166666666667 0.15
0 0.80625 0.39814814814814814 0.16041666666666668 0.12962962962962962
0 0.6286458333333333 0.31203703703703706 0.121875 0.09814814814814815
0 0.2984375 0.275 0.06770833333333333 0.09444444444444444
0 0.36041666666666666 0.3296296296296296 0.07708333333333334 0.1
0 0.5177083333333333 0.2564814814814815 0.07916666666666666 0.10555555555555556
0 0.3020833333333333 0.21666666666666667 0.04375 0.05925925925925926
0 0.2604166666666667 0.1962962962962963 0.041666666666666664 0.05555555555555555
0 0.25104166666666666 0.2462962962962963 0.04375 0.07037037037037037
