0 0.15572916666666667 0.4648148148148148 0.16979166666666667 0.13333333333333333
2 0.4265625 0.27685185185185185 0.115625 0.11296296296296296
0 0.865625 0.29814814814814816 0.10208333333333333 0.1
2 0.9 0.36666666666666664 0.12083333333333333 0.15925925925925927
0 0.7203125 0.20277777777777778 0.078125 0.07962962962962963
0 0.9640625 0.4546296296296296 0.071875 0.1425925925925926
0 0.8557291666666667 0.18425925925925926 0.07395833333333333 0.07592592592592592
0 0.340625 0.6694444444444444 0.225 0.20185185185185187
0 0.5557291666666667 0.7138888888888889 0.22604166666666667 0.22037037037037038
0 0.7265625 0.1425925925925926 0.059375 0.05555555555555555
