0 0.4109375 0.10648148148148148 0.036458333333333336 0.046296296296296294
2 0.7302083333333333 0.7620370370370371 0.2708333333333333 0.4203703703703704
0 0.3104166666666667 0.3351851851851852 0.07291666666666667 0.1
0 0.3984375 0.2953703703703704 0.078125 0.09814814814814815
0 0.5598958333333334 0.15092592592592594 0.06354166666666666 0.07592592592592592
0 0.20104166666666667 0.2064814814814815 0.05 0.07592592592592592
0 0.253125 0.17962962962962964 0.04583333333333333 0.06296296296296296
0 0.03958333333333333 0.21574074074074073 0.03958333333333333 0.06851851851851852
0 0.11302083333333333 0.1935185185185185 0.040625 0.06481481481481481
0 0.8177083333333334 0.2564814814814815 0.11458333333333333 0.10185185185185185
