1 0.7994791666666666 0.03518518518518519 0.13229166666666667 0.06666666666666667
0 0.18802083333333333 0.31666666666666665 0.11770833333333333 0.18518518518518517
0 0.0203125 0.9138888888888889 0.03854166666666667 0.17222222222222222
3 0.2875 0.29444444444444445 0.17708333333333334 0.3851851851851852
0 0.4005208333333333 0.03425925925925926 0.04479166666666667 0.06481481481481481
1 0.9229166666666667 0.2 0.15416666666666667 0.3962962962962963
0 0.6838541666666667 0.011111111111111112 0.046875 0.018518518518518517
0 0.42239583333333336 0.09814814814814815 0.065625 0.1
0 0.496875 0.14629629629629629 0.07291666666666667 0.12222222222222222
0 0.7807291666666667 0.2851851851851852 0.11979166666666667 0.15185185185185185
0 0.746875 0.7490740740740741 0.20833333333333334 0.3574074074074074
