1 0.1234375 0.49537037037037035 0.24479166666666666 0.412962962962963
0 0.7140625 0.20925925925925926 0.042708333333333334 0.05925925925925926
0 0.3536458333333333 0.5740740740740741 0.090625 0.16666666666666666
0 0.659375 0.25 0.035416666666666666 0.06296296296296296
2 0.39739583333333334 0.2972222222222222 0.053125 0.10555555555555556
2 0.37916666666666665 0.25925925925925924 0.03958333333333333 0.1
0 0.48802083333333335 0.2851851851851852 0.04895833333333333 0.08148148148148149
0 0.22291666666666668 0.2953703703703704 0.05625 0.06111111111111111
2 0.3489583333333333 0.2064814814814815 0.04375 0.07592592592592592
0 0.875 0.2833333333333333 0.058333333333333334 0.07407407407407407
0 0.47760416666666666 0.2101851851851852 0.03854166666666667 0.06111111111111111
