2 0.9260416666666667 0.28888888888888886 0.14791666666666667 0.14074074074074075
0 0.7239583333333334 0.2351851851851852 0.1125 0.1
0 0.609375 0.19166666666666668 0.08541666666666667 0.07592592592592592
0 0.5015625 0.14537037037037037 0.06770833333333333 0.06851851851851852
0 0.5171875 0.20555555555555555 0.065625 0.07407407407407407
2 0.8270833333333333 0.6601851851851852 0.2708333333333333 0.32407407407407407
0 0.5911458333333334 0.5046296296296297 0.15729166666666666 0.17222222222222222
1 0.3963541666666667 0.23148148148148148 0.18229166666666666 0.1962962962962963
0 0.9526041666666667 0.4685185185185185 0.09479166666666666 0.16666666666666666
0 0.6479166666666667 0.42777777777777776 0.16041666666666668 0.14074074074074075
0 0.4348958333333333 0.3925925925925926 0.11145833333333334 0.1259259259259259
2 0.8328125 0.49722222222222223 0.17604166666666668 0.21296296296296297
0 0.9651041666666667 0.6388888888888888 0.06979166666666667 0.15185185185185185
0 0.80625 0.39814814814814814 0.16041666666666668 0.12962962962962962
0 0.6291666666666667 0.3101851851851852 0.12291666666666666 0.09814814814814815
0 0.29739583333333336 0.2722222222222222 0.06770833333333333 0.09259259259259259
0 0.36041666666666666 0.3296296296296296 0.07708333333333334 0.1
0 0.5177083333333333 0.25462962962962965 0.07916666666666666 0.10555555555555556
0 0.3020833333333333 0.21574074074074073 0.04375 0.05740740740740741
0 0.2604166666666667 0.19444444444444445 0.041666666666666664 0.05555555555555555
0 0.25 0.24537037037037038 0.04375 0.07222222222222222
