0 0.6296875 0.20277777777777778 0.030208333333333334 0.046296296296296294
0 0.16875 0.8268518518518518 0.15833333333333333 0.24259259259259258
0 0.690625 0.20277777777777778 0.03333333333333333 0.05
0 0.3182291666666667 0.33055555555555555 0.04895833333333333 0.07222222222222222
0 0.19583333333333333 0.39444444444444443 0.07083333333333333 0.1037037037037037
0 0.46145833333333336 0.4064814814814815 0.06041666666666667 0.09814814814814815
0 0.36822916666666666 0.25277777777777777 0.036458333333333336 0.053703703703703705
0 0.4947916666666667 0.2972222222222222 0.041666666666666664 0.06851851851851852
2 0.41354166666666664 0.2851851851851852 0.052083333333333336 0.12222222222222222
0 0.7635416666666667 0.20462962962962963 0.03958333333333333 0.053703703703703705
0 0.30052083333333335 0.262037037037037 0.040625 0.06111111111111111
0 0.65625 0.3333333333333333 0.052083333333333336 0.08518518518518518
0 0.8151041666666666 0.29074074074074074 0.051041666666666666 0.06296296296296296
0 0.8166666666666667 0.34629629629629627 0.052083333333333336 0.07407407407407407
0 0.4473958333333333 0.23055555555555557 0.036458333333333336 0.05740740740740741
0 0.8786458333333333 0.27314814814814814 0.04895833333333333 0.06111111111111111
0 0.47291666666666665 0.1935185185185185 0.029166666666666667 0.04259259259259259
0 0.5182291666666666 0.19907407407407407 0.030208333333333334 0.046296296296296294
0 0.7869791666666667 0.7907407407407407 0.13020833333333334 0.2074074074074074
