1 0.07760416666666667 0.4305555555555556 0.153125 0.29814814814814816
1 0.47604166666666664 0.2351851851851852 0.23333333333333334 0.1814814814814815
0 0.3177083333333333 0.5916666666666667 0.15 0.19444444444444445
0 0.6494791666666667 0.7074074074074074 0.246875 0.2814814814814815
0 0.1859375 0.2212962962962963 0.036458333333333336 0.03518518518518519
2 0.2578125 0.21481481481481482 0.053125 0.06296296296296296
0 0.128125 0.32592592592592595 0.05416666666666667 0.07777777777777778
0 0.46875 0.32592592592592595 0.09791666666666667 0.09259259259259259
0 0.17083333333333334 0.28703703703703703 0.05625 0.07407407407407407
0 0.6651041666666667 0.49537037037037035 0.184375 0.1537037037037037
