0 0.428125 0.8657407407407407 0.175 0.26851851851851855
0 0.5338541666666666 0.45555555555555555 0.08020833333333334 0.13703703703703704
0 0.41822916666666665 0.47314814814814815 0.078125 0.12777777777777777
0 0.6854166666666667 0.7111111111111111 0.12083333333333333 0.26296296296296295
0 0.5635416666666667 0.31203703703703706 0.052083333333333336 0.08703703703703704
0 0.6494791666666667 0.34444444444444444 0.057291666666666664 0.0962962962962963
0 0.5802083333333333 0.23055555555555557 0.04583333333333333 0.06851851851851852
0 0.88125 0.3 0.06875 0.09259259259259259
0 0.5979166666666667 0.1814814814814815 0.035416666666666666 0.05185185185185185
0 0.6510416666666666 0.1935185185185185 0.03333333333333333 0.06111111111111111
1 0.49114583333333334 0.18703703703703703 0.12604166666666666 0.15555555555555556
