0 0.24583333333333332 0.1259259259259259 0.05416666666666667 0.05185185185185185
0 0.5302083333333333 0.14166666666666666 0.06666666666666667 0.05740740740740741
0 0.9479166666666666 0.7064814814814815 0.10416666666666667 0.21666666666666667
0 0.8640625 0.8092592592592592 0.271875 0.3333333333333333
0 0.49270833333333336 0.35555555555555557 0.13125 0.14074074074074075
0 0.3104166666666667 0.31296296296296294 0.09791666666666667 0.1111111111111111
0 0.20572916666666666 0.24259259259259258 0.071875 0.1
0 0.16822916666666668 0.19166666666666668 0.05520833333333333 0.06851851851851852
1 0.2630208333333333 0.07685185185185185 0.09895833333333333 0.10185185185185185
0 0.203125 0.16296296296296298 0.05416666666666667 0.06666666666666667
