0 0.0765625 0.6842592592592592 0.15104166666666666 0.17592592592592593
0 0.8932291666666666 0.16111111111111112 0.034375 0.05555555555555555
2 0.3020833333333333 0.36944444444444446 0.09583333333333334 0.12037037037037036
0 0.346875 0.3037037037037037 0.07916666666666666 0.07037037037037037
0 0.7880208333333333 0.24259259259259258 0.04895833333333333 0.06666666666666667
0 0.5869791666666667 0.43333333333333335 0.09895833333333333 0.1259259259259259
0 0.5520833333333334 0.2074074074074074 0.05416666666666667 0.05925925925925926
0 0.6572916666666667 0.5916666666666667 0.12916666666666668 0.19444444444444445
0 0.7755208333333333 0.8287037037037037 0.146875 0.29444444444444445
0 0.5197916666666667 0.15185185185185185 0.04791666666666667 0.05185185185185185
