0 0.4744791666666667 0.21944444444444444 0.05520833333333333 0.07592592592592592
0 0.5494791666666666 0.30925925925925923 0.06979166666666667 0.11481481481481481
0 0.5755208333333334 0.19444444444444445 0.04895833333333333 0.07407407407407407
0 0.709375 0.7138888888888889 0.12708333333333333 0.2759259259259259
0 0.7234375 0.0824074074074074 0.030208333333333334 0.05
0 0.6567708333333333 0.2037037037037037 0.046875 0.08148148148148149
0 0.8557291666666667 0.14629629629629629 0.042708333333333334 0.07037037037037037
0 0.5890625 0.1361111111111111 0.03854166666666667 0.06851851851851852
0 0.64375 0.1388888888888889 0.041666666666666664 0.08148148148148149
0 0.8869791666666667 0.18981481481481483 0.065625 0.08333333333333333
1 0.48802083333333335 0.12037037037037036 0.12604166666666666 0.15555555555555556
