0 0.05260416666666667 0.22592592592592592 0.06145833333333333 0.05555555555555555
0 0.31354166666666666 0.24259259259259258 0.06666666666666667 0.06296296296296296
0 0.25052083333333336 0.26296296296296295 0.084375 0.08518518518518518
0 0.46770833333333334 0.28425925925925927 0.0875 0.06111111111111111
2 0.428125 0.3388888888888889 0.12291666666666666 0.11481481481481481
0 0.5125 0.3333333333333333 0.09375 0.1037037037037037
0 0.5567708333333333 0.43148148148148147 0.13020833333333334 0.10740740740740741
0 0.828125 0.48518518518518516 0.17291666666666666 0.12222222222222222
1 0.0609375 0.4111111111111111 0.11979166666666667 0.26296296296296295
0 0.13541666666666666 0.7601851851851852 0.19375 0.22777777777777777
