0 0.6411458333333333 0.18796296296296297 0.026041666666666668 0.046296296296296294
0 0.6885416666666667 0.2074074074074074 0.029166666666666667 0.04814814814814815
0 0.6338541666666667 0.22314814814814815 0.03229166666666667 0.053703703703703705
0 0.7411458333333333 0.1962962962962963 0.030208333333333334 0.040740740740740744
0 0.6567708333333333 0.2916666666666667 0.036458333333333336 0.06851851851851852
0 0.43854166666666666 0.43703703703703706 0.0625 0.11481481481481481
0 0.7880208333333333 0.26481481481481484 0.042708333333333334 0.05925925925925926
0 0.7572916666666667 0.33425925925925926 0.05 0.07592592592592592
0 0.846875 0.24814814814814815 0.04583333333333333 0.05925925925925926
0 0.415625 0.26851851851851855 0.04375 0.06296296296296296
0 0.8588541666666667 0.3435185185185185 0.06145833333333333 0.07962962962962963
0 0.7166666666666667 0.5361111111111111 0.07083333333333333 0.12407407407407407
2 0.8817708333333333 0.587037037037037 0.08645833333333333 0.17407407407407408
0 0.9265625 0.32685185185185184 0.059375 0.07222222222222222
2 0.3723958333333333 0.18703703703703703 0.036458333333333336 0.06296296296296296
0 0.9609375 0.5148148148148148 0.078125 0.13703703703703704
