0 0.06354166666666666 0.925 0.125 0.15
0 0.225 0.43148148148148147 0.07916666666666666 0.12222222222222222
0 0.09166666666666666 0.4648148148148148 0.09166666666666666 0.14814814814814814
2 0.6322916666666667 0.20185185185185187 0.035416666666666666 0.06666666666666667
0 0.44427083333333334 0.47314814814814815 0.07395833333333333 0.12407407407407407
0 0.328125 0.5037037037037037 0.07916666666666666 0.12962962962962962
0 0.3020833333333333 0.31851851851851853 0.052083333333333336 0.07407407407407407
0 0.6979166666666666 0.22407407407407406 0.035416666666666666 0.05555555555555555
0 0.7609375 0.2212962962962963 0.03854166666666667 0.053703703703703705
0 0.4901041666666667 0.28888888888888886 0.046875 0.08888888888888889
2 0.7229166666666667 0.3074074074074074 0.05 0.1
0 0.43645833333333334 0.2462962962962963 0.035416666666666666 0.05925925925925926
0 0.8255208333333334 0.5148148148148148 0.08854166666666667 0.12222222222222222
0 0.5072916666666667 0.21574074074074073 0.03333333333333333 0.053703703703703705
