0 0.1703125 0.17592592592592593 0.046875 0.044444444444444446
2 0.05260416666666667 0.18425925925925926 0.05520833333333333 0.06111111111111111
0 0.42864583333333334 0.22870370370370371 0.08020833333333334 0.06111111111111111
0 0.39375 0.4777777777777778 0.14583333333333334 0.15925925925925927
0 0.3515625 0.24074074074074073 0.07395833333333333 0.06296296296296296
0 0.5109375 0.725925925925926 0.23020833333333332 0.24814814814814815
0 0.35989583333333336 0.3148148148148148 0.10520833333333333 0.08518518518518518
0 0.15625 0.6814814814814815 0.175 0.2111111111111111
0 0.634375 0.36018518518518516 0.12708333333333333 0.09814814814814815
0 0.7640625 0.34629629629629627 0.13645833333333332 0.08518518518518518
