0 0.4713541666666667 0.21203703703703702 0.053125 0.07962962962962963
0 0.5604166666666667 0.27314814814814814 0.058333333333333334 0.10185185185185185
2 0.4505208333333333 0.662962962962963 0.12604166666666666 0.32222222222222224
0 0.6703125 0.48703703703703705 0.09270833333333334 0.17777777777777778
0 0.7255208333333333 0.08611111111111111 0.034375 0.05740740740740741
0 0.5661458333333333 0.14907407407407408 0.046875 0.08333333333333333
0 0.6473958333333333 0.18703703703703703 0.046875 0.08518518518518518
0 0.7947916666666667 0.09444444444444444 0.03958333333333333 0.05925925925925926
0 0.6484375 0.1175925925925926 0.03854166666666667 0.06481481481481481
0 0.596875 0.10925925925925926 0.035416666666666666 0.06296296296296296
0 0.9552083333333333 0.34444444444444444 0.08958333333333333 0.13333333333333333
0 0.9401041666666666 0.600925925925926 0.11979166666666667 0.20555555555555555
1 0.4895833333333333 0.10833333333333334 0.12708333333333333 0.1537037037037037
