0 0.7578125 0.10555555555555556 0.026041666666666668 0.037037037037037035
0 0.690625 0.08703703703703704 0.025 0.037037037037037035
0 0.9104166666666667 0.8731481481481481 0.17916666666666667 0.2537037037037037
0 0.8598958333333333 0.1814814814814815 0.04895833333333333 0.05555555555555555
0 0.7317708333333334 0.44814814814814813 0.08645833333333333 0.14074074074074075
0 0.5916666666666667 0.25092592592592594 0.04791666666666667 0.08703703703703704
0 0.5182291666666666 0.23703703703703705 0.04479166666666667 0.08888888888888889
0 0.6697916666666667 0.23796296296296296 0.04791666666666667 0.07222222222222222
2 0.5807291666666666 0.14537037037037037 0.030208333333333334 0.06851851851851852
2 0.5776041666666667 0.10277777777777777 0.021875 0.05
1 0.7921875 0.09537037037037037 0.06979166666666667 0.12777777777777777
