0 0.6276041666666666 0.11851851851851852 0.028125 0.03333333333333333
0 0.6296875 0.1574074074074074 0.03854166666666667 0.05925925925925926
0 0.6177083333333333 0.20092592592592592 0.04375 0.06111111111111111
0 0.2671875 0.825925925925926 0.165625 0.24814814814814815
0 0.4395833333333333 0.24351851851851852 0.04791666666666667 0.07592592592592592
0 0.5041666666666667 0.26851851851851855 0.052083333333333336 0.08518518518518518
2 0.49895833333333334 0.11574074074074074 0.027083333333333334 0.053703703703703705
1 0.9369791666666667 0.45 0.12604166666666666 0.3851851851851852
1 0.9354166666666667 0.7416666666666667 0.12916666666666668 0.5166666666666667
1 0.44583333333333336 0.10092592592592593 0.04583333333333333 0.09444444444444444
