0 0.059375 0.6166666666666667 0.11666666666666667 0.16296296296296298
0 0.22604166666666667 0.6462962962962963 0.12083333333333333 0.1962962962962963
0 0.359375 0.4222222222222222 0.0625 0.1
0 0.4125 0.5564814814814815 0.08958333333333333 0.1425925925925926
0 0.6479166666666667 0.25 0.03958333333333333 0.06296296296296296
2 0.7052083333333333 0.23425925925925925 0.041666666666666664 0.07962962962962963
0 0.7828125 0.1814814814814815 0.03229166666666667 0.040740740740740744
2 0.6677083333333333 0.3425925925925926 0.058333333333333334 0.1037037037037037
0 0.5 0.2814814814814815 0.041666666666666664 0.06296296296296296
0 0.4348958333333333 0.2574074074074074 0.03854166666666667 0.05925925925925926
0 0.825 0.3111111111111111 0.05625 0.07407407407407407
2 0.39895833333333336 0.2064814814814815 0.035416666666666666 0.06111111111111111
0 0.7234375 0.6333333333333333 0.09895833333333333 0.15555555555555556
2 0.8541666666666666 0.5259259259259259 0.10625 0.16296296296296298
