0 0.6119791666666666 0.18611111111111112 0.030208333333333334 0.05
0 0.25885416666666666 0.39166666666666666 0.06354166666666666 0.09074074074074075
0 0.12135416666666667 0.47129629629629627 0.08645833333333333 0.10925925925925926
0 0.7541666666666667 0.19444444444444445 0.03333333333333333 0.044444444444444446
0 0.6901041666666666 0.24351851851851852 0.036458333333333336 0.053703703703703705
0 0.37604166666666666 0.3333333333333333 0.05625 0.0962962962962963
0 0.471875 0.3055555555555556 0.041666666666666664 0.07407407407407407
0 0.41302083333333334 0.2611111111111111 0.04479166666666667 0.07037037037037037
0 0.36041666666666666 0.24074074074074073 0.03958333333333333 0.05185185185185185
0 0.6567708333333333 0.4425925925925926 0.06145833333333333 0.0962962962962963
0 0.3338541666666667 0.21481481481481482 0.034375 0.04814814814814815
0 0.4515625 0.20277777777777778 0.034375 0.053703703703703705
0 0.5083333333333333 0.18981481481481483 0.029166666666666667 0.046296296296296294
