0 0.5515625 0.325 0.057291666666666664 0.09814814814814815
0 0.5677083333333334 0.06574074074074074 0.01875 0.03518518518518519
0 0.5734375 0.1175925925925926 0.026041666666666668 0.046296296296296294
2 0.6557291666666667 0.19537037037037036 0.057291666666666664 0.12407407407407407
0 0.5578125 0.22685185185185186 0.051041666666666666 0.07962962962962963
0 0.690625 0.3277777777777778 0.06666666666666667 0.10740740740740741
0 0.7453125 0.1574074074074074 0.03854166666666667 0.06296296296296296
0 0.8135416666666667 0.18518518518518517 0.05 0.06666666666666667
0 0.7541666666666667 0.12314814814814815 0.03333333333333333 0.05
0 0.7875 0.11296296296296296 0.035416666666666666 0.05185185185185185
0 0.7239583333333334 0.09722222222222222 0.027083333333333334 0.046296296296296294
0 0.6875 0.06759259259259259 0.020833333333333332 0.03888888888888889
0 0.7072916666666667 0.05648148148148148 0.022916666666666665 0.03148148148148148
0 0.9026041666666667 0.287962962962963 0.071875 0.09444444444444444
