0 0.5322916666666667 0.23703703703703705 0.0625 0.09259259259259259
2 0.6380208333333334 0.4425925925925926 0.103125 0.22962962962962963
0 0.5984375 0.3037037037037037 0.06145833333333333 0.1
0 0.690625 0.2574074074074074 0.07291666666666667 0.12222222222222222
1 0.5057291666666667 0.07037037037037037 0.04895833333333333 0.13703703703703704
0 0.5723958333333333 0.10740740740740741 0.03229166666666667 0.05555555555555555
0 0.6505208333333333 0.1574074074074074 0.04895833333333333 0.06666666666666667
0 0.703125 0.09907407407407408 0.04375 0.06481481481481481
0 0.6166666666666667 0.08888888888888889 0.03333333333333333 0.044444444444444446
2 0.6114583333333333 0.05925925925925926 0.029166666666666667 0.05925925925925926
0 0.5598958333333334 0.04814814814814815 0.023958333333333335 0.040740740740740744
0 0.9447916666666667 0.30277777777777776 0.07708333333333334 0.10925925925925926
1 0.45 0.46944444444444444 0.17291666666666666 0.5055555555555555
