0 0.26458333333333334 0.9472222222222222 0.13125 0.10555555555555556
0 0.20208333333333334 0.7046296296296296 0.12291666666666666 0.20185185185185187
0 0.7015625 0.22685185185185186 0.036458333333333336 0.053703703703703705
0 0.4161458333333333 0.524074074074074 0.078125 0.14074074074074075
2 0.37864583333333335 0.362962962962963 0.06145833333333333 0.11481481481481481
0 0.6432291666666666 0.2564814814814815 0.036458333333333336 0.05740740740740741
0 0.3229166666666667 0.30092592592592593 0.05 0.07222222222222222
0 0.7807291666666667 0.2796296296296296 0.04895833333333333 0.07407407407407407
2 0.8536458333333333 0.23981481481481481 0.053125 0.07592592592592592
0 0.7036458333333333 0.48703703703703705 0.071875 0.1111111111111111
0 0.453125 0.2222222222222222 0.035416666666666666 0.05555555555555555
0 0.8166666666666667 0.4425925925925926 0.07916666666666666 0.10740740740740741
