0 0.8078125 0.14722222222222223 0.03854166666666667 0.05
0 0.6333333333333333 0.5814814814814815 0.10833333333333334 0.22592592592592592
0 0.46510416666666665 0.700925925925926 0.11979166666666667 0.2796296296296296
0 0.821875 0.5888888888888889 0.12083333333333333 0.1925925925925926
2 0.5880208333333333 0.2611111111111111 0.04895833333333333 0.11481481481481481
2 0.5880208333333333 0.16574074074074074 0.030208333333333334 0.07222222222222222
0 0.5682291666666667 0.1259259259259259 0.028125 0.044444444444444446
0 0.6083333333333333 0.10277777777777777 0.025 0.04259259259259259
0 0.56875 0.08981481481481482 0.020833333333333332 0.03518518518518519
1 0.7505208333333333 0.07685185185185185 0.065625 0.11296296296296296
1 0.9395833333333333 0.2212962962962963 0.12083333333333333 0.18703703703703703
