0 0.4921875 0.5398148148148149 0.13020833333333334 0.1685185185185185
0 0.39791666666666664 0.7462962962962963 0.15833333333333333 0.22962962962962963
0 0.24635416666666668 0.06481481481481481 0.026041666666666668 0.03333333333333333
0 0.6453125 0.5203703703703704 0.140625 0.16296296296296298
0 0.21875 0.937037037037037 0.14166666666666666 0.1259259259259259
0 0.21302083333333333 0.06574074074074074 0.026041666666666668 0.03148148148148148
0 0.2755208333333333 0.05555555555555555 0.026041666666666668 0.03333333333333333
2 0.27291666666666664 0.3851851851851852 0.08125 0.17037037037037037
0 0.2838541666666667 0.10185185185185185 0.03854166666666667 0.037037037037037035
0 0.41770833333333335 0.0962962962962963 0.0375 0.044444444444444446
0 0.0953125 0.20185185185185187 0.040625 0.07037037037037037
2 0.12864583333333332 0.13518518518518519 0.03854166666666667 0.07037037037037037
0 0.16510416666666666 0.11666666666666667 0.03229166666666667 0.04814814814814815
0 0.49166666666666664 0.2101851851851852 0.0625 0.06111111111111111
0 0.6838541666666667 0.21666666666666667 0.078125 0.06666666666666667
2 0.040625 0.1 0.025 0.05555555555555555
0 0.015625 0.18611111111111112 0.029166666666666667 0.053703703703703705
0 0.9369791666666667 0.4398148148148148 0.12604166666666666 0.11296296296296296
