0 0.4192708333333333 0.1037037037037037 0.03854166666666667 0.04814814814814815
0 0.3875 0.11944444444444445 0.041666666666666664 0.04259259259259259
0 0.4734375 0.10092592592592593 0.03854166666666667 0.03888888888888889
0 0.16145833333333334 0.737037037037037 0.13333333333333333 0.2518518518518518
0 0.228125 0.4101851851851852 0.07916666666666666 0.1388888888888889
0 0.48489583333333336 0.13333333333333333 0.04895833333333333 0.05185185185185185
0 0.3953125 0.1638888888888889 0.046875 0.053703703703703705
0 0.296875 0.3111111111111111 0.08333333333333333 0.1259259259259259
0 0.19322916666666667 0.21388888888888888 0.051041666666666666 0.07592592592592592
0 0.25625 0.18518518518518517 0.05 0.07037037037037037
0 0.6229166666666667 0.2675925925925926 0.08541666666666667 0.07962962962962963
0 0.03958333333333333 0.2037037037037037 0.03958333333333333 0.06666666666666667
