2 0.20572916666666666 0.4546296296296296 0.071875 0.12407407407407407
2 0.20260416666666667 0.6796296296296296 0.115625 0.23333333333333334
0 0.4171875 0.5518518518518518 0.084375 0.14074074074074075
0 0.3015625 0.4842592592592593 0.07604166666666666 0.11666666666666667
0 0.3255208333333333 0.30277777777777776 0.053125 0.08333333333333333
0 0.24375 0.30833333333333335 0.052083333333333336 0.09074074074074075
2 0.6510416666666666 0.2777777777777778 0.04583333333333333 0.09259259259259259
0 0.4901041666666667 0.30648148148148147 0.04479166666666667 0.07592592592592592
0 0.4119791666666667 0.3175925925925926 0.04479166666666667 0.07592592592592592
0 0.36770833333333336 0.23703703703703705 0.0375 0.05555555555555555
0 0.7572916666666667 0.3435185185185185 0.05416666666666667 0.07962962962962963
0 0.8265625 0.31574074074074077 0.059375 0.07962962962962963
0 0.5109375 0.21388888888888888 0.034375 0.06851851851851852
2 0.7713541666666667 0.5185185185185185 0.08229166666666667 0.17407407407407408
0 0.4666666666666667 0.18611111111111112 0.029166666666666667 0.046296296296296294
