0 0.6864583333333333 0.17962962962962964 0.027083333333333334 0.044444444444444446
0 0.6322916666666667 0.2037037037037037 0.03333333333333333 0.06296296296296296
0 0.7338541666666667 0.17962962962962964 0.026041666666666668 0.040740740740740744
2 0.23020833333333332 0.6444444444444445 0.11041666666666666 0.22592592592592592
0 0.6505208333333333 0.2574074074074074 0.036458333333333336 0.05925925925925926
0 0.7104166666666667 0.2490740740740741 0.03958333333333333 0.06111111111111111
2 0.7729166666666667 0.2324074074074074 0.035416666666666666 0.06851851851851852
2 0.4786458333333333 0.3351851851851852 0.042708333333333334 0.1
2 0.2671875 0.30185185185185187 0.042708333333333334 0.08888888888888889
0 0.7604166666666666 0.35555555555555557 0.058333333333333334 0.08888888888888889
0 0.83125 0.23425925925925925 0.04375 0.05740740740740741
0 0.8057291666666667 0.1935185185185185 0.03854166666666667 0.05
2 0.7239583333333334 0.537962962962963 0.10833333333333334 0.23148148148148148
0 0.8354166666666667 0.5018518518518519 0.08333333333333333 0.12962962962962962
0 0.8828125 0.3574074074074074 0.06770833333333333 0.08518518518518518
0 0.4421875 0.2388888888888889 0.036458333333333336 0.05925925925925926
0 0.509375 0.23981481481481481 0.0375 0.053703703703703705
0 0.39114583333333336 0.22870370370370371 0.034375 0.053703703703703705
