0 0.696875 0.04814814814814815 0.01875 0.03333333333333333
0 0.709375 0.05925925925925926 0.022916666666666665 0.03333333333333333
0 0.5255208333333333 0.18611111111111112 0.059375 0.06851851851851852
0 0.7348958333333333 0.06666666666666667 0.028125 0.037037037037037035
0 0.7614583333333333 0.06666666666666667 0.022916666666666665 0.025925925925925925
0 0.7552083333333334 0.05 0.016666666666666666 0.02962962962962963
0 0.7947916666666667 0.03518518518518519 0.027083333333333334 0.02962962962962963
0 0.7770833333333333 0.07222222222222222 0.03125 0.037037037037037035
0 0.7739583333333333 0.11666666666666667 0.03958333333333333 0.05555555555555555
0 0.7484375 0.09351851851851851 0.028125 0.046296296296296294
0 0.5973958333333333 0.16018518518518518 0.036458333333333336 0.06481481481481481
0 0.5625 0.08611111111111111 0.022916666666666665 0.03888888888888889
0 0.6234375 0.10185185185185185 0.026041666666666668 0.04814814814814815
0 0.7588541666666667 0.1648148148148148 0.04479166666666667 0.07037037037037037
0 0.8322916666666667 0.1638888888888889 0.05 0.06481481481481481
0 0.6020833333333333 0.06388888888888888 0.025 0.04259259259259259
0 0.8802083333333334 0.2074074074074074 0.06041666666666667 0.08148148148148149
2 0.8625 0.2898148148148148 0.08541666666666667 0.13148148148148148
0 0.6052083333333333 0.028703703703703703 0.01875 0.027777777777777776
