0 0.6364583333333333 0.20277777777777778 0.027083333333333334 0.046296296296296294
0 0.7395833333333334 0.18425925925925926 0.029166666666666667 0.03518518518518519
0 0.7046875 0.2222222222222222 0.034375 0.04814814814814815
0 0.7828125 0.17592592592592593 0.034375 0.040740740740740744
0 0.25364583333333335 0.5101851851851852 0.08645833333333333 0.12037037037037036
0 0.7765625 0.22685185185185186 0.040625 0.053703703703703705
0 0.6640625 0.3101851851851852 0.042708333333333334 0.07592592592592592
2 0.7572916666666667 0.3194444444444444 0.04583333333333333 0.09444444444444444
0 0.8286458333333333 0.2222222222222222 0.040625 0.05185185185185185
2 0.26927083333333335 0.2833333333333333 0.06145833333333333 0.1
0 0.8109375 0.29444444444444445 0.053125 0.07777777777777778
0 0.4317708333333333 0.2537037037037037 0.03854166666666667 0.06296296296296296
0 0.90625 0.29907407407407405 0.052083333333333336 0.06481481481481481
0 0.7333333333333333 0.6055555555555555 0.08958333333333333 0.15185185185185185
2 0.9395833333333333 0.7314814814814815 0.12083333333333333 0.24074074074074073
