0 0.2796875 0.4777777777777778 0.08229166666666667 0.15185185185185185
1 0.0515625 0.6305555555555555 0.10104166666666667 0.42407407407407405
0 0.0921875 0.9138888888888889 0.18229166666666666 0.17222222222222222
0 0.31145833333333334 0.24722222222222223 0.052083333333333336 0.07592592592592592
0 0.3770833333333333 0.24351851851851852 0.04375 0.07592592592592592
0 0.37604166666666666 0.3425925925925926 0.06458333333333334 0.0962962962962963
0 0.4713541666666667 0.287962962962963 0.053125 0.07962962962962963
0 0.6192708333333333 0.1638888888888889 0.03229166666666667 0.06111111111111111
0 0.4 0.21666666666666667 0.03333333333333333 0.06296296296296296
0 0.478125 0.23055555555555557 0.0375 0.05740740740740741
0 0.4348958333333333 0.18333333333333332 0.034375 0.05555555555555555
0 0.490625 0.17777777777777778 0.03125 0.05185185185185185
1 0.39947916666666666 0.13148148148148148 0.05520833333333333 0.1037037037037037
