0 0.9567708333333333 0.18518518518518517 0.08645833333333333 0.08148148148148149
0 0.021354166666666667 0.4444444444444444 0.040625 0.07407407407407407
0 0.14895833333333333 0.49166666666666664 0.18541666666666667 0.1574074074074074
0 0.1 0.475 0.14375 0.13148148148148148
0 0.6921875 0.38796296296296295 0.128125 0.12407407407407407
0 0.2630208333333333 0.3527777777777778 0.11354166666666667 0.11666666666666667
0 0.7755208333333333 0.4675925925925926 0.14895833333333333 0.1574074074074074
0 0.5661458333333333 0.30648148148148147 0.134375 0.12037037037037036
0 0.6963541666666667 0.17777777777777778 0.08229166666666667 0.08518518518518518
0 0.625 0.1574074074074074 0.07291666666666667 0.07407407407407407
