0 0.8458333333333333 0.36666666666666664 0.1375 0.1259259259259259
0 0.7083333333333334 0.3277777777777778 0.10625 0.08888888888888889
0 0.5619791666666667 0.27037037037037037 0.08229166666666667 0.08148148148148149
0 0.7421875 0.9092592592592592 0.2552083333333333 0.1814814814814815
2 0.45208333333333334 0.22592592592592592 0.06666666666666667 0.06296296296296296
2 0.22864583333333333 0.40925925925925927 0.078125 0.12222222222222222
0 0.3489583333333333 0.2 0.04375 0.044444444444444446
0 0.4744791666666667 0.2824074074074074 0.065625 0.06851851851851852
2 0.80625 0.7583333333333333 0.26458333333333334 0.3277777777777778
0 0.571875 0.5935185185185186 0.15416666666666667 0.1685185185185185
1 0.3802083333333333 0.3148148148148148 0.18125 0.2037037037037037
0 0.9213541666666667 0.5583333333333333 0.15729166666666666 0.19814814814814816
0 0.628125 0.5138888888888888 0.16458333333333333 0.15
0 0.39947916666666666 0.4583333333333333 0.10729166666666666 0.12037037037037036
2 0.809375 0.5851851851851851 0.16875 0.21481481481481482
0 0.953125 0.7305555555555555 0.09375 0.1648148148148148
0 0.7536458333333333 0.4675925925925926 0.153125 0.12407407407407407
0 0.5734375 0.37962962962962965 0.11145833333333334 0.1037037037037037
0 0.2546875 0.32685185185185184 0.05520833333333333 0.08703703703703704
0 0.32447916666666665 0.3962962962962963 0.07395833333333333 0.0962962962962963
0 0.4703125 0.325 0.08229166666666667 0.09814814814814815
0 0.2677083333333333 0.27870370370370373 0.04583333333333333 0.05740740740740741
