2 0.6739583333333333 0.5907407407407408 0.10625 0.25555555555555554
0 0.7666666666666667 0.040740740740740744 0.020833333333333332 0.03333333333333333
0 0.6526041666666667 0.33240740740740743 0.06979166666666667 0.12037037037037036
0 0.5265625 0.13148148148148148 0.036458333333333336 0.06296296296296296
2 0.6041666666666666 0.1685185185185185 0.04791666666666667 0.10740740740740741
0 0.8265625 0.48333333333333334 0.115625 0.17777777777777778
2 0.78125 0.0712962962962963 0.03958333333333333 0.06481481481481481
0 0.5494791666666666 0.29814814814814816 0.04895833333333333 0.10740740740740741
0 0.5854166666666667 0.12407407407407407 0.03125 0.06666666666666667
0 0.821875 0.11851851851851852 0.05 0.06296296296296296
0 0.6802083333333333 0.13796296296296295 0.05 0.07962962962962963
0 0.5552083333333333 0.06851851851851852 0.025 0.04814814814814815
0 0.9338541666666667 0.23055555555555557 0.071875 0.10185185185185185
0 0.6041666666666666 0.04537037037037037 0.03125 0.05
1 0.459375 0.47962962962962963 0.175 0.4777777777777778
