0 0.20729166666666668 0.3537037037037037 0.14791666666666667 0.1111111111111111
0 0.3614583333333333 0.3490740740740741 0.12916666666666668 0.11296296296296296
2 0.46145833333333336 0.3351851851851852 0.15833333333333333 0.14074074074074075
0 0.6203125 0.17962962962962964 0.071875 0.06666666666666667
0 0.6786458333333333 0.21944444444444444 0.08854166666666667 0.07592592592592592
0 0.7802083333333333 0.3768518518518518 0.12083333333333333 0.11296296296296296
0 0.70625 0.17592592592592593 0.075 0.06296296296296296
0 0.8630208333333333 0.15185185185185185 0.065625 0.06296296296296296
0 0.4432291666666667 0.7851851851851852 0.259375 0.23333333333333334
0 0.8546875 0.10092592592592593 0.04895833333333333 0.046296296296296294
