0 0.23125 0.4166666666666667 0.06875 0.0962962962962963
0 0.28020833333333334 0.5138888888888888 0.08333333333333333 0.12037037037037036
0 0.69375 0.16666666666666666 0.029166666666666667 0.040740740740740744
0 0.6052083333333333 0.1824074074074074 0.029166666666666667 0.046296296296296294
0 0.6619791666666667 0.1824074074074074 0.028125 0.04259259259259259
0 0.728125 0.19722222222222222 0.035416666666666666 0.053703703703703705
0 0.6255208333333333 0.2518518518518518 0.03854166666666667 0.06296296296296296
0 0.7583333333333333 0.24074074074074073 0.03958333333333333 0.05185185185185185
0 0.6875 0.2537037037037037 0.03958333333333333 0.05555555555555555
2 0.6494791666666667 0.3611111111111111 0.059375 0.0962962962962963
0 0.825 0.2388888888888889 0.041666666666666664 0.05555555555555555
2 0.34322916666666664 0.1824074074074074 0.040625 0.07592592592592592
0 0.7130208333333333 0.674074074074074 0.096875 0.15555555555555556
0 0.4588541666666667 0.17777777777777778 0.026041666666666668 0.044444444444444446
0 0.928125 0.7620370370370371 0.14375 0.19074074074074074
