0 0.4734375 0.21203703703703702 0.053125 0.07962962962962963
0 0.54375 0.3416666666666667 0.07083333333333333 0.13518518518518519
2 0.3416666666666667 0.9361111111111111 0.1625 0.12777777777777777
0 0.6942708333333333 0.8092592592592592 0.14895833333333333 0.2814814814814815
0 0.7166666666666667 0.06574074074074074 0.03125 0.05
0 0.5598958333333334 0.16574074074074074 0.046875 0.08703703703703704
0 0.6427083333333333 0.2324074074074074 0.05625 0.09444444444444444
0 0.7869791666666667 0.06944444444444445 0.034375 0.05
0 0.6473958333333333 0.14166666666666666 0.042708333333333334 0.06851851851851852
0 0.5927083333333333 0.11944444444444445 0.03958333333333333 0.06111111111111111
0 0.8927083333333333 0.24351851851851852 0.07708333333333334 0.10185185185185185
0 0.8619791666666666 0.3861111111111111 0.10104166666666667 0.13518518518518519
0 0.6447916666666667 0.1 0.035416666666666666 0.05555555555555555
2 0.59375 0.07222222222222222 0.041666666666666664 0.07407407407407407
1 0.48802083333333335 0.10833333333333334 0.128125 0.15
