0 0.28854166666666664 0.39166666666666666 0.06875 0.10925925925925926
1 0.051041666666666666 0.6435185185185185 0.1 0.4351851851851852
0 0.20416666666666666 0.6555555555555556 0.12291666666666666 0.1925925925925926
0 0.31145833333333334 0.24722222222222223 0.052083333333333336 0.07592592592592592
0 0.37447916666666664 0.22314814814814815 0.04479166666666667 0.06481481481481481
0 0.5635416666666667 0.16666666666666666 0.029166666666666667 0.04814814814814815
0 0.4015625 0.2851851851851852 0.05520833333333333 0.07777777777777778
0 0.4739583333333333 0.2351851851851852 0.03958333333333333 0.05925925925925926
0 0.6255208333333333 0.20833333333333334 0.042708333333333334 0.07592592592592592
0 0.40260416666666665 0.19814814814814816 0.030208333333333334 0.05555555555555555
0 0.48489583333333336 0.19444444444444445 0.034375 0.05185185185185185
0 0.44375 0.1638888888888889 0.029166666666666667 0.05
