0 0.9755208333333333 0.41574074074074074 0.04895833333333333 0.11666666666666667
0 0.8104166666666667 0.3574074074074074 0.13125 0.1259259259259259
0 0.6359375 0.30462962962962964 0.08854166666666667 0.08333333333333333
0 0.4666666666666667 0.23981481481481481 0.06666666666666667 0.07222222222222222
0 0.7515625 0.887962962962963 0.259375 0.22407407407407406
0 0.28072916666666664 0.4777777777777778 0.09479166666666666 0.12962962962962962
2 0.3671875 0.20185185185185187 0.053125 0.05555555555555555
0 0.6125 0.3333333333333333 0.08125 0.09259259259259259
2 0.8020833333333334 0.762962962962963 0.2708333333333333 0.3333333333333333
0 0.5703125 0.5925925925925926 0.153125 0.17407407407407408
1 0.375 0.3194444444444444 0.18125 0.20555555555555555
0 0.9197916666666667 0.562962962962963 0.16041666666666668 0.2037037037037037
0 0.5463541666666667 0.4842592592592593 0.15729166666666666 0.12407407407407407
0 0.31875 0.3990740740740741 0.08125 0.10555555555555556
2 0.8067708333333333 0.5824074074074074 0.16979166666666667 0.20185185185185187
0 0.9510416666666667 0.7379629629629629 0.09791666666666667 0.1685185185185185
0 0.721875 0.46296296296296297 0.14791666666666667 0.1259259259259259
0 0.5729166666666666 0.3888888888888889 0.11458333333333333 0.1111111111111111
0 0.2390625 0.2796296296296296 0.042708333333333334 0.07037037037037037
0 0.23697916666666666 0.3351851851851852 0.057291666666666664 0.07777777777777778
0 0.465625 0.32685185185185184 0.07916666666666666 0.10185185185185185
