0 0.2640625 0.5083333333333333 0.09270833333333334 0.1685185185185185
0 0.0734375 0.40555555555555556 0.07395833333333333 0.12222222222222222
2 0.27291666666666664 0.2953703703703704 0.07916666666666666 0.13518518518518519
0 0.2864583333333333 0.23055555555555557 0.05625 0.07592592592592592
0 0.44114583333333335 0.1814814814814815 0.06354166666666666 0.06666666666666667
0 0.671875 0.1787037037037037 0.075 0.06851851851851852
2 0.09947916666666666 0.20555555555555555 0.051041666666666666 0.09259259259259259
0 0.6791666666666667 0.26481481481481484 0.09375 0.08518518518518518
0 0.015104166666666667 0.1925925925925926 0.028125 0.06296296296296296
0 0.9541666666666667 0.27685185185185185 0.09166666666666666 0.09074074074074075
