2 0.7067708333333333 0.8379629629629629 0.153125 0.32407407407407407
0 0.6651041666666667 0.4203703703703704 0.08229166666666667 0.15185185185185185
0 0.521875 0.14074074074074075 0.035416666666666666 0.06296296296296296
2 0.6078125 0.2 0.053125 0.11481481481481481
0 0.9322916666666666 0.8268518518518518 0.13541666666666666 0.29814814814814816
2 0.7677083333333333 0.062037037037037036 0.03333333333333333 0.053703703703703705
0 0.5677083333333334 0.337037037037037 0.07291666666666667 0.11851851851851852
0 0.5911458333333334 0.15092592592592594 0.040625 0.07222222222222222
0 0.8046875 0.10185185185185185 0.042708333333333334 0.05555555555555555
0 0.6994791666666667 0.18333333333333332 0.057291666666666664 0.08888888888888889
0 0.5526041666666667 0.08333333333333333 0.030208333333333334 0.05185185185185185
0 0.8958333333333334 0.19074074074074074 0.06458333333333334 0.08518518518518518
0 0.6098958333333333 0.06111111111111111 0.034375 0.05185185185185185
1 0.45625 0.47962962962962963 0.17708333333333334 0.4740740740740741
