0 0.22239583333333332 0.04537037037037037 0.028125 0.03888888888888889
0 0.28489583333333335 0.05462962962962963 0.030208333333333334 0.03518518518518519
0 0.34427083333333336 0.06018518518518518 0.03229166666666667 0.03888888888888889
0 0.48333333333333334 0.5805555555555556 0.14166666666666666 0.18333333333333332
0 0.5802083333333333 0.475 0.13125 0.15
0 0.4244791666666667 0.7916666666666666 0.178125 0.26481481481481484
0 0.30052083333333335 0.03981481481481482 0.028125 0.027777777777777776
0 0.2984375 0.22314814814814815 0.071875 0.09814814814814815
0 0.29010416666666666 0.1 0.040625 0.03333333333333333
0 0.340625 0.09166666666666666 0.0375 0.046296296296296294
0 0.39479166666666665 0.08981481481481482 0.03333333333333333 0.046296296296296294
2 0.19635416666666666 0.20925925925925926 0.051041666666666666 0.09259259259259259
0 0.090625 0.21666666666666667 0.04791666666666667 0.06666666666666667
0 0.1265625 0.32592592592592595 0.065625 0.1037037037037037
0 0.09895833333333333 0.5722222222222222 0.11041666666666666 0.1814814814814815
2 0.4166666666666667 0.12129629629629629 0.058333333333333334 0.07592592592592592
0 0.38958333333333334 0.16018518518518518 0.052083333333333336 0.05
0 0.5614583333333333 0.12407407407407407 0.05416666666666667 0.05555555555555555
0 0.15364583333333334 0.10185185185185185 0.03229166666666667 0.044444444444444446
2 0.6005208333333333 0.21574074074074073 0.090625 0.09074074074074075
0 0.6875 0.20185185185185187 0.08125 0.08148148148148149
0 0.8046875 0.30833333333333335 0.10729166666666666 0.09074074074074075
0 0.75625 0.35462962962962963 0.1125 0.09814814814814815
0 0.019270833333333334 0.12314814814814815 0.036458333333333336 0.05
