0 0.628125 0.225 0.03333333333333333 0.046296296296296294
0 0.6942708333333333 0.22592592592592592 0.03854166666666667 0.05185185185185185
0 0.7489583333333333 0.19907407407407407 0.03125 0.05
0 0.6463541666666667 0.2861111111111111 0.040625 0.06111111111111111
0 0.39010416666666664 0.36666666666666664 0.059375 0.08888888888888889
0 0.73125 0.30648148148148147 0.052083333333333336 0.07592592592592592
0 0.3890625 0.24074074074074073 0.034375 0.05185185185185185
0 0.8109375 0.21296296296296297 0.034375 0.04814814814814815
0 0.315625 0.25092592592592594 0.041666666666666664 0.06111111111111111
0 0.503125 0.25092592592592594 0.03333333333333333 0.05740740740740741
0 0.4119791666666667 0.20092592592592592 0.03229166666666667 0.046296296296296294
0 0.5182291666666666 0.2064814814814815 0.028125 0.04259259259259259
2 0.46197916666666666 0.2 0.036458333333333336 0.08148148148148149
0 0.8671875 0.31666666666666665 0.059375 0.08148148148148149
0 0.3723958333333333 0.1925925925925926 0.030208333333333334 0.04814814814814815
0 0.7203125 0.6157407407407407 0.096875 0.1537037037037037
0 0.9401041666666666 0.4601851851851852 0.084375 0.10185185185185185
