0 0.478125 0.18611111111111112 0.06041666666666667 0.07592592592592592
2 0.6276041666666666 0.35 0.084375 0.17777777777777778
0 0.6640625 0.6361111111111111 0.11354166666666667 0.21666666666666667
0 0.6046875 0.26296296296296295 0.057291666666666664 0.0962962962962963
0 0.7911458333333333 0.05648148148148148 0.034375 0.04259259259259259
0 0.846875 0.5148148148148148 0.14375 0.24074074074074073
0 0.546875 0.14074074074074075 0.035416666666666666 0.06296296296296296
0 0.8088541666666667 0.10462962962962963 0.03854166666666667 0.06111111111111111
0 0.640625 0.15185185185185185 0.05 0.07777777777777778
0 0.5635416666666667 0.09722222222222222 0.029166666666666667 0.05
0 0.6041666666666666 0.07685185185185185 0.029166666666666667 0.046296296296296294
0 0.6442708333333333 0.08425925925925926 0.03229166666666667 0.05
0 0.9645833333333333 0.3574074074074074 0.07083333333333333 0.12962962962962962
1 0.45729166666666665 0.4888888888888889 0.17291666666666666 0.4777777777777778
