0 0.33541666666666664 0.22314814814814815 0.04791666666666667 0.06481481481481481
0 0.47604166666666664 0.5111111111111111 0.10625 0.21851851851851853
2 0.3020833333333333 0.44074074074074077 0.11666666666666667 0.24074074074074073
0 0.6416666666666667 0.12777777777777777 0.03333333333333333 0.05555555555555555
0 0.5791666666666667 0.1037037037037037 0.029166666666666667 0.044444444444444446
0 0.6963541666666667 0.17592592592592593 0.042708333333333334 0.05925925925925926
0 0.6927083333333334 0.22407407407407406 0.06041666666666667 0.08888888888888889
0 0.42552083333333335 0.28055555555555556 0.059375 0.08703703703703704
0 0.37083333333333335 0.2574074074074074 0.05 0.07407407407407407
0 0.5145833333333333 0.16574074074074074 0.035416666666666666 0.053703703703703705
0 0.7609375 0.2953703703703704 0.065625 0.10185185185185185
0 0.453125 0.1537037037037037 0.035416666666666666 0.05555555555555555
0 0.490625 0.09722222222222222 0.027083333333333334 0.04259259259259259
0 0.5307291666666667 0.125 0.030208333333333334 0.04259259259259259
0 0.8515625 0.5833333333333334 0.13645833333333332 0.18888888888888888
1 0.6984375 0.1111111111111111 0.06354166666666666 0.10740740740740741
