1 0.4859375 0.15833333333333333 0.084375 0.25
0 0.7348958333333333 0.8703703703703703 0.18020833333333333 0.21481481481481482
2 0.8770833333333333 0.5861111111111111 0.18333333333333332 0.3314814814814815
0 0.6354166666666666 0.387037037037037 0.07916666666666666 0.14814814814814814
0 0.6067708333333334 0.24444444444444444 0.065625 0.09259259259259259
0 0.584375 0.12962962962962962 0.041666666666666664 0.05555555555555555
0 0.6984375 0.04814814814814815 0.03229166666666667 0.040740740740740744
0 0.7833333333333333 0.07592592592592592 0.04375 0.04814814814814815
0 0.6109375 0.08333333333333333 0.036458333333333336 0.05925925925925926
0 0.5411458333333333 0.05925925925925926 0.028125 0.040740740740740744
0 0.7307291666666667 0.13148148148148148 0.04479166666666667 0.06666666666666667
0 0.49270833333333336 0.13518518518518519 0.07708333333333334 0.07037037037037037
0 0.8572916666666667 0.20092592592592592 0.075 0.07962962962962963
1 0.409375 0.7481481481481481 0.325 0.5037037037037037
