0 0.6583333333333333 0.45555555555555555 0.09375 0.17037037037037037
0 0.7505208333333333 0.04259259259259259 0.030208333333333334 0.044444444444444446
0 0.6098958333333333 0.287962962962963 0.06354166666666666 0.10555555555555556
0 0.8130208333333333 0.562962962962963 0.11354166666666667 0.2111111111111111
0 0.7979166666666667 0.04537037037037037 0.03333333333333333 0.04259259259259259
0 0.7786458333333334 0.07222222222222222 0.034375 0.04814814814814815
2 0.6177083333333333 0.18425925925925926 0.04375 0.09074074074074075
0 0.8057291666666667 0.09444444444444444 0.036458333333333336 0.05185185185185185
0 0.6109375 0.11851851851851852 0.03854166666666667 0.04814814814814815
0 0.8729166666666667 0.10462962962962963 0.04791666666666667 0.06111111111111111
0 0.76875 0.1287037037037037 0.04791666666666667 0.06851851851851852
0 0.5380208333333333 0.06851851851851852 0.028125 0.04814814814814815
2 0.5927083333333333 0.06111111111111111 0.03125 0.06296296296296296
0 0.6578125 0.08888888888888889 0.034375 0.05555555555555555
2 0.915625 0.18796296296296297 0.07708333333333334 0.11296296296296296
0 0.49583333333333335 0.1935185185185185 0.07291666666666667 0.06851851851851852
1 0.46875 0.42962962962962964 0.15625 0.4222222222222222
