0 0.9083333333333333 0.18425925925925926 0.041666666666666664 0.06851851851851852
0 0.9770833333333333 0.19907407407407407 0.04583333333333333 0.07592592592592592
0 0.7630208333333334 0.19814814814814816 0.06145833333333333 0.08518518518518518
0 0.2171875 0.36944444444444446 0.11770833333333333 0.11296296296296296
2 0.7239583333333334 0.35648148148148145 0.08958333333333333 0.15
0 0.4703125 0.29444444444444445 0.08854166666666667 0.0962962962962963
0 0.8401041666666667 0.4842592592592593 0.08854166666666667 0.1574074074074074
0 0.5130208333333334 0.2074074074074074 0.06354166666666666 0.07037037037037037
0 0.6078125 0.17592592592592593 0.057291666666666664 0.06666666666666667
0 0.29322916666666665 0.8018518518518518 0.215625 0.2518518518518518
