0 0.6276041666666666 0.18981481481481483 0.028125 0.046296296296296294
0 0.6453125 0.2388888888888889 0.034375 0.05555555555555555
0 0.37135416666666665 0.6555555555555556 0.10520833333333333 0.1814814814814815
0 0.7588541666666667 0.21666666666666667 0.03854166666666667 0.044444444444444446
0 0.7270833333333333 0.26851851851851855 0.041666666666666664 0.06666666666666667
0 0.8114583333333333 0.20555555555555555 0.0375 0.05185185185185185
0 0.35885416666666664 0.35185185185185186 0.059375 0.08518518518518518
0 0.8125 0.2722222222222222 0.04791666666666667 0.06666666666666667
0 0.6859375 0.3925925925925926 0.051041666666666666 0.08888888888888889
2 0.8041666666666667 0.41388888888888886 0.06041666666666667 0.11666666666666667
0 0.8708333333333333 0.2657407407407407 0.04791666666666667 0.05740740740740741
2 0.3307291666666667 0.22407407407407406 0.04479166666666667 0.08148148148148149
0 0.8703125 0.37222222222222223 0.065625 0.09259259259259259
0 0.4557291666666667 0.2111111111111111 0.03229166666666667 0.044444444444444446
0 0.9760416666666667 0.3731481481481482 0.04791666666666667 0.07962962962962963
