0 0.5822916666666667 0.15648148148148147 0.03333333333333333 0.05740740740740741
0 0.6036458333333333 0.30925925925925923 0.06145833333333333 0.1111111111111111
0 0.315625 0.30648148148148147 0.07291666666666667 0.09814814814814815
0 0.70625 0.06944444444444445 0.020833333333333332 0.03888888888888889
0 0.7234375 0.08703703703703704 0.028125 0.044444444444444446
0 0.7338541666666667 0.058333333333333334 0.023958333333333335 0.03888888888888889
0 0.7546875 0.1111111111111111 0.034375 0.05185185185185185
0 0.7875 0.13518518518518519 0.0375 0.05185185185185185
0 0.5671875 0.07685185185185185 0.021875 0.03518518518518519
0 0.7552083333333334 0.1787037037037037 0.05 0.06481481481481481
0 0.8276041666666667 0.1712962962962963 0.04895833333333333 0.06851851851851852
0 0.89375 0.26851851851851855 0.06875 0.09259259259259259
0 0.6026041666666667 0.04537037037037037 0.017708333333333333 0.03148148148148148
0 0.5822916666666667 0.03333333333333333 0.016666666666666666 0.02962962962962963
0 0.5572916666666666 0.040740740740740744 0.01875 0.02962962962962963
