0 0.12708333333333333 0.5407407407407407 0.15416666666666667 0.16296296296296298
0 0.23854166666666668 0.5259259259259259 0.15833333333333333 0.1814814814814815
0 0.9026041666666667 0.1648148148148148 0.040625 0.06296296296296296
0 0.15625 0.38333333333333336 0.11041666666666666 0.10740740740740741
0 0.7703125 0.30462962962962964 0.065625 0.09444444444444444
0 0.43125 0.2824074074074074 0.08958333333333333 0.09074074074074075
0 0.5302083333333333 0.25 0.07916666666666666 0.0962962962962963
0 0.9708333333333333 0.35833333333333334 0.058333333333333334 0.11296296296296296
0 0.43385416666666665 0.2101851851851852 0.065625 0.06851851851851852
0 0.5744791666666667 0.1814814814814815 0.051041666666666666 0.06296296296296296
0 0.5411458333333333 0.1648148148148148 0.051041666666666666 0.05555555555555555
0 0.5739583333333333 0.6185185185185185 0.13958333333333334 0.2037037037037037
