0 0.6708333333333333 0.17777777777777778 0.027083333333333334 0.037037037037037035
0 0.6359375 0.2064814814814815 0.03229166666666667 0.046296296296296294
0 0.053125 0.6888888888888889 0.10416666666666667 0.21481481481481482
0 0.7145833333333333 0.17407407407407408 0.027083333333333334 0.05185185185185185
0 0.6979166666666666 0.22870370370370371 0.0375 0.053703703703703705
0 0.6442708333333333 0.2361111111111111 0.036458333333333336 0.05740740740740741
0 0.275 0.4888888888888889 0.07916666666666666 0.11481481481481481
0 0.4421875 0.4888888888888889 0.06979166666666667 0.12222222222222222
0 0.06510416666666667 0.5009259259259259 0.10520833333333333 0.14629629629629629
0 0.7734375 0.2388888888888889 0.03854166666666667 0.05185185185185185
2 0.7713541666666667 0.17962962962962964 0.03229166666666667 0.05185185185185185
0 0.6526041666666667 0.32314814814814813 0.04895833333333333 0.07592592592592592
0 0.8026041666666667 0.287962962962963 0.04895833333333333 0.07222222222222222
2 0.48854166666666665 0.26666666666666666 0.041666666666666664 0.08148148148148149
0 0.45677083333333335 0.22037037037037038 0.03229166666666667 0.05185185185185185
0 0.784375 0.4388888888888889 0.07708333333333334 0.12962962962962962
2 0.4041666666666667 0.21296296296296297 0.029166666666666667 0.05925925925925926
0 0.9635416666666666 0.5259259259259259 0.07291666666666667 0.11481481481481481
0 0.4348958333333333 0.1814814814814815 0.023958333333333335 0.037037037037037035
