0 0.28072916666666664 0.3861111111111111 0.11979166666666667 0.20555555555555555
1 0.8869791666666667 0.13240740740740742 0.22604166666666667 0.2611111111111111
0 0.13229166666666667 0.37407407407407406 0.14791666666666667 0.2222222222222222
0 0.3359375 0.07685185185185185 0.065625 0.10185185185185185
0 0.35520833333333335 0.22685185185185186 0.09583333333333334 0.1388888888888889
0 0.47708333333333336 0.225 0.08541666666666667 0.1537037037037037
3 0.42604166666666665 0.06759259259259259 0.08541666666666667 0.13148148148148148
0 0.36302083333333335 0.012037037037037037 0.06979166666666667 0.020370370370370372
0 0.7026041666666667 0.08333333333333333 0.06979166666666667 0.08518518518518518
1 0.9703125 0.2833333333333333 0.059375 0.3592592592592593
0 0.8609375 0.40185185185185185 0.14895833333333333 0.18888888888888888
