2 0.60625 0.1824074074074074 0.03125 0.05
2 0.0859375 0.43148148148148147 0.11770833333333333 0.1925925925925926
0 0.6260416666666667 0.25277777777777777 0.0375 0.05740740740740741
0 0.309375 0.4666666666666667 0.07291666666666667 0.10740740740740741
0 0.6916666666666667 0.2462962962962963 0.03958333333333333 0.05925925925925926
0 0.75625 0.25092592592592594 0.04375 0.06111111111111111
2 0.20364583333333333 0.325 0.078125 0.1388888888888889
0 0.7979166666666667 0.21203703703703702 0.03958333333333333 0.05
0 0.6427083333333333 0.3416666666666667 0.05416666666666667 0.09074074074074075
0 0.384375 0.22037037037037038 0.035416666666666666 0.04814814814814815
0 0.33489583333333334 0.22037037037037038 0.034375 0.05185185185185185
0 0.8989583333333333 0.38796296296296295 0.07291666666666667 0.08703703703703704
0 0.8473958333333333 0.6138888888888889 0.09895833333333333 0.14629629629629629
0 0.453125 0.17962962962962964 0.029166666666666667 0.05185185185185185
0 0.5046875 0.18055555555555555 0.028125 0.046296296296296294
