0 0.26927083333333335 0.044444444444444446 0.028125 0.03333333333333333
0 0.209375 0.03796296296296296 0.025 0.03518518518518519
0 0.2015625 0.058333333333333334 0.03229166666666667 0.03148148148148148
0 0.32708333333333334 0.38055555555555554 0.09791666666666667 0.12407407407407407
0 0.37083333333333335 0.07962962962962963 0.03958333333333333 0.044444444444444446
0 0.36822916666666666 0.11481481481481481 0.046875 0.04814814814814815
1 0.45677083333333335 0.05740740740740741 0.103125 0.1111111111111111
2 0.2265625 0.1638888888888889 0.05520833333333333 0.07592592592592592
0 0.4276041666666667 0.17037037037037037 0.057291666666666664 0.05555555555555555
0 0.721875 0.21944444444444444 0.09583333333333334 0.07592592592592592
0 0.6958333333333333 0.31574074074074077 0.10833333333333334 0.08703703703703704
0 0.7473958333333334 0.29074074074074074 0.109375 0.08888888888888889
2 0.11302083333333333 0.07407407407407407 0.03229166666666667 0.04814814814814815
0 0.059895833333333336 0.08333333333333333 0.026041666666666668 0.040740740740740744
0 0.0109375 0.09537037037037037 0.019791666666666666 0.03888888888888889
