0 0.6348958333333333 0.18611111111111112 0.026041666666666668 0.046296296296296294
0 0.6484375 0.22407407407407406 0.036458333333333336 0.06296296296296296
0 0.4203125 0.48518518518518516 0.07395833333333333 0.14074074074074075
2 0.7255208333333333 0.26481481481481484 0.040625 0.07407407407407407
0 0.8067708333333333 0.1814814814814815 0.028125 0.040740740740740744
0 0.7026041666666667 0.462037037037037 0.07604166666666666 0.10925925925925926
0 0.8307291666666666 0.4537037037037037 0.071875 0.0962962962962963
0 0.8614583333333333 0.34074074074074073 0.0625 0.07777777777777778
0 0.4473958333333333 0.22962962962962963 0.03229166666666667 0.05555555555555555
0 0.32708333333333334 0.21574074074074073 0.035416666666666666 0.05
0 0.41302083333333334 0.19166666666666668 0.03229166666666667 0.046296296296296294
0 0.815625 0.7712962962962963 0.12708333333333333 0.19814814814814816
0 0.4515625 0.1935185185185185 0.03229166666666667 0.046296296296296294
