0 0.9005208333333333 0.8685185185185185 0.19895833333333332 0.26296296296296295
0 0.6421875 0.6037037037037037 0.09895833333333333 0.17777777777777778
2 0.46875 0.24166666666666667 0.1 0.09074074074074075
0 0.5875 0.2462962962962963 0.041666666666666664 0.07037037037037037
2 0.5802083333333333 0.18055555555555555 0.029166666666666667 0.06851851851851852
0 0.621875 0.15925925925925927 0.03125 0.05185185185185185
0 0.9166666666666666 0.34814814814814815 0.07708333333333334 0.08888888888888889
0 0.8432291666666667 0.2074074074074074 0.03854166666666667 0.05925925925925926
0 0.775 0.2064814814814815 0.0375 0.05740740740740741
0 0.771875 0.19074074074074074 0.041666666666666664 0.05185185185185185
0 0.7791666666666667 0.1648148148148148 0.0375 0.044444444444444446
0 0.7369791666666666 0.16018518518518518 0.036458333333333336 0.04259259259259259
0 0.7364583333333333 0.12407407407407407 0.029166666666666667 0.05185185185185185
2 0.7197916666666667 0.13796296296296295 0.03125 0.053703703703703705
0 0.7041666666666667 0.12962962962962962 0.029166666666666667 0.044444444444444446
0 0.6828125 0.11203703703703703 0.026041666666666668 0.03518518518518519
0 0.7145833333333333 0.10833333333333334 0.025 0.03518518518518519
0 0.9265625 0.42777777777777776 0.09270833333333334 0.12222222222222222
0 0.6036458333333333 0.13425925925925927 0.026041666666666668 0.03888888888888889
0 0.559375 0.11944444444444445 0.022916666666666665 0.03518518518518519
1 0.9682291666666667 0.2657407407407407 0.06354166666666666 0.20185185185185187
