0 0.03802083333333333 0.6018518518518519 0.07395833333333333 0.1111111111111111
0 0.2265625 0.37037037037037035 0.13020833333333334 0.12222222222222222
0 0.521875 0.2833333333333333 0.10416666666666667 0.0962962962962963
0 0.8369791666666667 0.29444444444444445 0.09895833333333333 0.09259259259259259
2 0.8927083333333333 0.3638888888888889 0.10833333333333334 0.1388888888888889
0 0.940625 0.5259259259259259 0.11875 0.15925925925925927
2 0.8416666666666667 0.15648148148148147 0.07916666666666666 0.08333333333333333
0 0.5682291666666667 0.6888888888888889 0.209375 0.2074074074074074
0 0.6375 0.16296296296296298 0.06875 0.06296296296296296
0 0.3619791666666667 0.6453703703703704 0.22395833333333334 0.20185185185185187
0 0.8322916666666667 0.13703703703703704 0.0625 0.06666666666666667
