0 0.4578125 0.40555555555555556 0.084375 0.12222222222222222
2 0.50625 0.2361111111111111 0.06666666666666667 0.12407407407407407
0 0.6697916666666667 0.4351851851851852 0.09166666666666666 0.2074074074074074
0 0.746875 0.06481481481481481 0.03333333333333333 0.04814814814814815
0 0.6442708333333333 0.23148148148148148 0.051041666666666666 0.08888888888888889
0 0.8125 0.15925925925925927 0.052083333333333336 0.07037037037037037
0 0.565625 0.14629629629629629 0.05 0.06296296296296296
0 0.7942708333333334 0.25092592592592594 0.06979166666666667 0.10555555555555556
0 0.6072916666666667 0.10740740740740741 0.03333333333333333 0.05555555555555555
0 0.5723958333333333 0.10185185185185185 0.03229166666666667 0.05185185185185185
0 0.6552083333333333 0.10740740740740741 0.03333333333333333 0.05555555555555555
0 0.9489583333333333 0.5787037037037037 0.10208333333333333 0.19444444444444445
1 0.48541666666666666 0.11388888888888889 0.125 0.1574074074074074
