2 0.43697916666666664 0.2351851851851852 0.11145833333333334 0.09259259259259259
0 0.590625 0.3 0.05 0.08518518518518518
2 0.5848958333333333 0.1935185185185185 0.03229166666666667 0.08333333333333333
0 0.6375 0.18055555555555555 0.0375 0.05740740740740741
0 0.884375 0.2962962962962963 0.06458333333333334 0.07777777777777778
0 0.83125 0.17962962962962964 0.03958333333333333 0.05925925925925926
0 0.7802083333333333 0.19166666666666668 0.041666666666666664 0.05740740740740741
0 0.7666666666666667 0.17222222222222222 0.0375 0.05185185185185185
0 0.7776041666666667 0.14351851851851852 0.03229166666666667 0.046296296296296294
0 0.7359375 0.14629629629629629 0.034375 0.040740740740740744
2 0.7182291666666667 0.12222222222222222 0.030208333333333334 0.05555555555555555
0 0.7020833333333333 0.11388888888888889 0.027083333333333334 0.04259259259259259
0 0.8953125 0.3611111111111111 0.07604166666666666 0.10740740740740741
0 0.6161458333333333 0.13703703703703704 0.028125 0.044444444444444446
0 0.5671875 0.12314814814814815 0.026041666666666668 0.03888888888888889
1 0.9453125 0.2388888888888889 0.109375 0.2111111111111111
