0 0.6333333333333333 0.2 0.027083333333333334 0.040740740740740744
0 0.684375 0.18888888888888888 0.029166666666666667 0.04814814814814815
2 0.7317708333333334 0.1814814814814815 0.030208333333333334 0.05185185185185185
2 0.41770833333333335 0.549074074074074 0.07291666666666667 0.18333333333333332
2 0.09895833333333333 0.4787037037037037 0.08541666666666667 0.14629629629629629
0 0.7125 0.2564814814814815 0.03958333333333333 0.06481481481481481
0 0.7755208333333333 0.1814814814814815 0.028125 0.040740740740740744
2 0.6708333333333333 0.33425925925925926 0.06458333333333334 0.1388888888888889
0 0.7494791666666667 0.32407407407407407 0.051041666666666666 0.08148148148148149
0 0.7984375 0.2518518518518518 0.04895833333333333 0.05925925925925926
0 0.3854166666666667 0.35555555555555557 0.052083333333333336 0.08518518518518518
0 0.4765625 0.3388888888888889 0.04895833333333333 0.07777777777777778
0 0.31927083333333334 0.32222222222222224 0.053125 0.07407407407407407
0 0.3770833333333333 0.25 0.04583333333333333 0.05555555555555555
0 0.878125 0.6129629629629629 0.11875 0.17037037037037037
0 0.46770833333333334 0.19166666666666668 0.03333333333333333 0.05740740740740741
