0 0.4708333333333333 0.2111111111111111 0.052083333333333336 0.08518518518518518
0 0.659375 0.3888888888888889 0.08125 0.15185185185185185
0 0.5901041666666667 0.13703703703703704 0.03854166666666667 0.06666666666666667
0 0.43333333333333335 0.6157407407407407 0.1375 0.2462962962962963
2 0.5510416666666667 0.20462962962962963 0.04791666666666667 0.11296296296296296
0 0.7302083333333333 0.11666666666666667 0.04375 0.06296296296296296
0 0.6515625 0.1425925925925926 0.040625 0.07037037037037037
0 0.8364583333333333 0.15925925925925927 0.05625 0.07407407407407407
0 0.7994791666666666 0.25 0.06770833333333333 0.1
0 0.571875 0.10277777777777777 0.03958333333333333 0.06851851851851852
0 0.634375 0.08796296296296297 0.0375 0.05740740740740741
0 0.934375 0.3351851851851852 0.09583333333333334 0.13333333333333333
1 0.4890625 0.1111111111111111 0.12604166666666666 0.16666666666666666
