0 0.2526041666666667 0.46574074074074073 0.140625 0.2388888888888889
1 0.8833333333333333 0.12222222222222222 0.23333333333333334 0.24074074074074073
0 0.07708333333333334 0.4981481481481482 0.15208333333333332 0.2777777777777778
0 0.32708333333333334 0.0962962962962963 0.07083333333333333 0.1037037037037037
0 0.3380208333333333 0.2638888888888889 0.10520833333333333 0.1537037037037037
0 0.46822916666666664 0.2972222222222222 0.096875 0.17962962962962964
3 0.4140625 0.08425925925925926 0.09479166666666666 0.1648148148148148
0 0.3776041666666667 0.016666666666666666 0.071875 0.02962962962962963
0 0.6901041666666666 0.053703703703703705 0.06145833333333333 0.08148148148148149
1 0.9630208333333333 0.2777777777777778 0.07395833333333333 0.37037037037037035
0 0.8177083333333334 0.3148148148148148 0.125 0.15925925925925927
