0 0.06875 0.4842592592592593 0.10416666666666667 0.13148148148148148
0 0.4203125 0.49074074074074076 0.06979166666666667 0.14814814814814814
0 0.7208333333333333 0.22962962962962963 0.04375 0.05925925925925926
0 0.80625 0.16944444444444445 0.035416666666666666 0.05
0 0.30625 0.30462962962962964 0.05416666666666667 0.07222222222222222
2 0.4 0.2814814814814815 0.04791666666666667 0.1
0 0.6859375 0.3685185185185185 0.05520833333333333 0.0962962962962963
0 0.4791666666666667 0.30185185185185187 0.05 0.09259259259259259
0 0.31875 0.20925925925925926 0.0375 0.05925925925925926
0 0.91875 0.3925925925925926 0.07708333333333334 0.1111111111111111
