0 0.5333333333333333 0.4351851851851852 0.11875 0.14444444444444443
0 0.20572916666666666 0.06481481481481481 0.030208333333333334 0.03333333333333333
0 0.31197916666666664 0.06851851851851852 0.03229166666666667 0.03333333333333333
2 0.2604166666666667 0.28055555555555556 0.07708333333333334 0.12407407407407407
0 0.28958333333333336 0.2324074074074074 0.05625 0.07222222222222222
0 0.21302083333333333 0.42685185185185187 0.103125 0.1648148148148148
0 0.4166666666666667 0.08518518518518518 0.0375 0.03333333333333333
0 0.4192708333333333 0.10925925925925926 0.046875 0.05185185185185185
0 0.3359375 0.1287037037037037 0.04895833333333333 0.05
0 0.0890625 0.19166666666666668 0.042708333333333334 0.06111111111111111
0 0.14479166666666668 0.16574074074074074 0.03958333333333333 0.05740740740740741
2 0.5328125 0.12129629629629629 0.05520833333333333 0.06481481481481481
0 0.515625 0.14814814814814814 0.04791666666666667 0.07037037037037037
0 0.44635416666666666 0.15833333333333333 0.05520833333333333 0.053703703703703705
0 0.0984375 0.14444444444444443 0.036458333333333336 0.05555555555555555
0 0.15729166666666666 0.11388888888888889 0.035416666666666666 0.05
0 0.09427083333333333 0.10277777777777777 0.028125 0.03888888888888889
0 0.034375 0.3351851851851852 0.06666666666666667 0.1
0 0.030729166666666665 0.10833333333333334 0.028125 0.04259259259259259
0 0.6932291666666667 0.2759259259259259 0.09270833333333334 0.07777777777777778
0 0.6098958333333333 0.2851851851851852 0.08645833333333333 0.07407407407407407
0 0.1109375 0.07685185185185185 0.026041666666666668 0.03888888888888889
0 0.008854166666666666 0.09259259259259259 0.015625 0.037037037037037035
