0 0.6375 0.20833333333333334 0.03125 0.05
0 0.7036458333333333 0.2 0.034375 0.05185185185185185
0 0.11510416666666666 0.8833333333333333 0.16979166666666667 0.23333333333333334
0 0.24114583333333334 0.43148148148148147 0.078125 0.10740740740740741
0 0.33541666666666664 0.8287037037037037 0.13541666666666666 0.2574074074074074
0 0.6604166666666667 0.26851851851851855 0.03958333333333333 0.06296296296296296
0 0.09479166666666666 0.46574074074074073 0.09375 0.12407407407407407
0 0.3536458333333333 0.4185185185185185 0.06979166666666667 0.10740740740740741
2 0.7572916666666667 0.30833333333333335 0.04791666666666667 0.09074074074074075
2 0.6875 0.4064814814814815 0.07083333333333333 0.12407407407407407
0 0.8401041666666667 0.2953703703703704 0.059375 0.07592592592592592
0 0.8192708333333333 0.4148148148148148 0.071875 0.1037037037037037
0 0.43854166666666666 0.2462962962962963 0.03958333333333333 0.05925925925925926
0 0.875 0.25 0.04791666666666667 0.06296296296296296
0 0.5125 0.21574074074074073 0.035416666666666666 0.05740740740740741
0 0.41354166666666664 0.18333333333333332 0.03125 0.044444444444444446
2 0.8177083333333334 0.8342592592592593 0.15416666666666667 0.29074074074074074
0 0.9697916666666667 0.3472222222222222 0.06041666666666667 0.07962962962962963
0 0.4734375 0.18055555555555555 0.028125 0.05
