0 0.33177083333333335 0.7555555555555555 0.121875 0.2037037037037037
0 0.7171875 0.18055555555555555 0.030208333333333334 0.03888888888888889
0 0.3072916666666667 0.48518518518518516 0.08541666666666667 0.1259259259259259
0 0.7583333333333333 0.1648148148148148 0.029166666666666667 0.040740740740740744
0 0.70625 0.26851851851851855 0.03958333333333333 0.06296296296296296
0 0.153125 0.412962962962963 0.08333333333333333 0.11481481481481481
0 0.49375 0.2574074074074074 0.035416666666666666 0.05555555555555555
0 0.6640625 0.362962962962963 0.05520833333333333 0.08518518518518518
0 0.7984375 0.3972222222222222 0.071875 0.11296296296296296
2 0.4505208333333333 0.21574074074074073 0.034375 0.053703703703703705
2 0.3489583333333333 0.1935185185185185 0.041666666666666664 0.07962962962962963
0 0.5161458333333333 0.19166666666666668 0.028125 0.05
