0 0.634375 0.2064814814814815 0.03125 0.05
2 0.07083333333333333 0.8583333333333333 0.13958333333333334 0.2611111111111111
0 0.7229166666666667 0.20092592592592592 0.03125 0.04259259259259259
0 0.6958333333333333 0.23055555555555557 0.03333333333333333 0.05
0 0.446875 0.4583333333333333 0.06666666666666667 0.09814814814814815
0 0.665625 0.3490740740740741 0.05 0.07962962962962963
0 0.7880208333333333 0.4064814814814815 0.071875 0.10925925925925926
0 0.8119791666666667 0.30185185185185187 0.051041666666666666 0.06296296296296296
0 0.3494791666666667 0.2861111111111111 0.03854166666666667 0.05740740740740741
0 0.6885416666666667 0.44351851851851853 0.06041666666666667 0.09814814814814815
0 0.88125 0.29259259259259257 0.052083333333333336 0.06666666666666667
0 0.5192708333333333 0.2101851851851852 0.028125 0.046296296296296294
0 0.7520833333333333 0.6453703703703704 0.10208333333333333 0.16111111111111112
0 0.9182291666666667 0.4546296296296296 0.08229166666666667 0.09444444444444444
0 0.91875 0.6925925925925925 0.11458333333333333 0.15925925925925927
