0 0.23645833333333333 0.925 0.15416666666666667 0.15
0 0.19635416666666666 0.7074074074074074 0.140625 0.21481481481481482
0 0.6494791666666667 0.24814814814814815 0.042708333333333334 0.07037037037037037
0 0.7286458333333333 0.24722222222222223 0.046875 0.07222222222222222
0 0.8213541666666667 0.2712962962962963 0.05520833333333333 0.06481481481481481
0 0.33229166666666665 0.26296296296296295 0.04583333333333333 0.07037037037037037
0 0.4739583333333333 0.2814814814814815 0.05416666666666667 0.08148148148148149
0 0.41822916666666665 0.23333333333333334 0.04479166666666667 0.06666666666666667
0 0.9 0.24166666666666667 0.06666666666666667 0.09074074074074075
0 0.728125 0.6666666666666666 0.1125 0.17407407407407408
0 0.95 0.4287037037037037 0.1 0.1425925925925926
0 0.9432291666666667 0.7564814814814815 0.11354166666666667 0.2388888888888889
