0 0.06302083333333333 0.41203703703703703 0.10104166666666667 0.13518518518518519
0 0.90625 0.1712962962962963 0.04375 0.07592592592592592
0 0.7671875 0.16296296296296298 0.04895833333333333 0.06296296296296296
0 0.3489583333333333 0.4 0.1 0.12222222222222222
0 0.24427083333333333 0.34074074074074073 0.103125 0.1037037037037037
2 0.809375 0.19814814814814816 0.05416666666666667 0.1
0 0.5453125 0.23333333333333334 0.06145833333333333 0.08148148148148149
0 0.5359375 0.18703703703703703 0.059375 0.06296296296296296
0 0.44166666666666665 0.17592592592592593 0.06041666666666667 0.06296296296296296
0 0.5161458333333333 0.1638888888888889 0.057291666666666664 0.06111111111111111
