0 0.3463541666666667 0.12037037037037036 0.05520833333333333 0.1
1 0.9052083333333333 0.21481481481481482 0.18958333333333333 0.42592592592592593
0 0.13125 0.7342592592592593 0.23541666666666666 0.39814814814814814
0 0.38177083333333334 0.20185185185185187 0.08645833333333333 0.13703703703703704
0 0.375 0.03981481481481482 0.058333333333333334 0.07592592592592592
2 0.465625 0.04537037037037037 0.05 0.08703703703703704
0 0.3609375 0.018518518518518517 0.071875 0.03333333333333333
0 0.5057291666666667 0.16296296296296298 0.065625 0.11481481481481481
0 0.7052083333333333 0.16296296296296298 0.07708333333333334 0.10740740740740741
0 0.45 0.018518518518518517 0.041666666666666664 0.03333333333333333
0 0.5234375 0.021296296296296296 0.042708333333333334 0.03888888888888889
