0 0.4171875 0.7240740740740741 0.196875 0.3333333333333333
0 0.5255208333333333 0.5805555555555556 0.13645833333333332 0.18333333333333332
0 0.578125 0.46574074074074073 0.12708333333333333 0.1537037037037037
0 0.18697916666666667 0.8222222222222222 0.13645833333333332 0.26296296296296295
0 0.42604166666666665 0.14629629629629629 0.04375 0.05185185185185185
0 0.5005208333333333 0.13518518518518519 0.057291666666666664 0.05555555555555555
0 0.40625 0.1675925925925926 0.05416666666666667 0.053703703703703705
0 0.2515625 0.27870370370370373 0.059375 0.09074074074074075
0 0.128125 0.27314814814814814 0.052083333333333336 0.08703703703703704
0 0.60625 0.22407407407407406 0.075 0.07407407407407407
0 0.19166666666666668 0.21203703703703702 0.04583333333333333 0.07222222222222222
0 0.6901041666666666 0.21481481481481482 0.08229166666666667 0.08148148148148149
0 0.6588541666666666 0.30092592592592593 0.090625 0.08333333333333333
2 0.24166666666666667 0.1638888888888889 0.03958333333333333 0.07962962962962963
0 0.9010416666666666 0.24351851851851852 0.09791666666666667 0.07962962962962963
