0 0.7854166666666667 0.12129629629629629 0.03125 0.046296296296296294
0 0.7223958333333333 0.11203703703703703 0.030208333333333334 0.03888888888888889
0 0.6223958333333334 0.9296296296296296 0.14895833333333333 0.14074074074074075
0 0.6260416666666667 0.45 0.07916666666666666 0.14444444444444443
0 0.6489583333333333 0.3333333333333333 0.06875 0.1037037037037037
0 0.9005208333333333 0.20462962962962963 0.04895833333333333 0.06851851851851852
0 0.6520833333333333 0.21574074074074073 0.04375 0.07222222222222222
0 0.5796875 0.14629629629629629 0.03229166666666667 0.05925925925925926
0 0.5291666666666667 0.14074074074074075 0.03125 0.05925925925925926
0 0.6364583333333333 0.13518518518518519 0.03125 0.05185185185185185
1 0.8296875 0.11296296296296296 0.08645833333333333 0.14814814814814814
