0 0.19791666666666666 0.03981481481481482 0.025 0.03518518518518519
0 0.7770833333333333 0.6851851851851852 0.22083333333333333 0.22592592592592592
0 0.36041666666666666 0.3111111111111111 0.08541666666666667 0.1037037037037037
0 0.32447916666666665 0.06851851851851852 0.040625 0.037037037037037035
0 0.22395833333333334 0.07222222222222222 0.03333333333333333 0.040740740740740744
0 0.39010416666666664 0.075 0.03854166666666667 0.04259259259259259
0 0.18541666666666667 0.2324074074074074 0.06041666666666667 0.09814814814814815
0 0.475 0.10185185185185185 0.03958333333333333 0.040740740740740744
2 0.5057291666666667 0.1388888888888889 0.051041666666666666 0.06666666666666667
0 0.07447916666666667 0.1111111111111111 0.03229166666666667 0.05925925925925926
0 0.13072916666666667 0.0962962962962963 0.034375 0.044444444444444446
0 0.6171875 0.23703703703703705 0.08020833333333334 0.07037037037037037
0 0.6640625 0.3148148148148148 0.11354166666666667 0.08148148148148149
2 0.7380208333333333 0.19814814814814816 0.103125 0.09259259259259259
0 0.0265625 0.36018518518518516 0.051041666666666666 0.10555555555555556
0 0.0109375 0.10740740740740741 0.019791666666666666 0.04814814814814815
0 0.8682291666666667 0.35 0.153125 0.15185185185185185
