0 0.5072916666666667 0.17777777777777778 0.0375 0.07407407407407407
0 0.5927083333333333 0.24814814814814815 0.05 0.08518518518518518
2 0.5239583333333333 0.21851851851851853 0.05 0.11481481481481481
0 0.571875 0.16574074074074074 0.04583333333333333 0.07592592592592592
0 0.6734375 0.0712962962962963 0.034375 0.046296296296296294
0 0.6901041666666666 0.05 0.028125 0.040740740740740744
0 0.6229166666666667 0.1398148148148148 0.04791666666666667 0.07592592592592592
0 0.7109375 0.3287037037037037 0.07604166666666666 0.13518518518518519
0 0.7479166666666667 0.1111111111111111 0.05 0.05925925925925926
0 0.5739583333333333 0.06296296296296296 0.027083333333333334 0.04814814814814815
1 0.5166666666666667 0.044444444444444446 0.0375 0.08518518518518518
0 0.8963541666666667 0.22685185185185186 0.078125 0.10185185185185185
1 0.45 0.47129629629629627 0.17291666666666666 0.5092592592592593
