0 0.5880208333333333 0.18703703703703703 0.036458333333333336 0.06666666666666667
0 0.6140625 0.39351851851851855 0.07395833333333333 0.13518518518518519
0 0.2953125 0.3435185185185185 0.078125 0.10925925925925926
0 0.7130208333333333 0.06388888888888888 0.019791666666666666 0.027777777777777776
0 0.7203125 0.08425925925925926 0.026041666666666668 0.03148148148148148
0 0.7322916666666667 0.05462962962962963 0.01875 0.03148148148148148
0 0.7505208333333333 0.1037037037037037 0.03229166666666667 0.040740740740740744
0 0.7786458333333334 0.12314814814814815 0.03229166666666667 0.046296296296296294
0 0.5729166666666666 0.09537037037037037 0.022916666666666665 0.04259259259259259
0 0.7359375 0.1537037037037037 0.042708333333333334 0.05925925925925926
0 0.8072916666666666 0.1527777777777778 0.04375 0.053703703703703705
0 0.8526041666666667 0.22592592592592592 0.059375 0.08518518518518518
0 0.6088541666666667 0.05462962962962963 0.019791666666666666 0.03518518518518519
0 0.5817708333333333 0.03888888888888889 0.017708333333333333 0.02962962962962963
0 0.5609375 0.049074074074074076 0.019791666666666666 0.03148148148148148
