0 0.2703125 0.3638888888888889 0.059375 0.08703703703703704
0 0.325 0.42407407407407405 0.06458333333333334 0.0962962962962963
0 0.7015625 0.1787037037037037 0.030208333333333334 0.04259259259259259
2 0.7536458333333333 0.1638888888888889 0.030208333333333334 0.053703703703703705
0 0.6067708333333334 0.19444444444444445 0.03229166666666667 0.05185185185185185
0 0.66875 0.19907407407407407 0.03125 0.05
0 0.7375 0.2111111111111111 0.0375 0.05925925925925926
0 0.6333333333333333 0.2777777777777778 0.041666666666666664 0.07037037037037037
0 0.7734375 0.2611111111111111 0.04479166666666667 0.05925925925925926
0 0.7015625 0.28425925925925927 0.04479166666666667 0.06481481481481481
2 0.6619791666666667 0.41574074074074074 0.06979166666666667 0.10925925925925926
0 0.85 0.2638888888888889 0.04791666666666667 0.06481481481481481
2 0.3567708333333333 0.16666666666666666 0.036458333333333336 0.07037037037037037
0 0.75 0.8546296296296296 0.125 0.20925925925925926
