1 0.07083333333333333 0.412962962962963 0.13958333333333334 0.2814814814814815
1 0.47760416666666666 0.22685185185185186 0.234375 0.17962962962962964
0 0.26510416666666664 0.22592592592592592 0.046875 0.04814814814814815
0 0.35 0.5712962962962963 0.14166666666666666 0.19444444444444445
0 0.3651041666666667 0.26851851851851855 0.06979166666666667 0.06666666666666667
0 0.2859375 0.275 0.059375 0.06111111111111111
0 0.1171875 0.337037037037037 0.059375 0.07037037037037037
0 0.08541666666666667 0.27314814814814814 0.041666666666666664 0.05740740740740741
0 0.1328125 0.2462962962962963 0.04479166666666667 0.04814814814814815
0 0.909375 0.575925925925926 0.18125 0.17777777777777778
