0 0.6833333333333333 0.18703703703703703 0.029166666666666667 0.04814814814814815
0 0.6375 0.20462962962962963 0.035416666666666666 0.06111111111111111
2 0.7104166666666667 0.22407407407407406 0.0375 0.06296296296296296
0 0.759375 0.20277777777777778 0.03125 0.03888888888888889
0 0.784375 0.1814814814814815 0.027083333333333334 0.040740740740740744
0 0.65625 0.2962962962962963 0.0375 0.06296296296296296
2 0.24166666666666667 0.4212962962962963 0.06875 0.13518518518518519
0 0.6916666666666667 0.43148148148148147 0.06666666666666667 0.1111111111111111
0 0.8161458333333333 0.2777777777777778 0.046875 0.05925925925925926
0 0.490625 0.28425925925925927 0.04375 0.06481481481481481
2 0.4510416666666667 0.20925925925925926 0.0375 0.08518518518518518
0 0.871875 0.49444444444444446 0.08958333333333333 0.1111111111111111
0 0.8041666666666667 0.6814814814814815 0.09791666666666667 0.17777777777777778
0 0.9229166666666667 0.3175925925925926 0.05625 0.06851851851851852
0 0.41458333333333336 0.19907407407407407 0.029166666666666667 0.04259259259259259
