1 0.2453125 0.32222222222222224 0.153125 0.24444444444444444
1 0.0828125 0.37962962962962965 0.16354166666666667 0.23703703703703705
0 0.2682291666666667 0.5120370370370371 0.07604166666666666 0.1388888888888889
2 0.40625 0.4648148148148148 0.08333333333333333 0.1962962962962963
0 0.8005208333333333 0.22870370370370371 0.04895833333333333 0.07222222222222222
0 0.765625 0.33240740740740743 0.06041666666666667 0.07592592592592592
0 0.45416666666666666 0.3037037037037037 0.04791666666666667 0.08518518518518518
0 0.6979166666666666 0.4305555555555556 0.058333333333333334 0.10925925925925926
2 0.44114583333333335 0.2111111111111111 0.036458333333333336 0.08148148148148149
2 0.9041666666666667 0.2351851851851852 0.058333333333333334 0.08148148148148149
2 0.4083333333333333 0.18981481481481483 0.03125 0.07222222222222222
0 0.5151041666666667 0.18333333333333332 0.034375 0.05185185185185185
0 0.30520833333333336 0.20925925925925926 0.03958333333333333 0.04814814814814815
