0 0.9552083333333333 0.4 0.08958333333333333 0.12962962962962962
0 0.7515625 0.33055555555555555 0.109375 0.09074074074074075
0 0.6057291666666667 0.2712962962962963 0.08854166666666667 0.08703703703703704
2 0.5010416666666667 0.2351851851851852 0.07291666666666667 0.07777777777777778
0 0.42291666666666666 0.2175925925925926 0.058333333333333334 0.053703703703703705
0 0.3651041666666667 0.19722222222222222 0.042708333333333334 0.046296296296296294
0 0.8072916666666666 0.41203703703703703 0.14791666666666667 0.12037037037037036
2 0.8078125 0.7472222222222222 0.271875 0.3277777777777778
0 0.5739583333333333 0.5805555555555556 0.15833333333333333 0.1685185185185185
1 0.3807291666666667 0.30648148148148147 0.18020833333333333 0.20555555555555555
0 0.9255208333333333 0.5453703703703704 0.14895833333333333 0.19074074074074074
0 0.6291666666666667 0.5046296296296297 0.16458333333333333 0.14629629629629629
0 0.4171875 0.4638888888888889 0.11354166666666667 0.12777777777777777
2 0.8125 0.5657407407407408 0.175 0.20185185185185187
0 0.9541666666666667 0.7240740740740741 0.09166666666666666 0.16666666666666666
0 0.7546875 0.4601851851851852 0.153125 0.13148148148148148
0 0.6104166666666667 0.3861111111111111 0.12083333333333333 0.10555555555555556
0 0.28072916666666664 0.34074074074074073 0.06979166666666667 0.1
0 0.34375 0.39814814814814814 0.07708333333333334 0.1
0 0.484375 0.31851851851851853 0.06875 0.0962962962962963
0 0.28229166666666666 0.28055555555555556 0.0375 0.05740740740740741
0 0.24375 0.25925925925925924 0.041666666666666664 0.05185185185185185
0 0.19947916666666668 0.2796296296296296 0.042708333333333334 0.05555555555555555
