0 0.596875 0.08888888888888889 0.025 0.040740740740740744
2 0.31197916666666664 0.512962962962963 0.109375 0.21481481481481482
0 0.6161458333333333 0.20277777777777778 0.042708333333333334 0.06481481481481481
0 0.6369791666666667 0.3425925925925926 0.06770833333333333 0.1
0 0.42083333333333334 0.14907407407407408 0.03125 0.05
0 0.48020833333333335 0.10833333333333334 0.025 0.05
0 0.5265625 0.08611111111111111 0.021875 0.03888888888888889
0 0.665625 0.5 0.10208333333333333 0.15925925925925927
0 0.8838541666666667 0.6685185185185185 0.16145833333333334 0.21481481481481482
1 0.9333333333333333 0.44907407407407407 0.13333333333333333 0.39814814814814814
1 0.7723958333333333 0.3472222222222222 0.16145833333333334 0.3388888888888889
1 0.35833333333333334 0.23425925925925925 0.09375 0.20185185185185187
