0 0.2859375 0.34444444444444444 0.06354166666666666 0.0962962962962963
1 0.053125 0.6407407407407407 0.10416666666666667 0.45185185185185184
0 0.23020833333333332 0.5083333333333333 0.08958333333333333 0.1537037037037037
0 0.3 0.6666666666666666 0.12708333333333333 0.21481481481481482
0 0.31145833333333334 0.24722222222222223 0.052083333333333336 0.07592592592592592
0 0.36614583333333334 0.21296296296296297 0.040625 0.07037037037037037
0 0.5739583333333333 0.19814814814814816 0.035416666666666666 0.05185185185185185
0 0.41875 0.23796296296296296 0.04791666666666667 0.06481481481481481
0 0.46875 0.19537037037037036 0.0375 0.05740740740740741
0 0.634375 0.2814814814814815 0.05625 0.0962962962962963
0 0.3984375 0.17777777777777778 0.03229166666666667 0.05185185185185185
0 0.4901041666666667 0.16296296296296298 0.030208333333333334 0.040740740740740744
