0 0.6854166666666667 0.18796296296296297 0.03125 0.046296296296296294
0 0.2786458333333333 0.5879629629629629 0.109375 0.1648148148148148
0 0.64375 0.22037037037037038 0.03333333333333333 0.04814814814814815
0 0.75625 0.20185185185185187 0.0375 0.044444444444444446
0 0.6609375 0.2824074074074074 0.04479166666666667 0.07592592592592592
0 0.471875 0.3453703703703704 0.05416666666666667 0.09074074074074075
2 0.7609375 0.33796296296296297 0.059375 0.09444444444444444
0 0.840625 0.2175925925925926 0.0375 0.046296296296296294
0 0.7645833333333333 0.7287037037037037 0.11458333333333333 0.19074074074074074
0 0.94375 0.7055555555555556 0.1125 0.17407407407407408
0 0.9614583333333333 0.4787037037037037 0.07708333333333334 0.12037037037037036
