0 0.20729166666666668 0.6814814814814815 0.13541666666666666 0.2037037037037037
0 0.39895833333333336 0.6203703703703703 0.1 0.18518518518518517
0 0.6744791666666666 0.34629629629629627 0.053125 0.08888888888888889
0 0.25885416666666666 0.26296296296296295 0.04895833333333333 0.06296296296296296
0 0.7895833333333333 0.41759259259259257 0.06875 0.10185185185185185
0 0.9036458333333334 0.24814814814814815 0.059375 0.07037037037037037
0 0.36302083333333335 0.21944444444444444 0.046875 0.06481481481481481
2 0.9234375 0.38796296296296295 0.09270833333333334 0.1425925925925926
0 0.7338541666666667 0.6314814814814815 0.10729166666666666 0.18888888888888888
0 0.8901041666666667 0.3 0.06354166666666666 0.08148148148148149
2 0.44947916666666665 0.15648148148148147 0.042708333333333334 0.09444444444444444
0 0.4786458333333333 0.29814814814814816 0.046875 0.08888888888888889
