0 0.9052083333333333 0.36944444444444446 0.14166666666666666 0.10925925925925926
0 0.7125 0.29444444444444445 0.10833333333333334 0.1
2 0.5760416666666667 0.2490740740740741 0.0875 0.08703703703703704
0 0.4625 0.2175925925925926 0.0625 0.06111111111111111
0 0.39947916666666666 0.19814814814814816 0.04895833333333333 0.05185185185185185
0 0.7859375 0.9120370370370371 0.2635416666666667 0.17592592592592593
2 0.8109375 0.7342592592592593 0.271875 0.32407407407407407
0 0.5776041666666667 0.5722222222222222 0.15729166666666666 0.16666666666666666
1 0.3854166666666667 0.2972222222222222 0.17916666666666667 0.20555555555555555
0 0.9427083333333334 0.5425925925925926 0.11458333333333333 0.17407407407407408
0 0.6333333333333333 0.4925925925925926 0.16458333333333333 0.14074074074074075
0 0.4197916666666667 0.4546296296296296 0.1125 0.12407407407407407
2 0.8161458333333333 0.5555555555555556 0.17604166666666668 0.2
0 0.9557291666666666 0.7101851851851851 0.08854166666666667 0.16111111111111112
0 0.7598958333333333 0.44814814814814813 0.15520833333333334 0.12222222222222222
0 0.6151041666666667 0.3768518518518518 0.121875 0.10185185185185185
0 0.2859375 0.3314814814814815 0.065625 0.0962962962962963
0 0.346875 0.3888888888888889 0.07708333333333334 0.09259259259259259
0 0.5010416666666667 0.31851851851851853 0.08125 0.1037037037037037
0 0.2864583333333333 0.2722222222222222 0.03958333333333333 0.05555555555555555
0 0.246875 0.25277777777777777 0.041666666666666664 0.053703703703703705
0 0.2359375 0.3 0.04479166666666667 0.06666666666666667
