0 0.290625 0.8527777777777777 0.15833333333333333 0.2537037037037037
0 0.7041666666666667 0.19444444444444445 0.03958333333333333 0.05555555555555555
2 0.678125 0.275 0.0625 0.11666666666666667
0 0.32447916666666665 0.2916666666666667 0.059375 0.06851851851851852
0 0.4557291666666667 0.32037037037037036 0.051041666666666666 0.08518518518518518
0 0.2911458333333333 0.23796296296296296 0.046875 0.06111111111111111
2 0.5020833333333333 0.225 0.0375 0.08333333333333333
0 0.43697916666666664 0.2212962962962963 0.03854166666666667 0.053703703703703705
0 0.753125 0.6768518518518518 0.10625 0.1685185185185185
0 0.9729166666666667 0.3453703703703704 0.05416666666666667 0.07962962962962963
0 0.221875 0.4185185185185185 0.07708333333333334 0.11481481481481481
