0 0.29375 0.5564814814814815 0.09166666666666666 0.07962962962962963
1 0.09375 0.5694444444444444 0.18541666666666667 0.16111111111111112
1 0.15625 0.7138888888888889 0.3104166666666667 0.26851851851851855
0 0.23229166666666667 0.6083333333333333 0.06875 0.07222222222222222
0 0.0828125 0.8416666666666667 0.16354166666666667 0.15
0 0.22760416666666666 0.7759259259259259 0.13229166666666667 0.12962962962962962
0 0.17239583333333333 0.9657407407407408 0.16770833333333332 0.06851851851851852
0 0.46197916666666666 0.6851851851851852 0.10729166666666666 0.0962962962962963
0 0.24270833333333333 0.899074074074074 0.175 0.1648148148148148
0 0.5317708333333333 0.6203703703703703 0.096875 0.08888888888888889
0 0.6114583333333333 0.5657407407407408 0.08958333333333333 0.07592592592592592
0 0.8286458333333333 0.8629629629629629 0.14270833333333333 0.15925925925925927
0 0.9072916666666667 0.5314814814814814 0.06458333333333334 0.05555555555555555
