2 0.4239583333333333 0.10092592592592593 0.04375 0.053703703703703705
0 0.44114583333333335 0.08981481481481482 0.030208333333333334 0.046296296296296294
0 0.5317708333333333 0.4398148148148148 0.121875 0.1425925925925926
0 0.35520833333333335 0.15462962962962962 0.052083333333333336 0.05740740740740741
0 0.24947916666666667 0.29907407407407405 0.06145833333333333 0.09444444444444444
0 0.4401041666666667 0.15092592592592594 0.053125 0.05740740740740741
0 0.5005208333333333 0.1527777777777778 0.05520833333333333 0.05740740740740741
0 0.5447916666666667 0.13333333333333333 0.04791666666666667 0.05185185185185185
0 0.5 0.22407407407407406 0.06666666666666667 0.05925925925925926
0 0.21354166666666666 0.1527777777777778 0.04791666666666667 0.09074074074074075
