0 0.4635416666666667 0.33055555555555555 0.07708333333333334 0.12407407407407407
0 0.7104166666666667 0.5324074074074074 0.11666666666666667 0.22777777777777777
0 0.5885416666666666 0.24537037037037038 0.0625 0.12037037037037036
0 0.34479166666666666 0.29074074074074074 0.08333333333333333 0.13333333333333333
0 0.41875 0.15462962962962962 0.058333333333333334 0.08333333333333333
0 0.5260416666666666 0.1259259259259259 0.04791666666666667 0.08888888888888889
0 0.8166666666666667 0.012037037037037037 0.03958333333333333 0.020370370370370372
0 0.6546875 0.08796296296296297 0.04479166666666667 0.07962962962962963
0 0.9 0.025 0.05416666666666667 0.046296296296296294
0 0.8697916666666666 0.16018518518518518 0.07708333333333334 0.09814814814814815
2 0.6421875 0.013888888888888888 0.028125 0.024074074074074074
0 0.5328125 0.008333333333333333 0.03854166666666667 0.012962962962962963
