0 0.6161458333333333 0.6851851851851852 0.18229166666666666 0.22962962962962963
0 0.534375 0.9277777777777778 0.18541666666666667 0.14444444444444443
0 0.2328125 0.05740740740740741 0.026041666666666668 0.025925925925925925
0 0.84375 0.6925925925925925 0.21666666666666667 0.2518518518518518
0 0.2 0.06018518518518518 0.022916666666666665 0.03148148148148148
0 0.2557291666666667 0.05 0.030208333333333334 0.03333333333333333
2 0.3125 0.4842592592592593 0.10208333333333333 0.21296296296296297
0 0.2609375 0.09444444444444444 0.03854166666666667 0.040740740740740744
0 0.3848958333333333 0.08611111111111111 0.034375 0.03888888888888889
0 0.1125 0.22962962962962963 0.04583333333333333 0.07777777777777778
2 0.14583333333333334 0.15462962962962962 0.04375 0.07592592592592592
0 0.18072916666666666 0.13148148148148148 0.034375 0.05185185185185185
0 0.44114583333333335 0.18981481481481483 0.06770833333333333 0.07222222222222222
0 0.603125 0.18518518518518517 0.06875 0.05925925925925926
2 0.04895833333333333 0.1175925925925926 0.03125 0.05740740740740741
0 0.021875 0.21388888888888888 0.041666666666666664 0.06851851851851852
0 0.7989583333333333 0.3648148148148148 0.12708333333333333 0.12962962962962962
