0 0.5192708333333333 0.21481481481481482 0.05520833333333333 0.08888888888888889
0 0.7067708333333333 0.862037037037037 0.15520833333333334 0.2351851851851852
2 0.6098958333333333 0.3527777777777778 0.096875 0.18703703703703703
0 0.5901041666666667 0.2490740740740741 0.053125 0.07962962962962963
0 0.9182291666666667 0.825 0.16354166666666667 0.31296296296296294
0 0.6505208333333333 0.18333333333333332 0.059375 0.08518518518518518
1 0.5083333333333333 0.06296296296296296 0.04583333333333333 0.12222222222222222
0 0.5661458333333333 0.08425925925925926 0.030208333333333334 0.046296296296296294
0 0.6322916666666667 0.1111111111111111 0.03958333333333333 0.04814814814814815
0 0.7302083333333333 0.13425925925925927 0.0625 0.07222222222222222
0 0.6026041666666667 0.06851851851851852 0.03229166666666667 0.05185185185185185
1 0.4510416666666667 0.46944444444444444 0.17083333333333334 0.5092592592592593
