0 0.6328125 0.18611111111111112 0.026041666666666668 0.05
0 0.7302083333333333 0.17592592592592593 0.029166666666666667 0.040740740740740744
0 0.6973958333333333 0.2074074074074074 0.034375 0.04814814814814815
0 0.16197916666666667 0.6472222222222223 0.12604166666666666 0.17592592592592593
0 0.7635416666666667 0.20925925925925926 0.035416666666666666 0.05555555555555555
0 0.6557291666666667 0.27685185185185185 0.036458333333333336 0.07222222222222222
2 0.7401041666666667 0.28703703703703703 0.042708333333333334 0.08518518518518518
0 0.8088541666666667 0.20555555555555555 0.034375 0.05185185185185185
2 0.22864583333333333 0.3287037037037037 0.07604166666666666 0.12407407407407407
0 0.7890625 0.2564814814814815 0.046875 0.06481481481481481
0 0.4166666666666667 0.2796296296296296 0.041666666666666664 0.06296296296296296
0 0.8786458333333333 0.26296296296296295 0.04895833333333333 0.06296296296296296
0 0.7083333333333334 0.5046296296296297 0.075 0.11666666666666667
2 0.8770833333333333 0.5842592592592593 0.10416666666666667 0.1685185185185185
0 0.4161458333333333 0.1925925925925926 0.026041666666666668 0.040740740740740744
