0 0.7760416666666666 0.15555555555555556 0.05 0.07037037037037037
0 0.20520833333333333 0.45555555555555555 0.13125 0.14074074074074075
0 0.7927083333333333 0.2638888888888889 0.06041666666666667 0.08703703703703704
0 0.3494791666666667 0.24814814814814815 0.08229166666666667 0.08148148148148149
0 0.50625 0.2675925925925926 0.08541666666666667 0.10185185185185185
2 0.6114583333333333 0.3453703703703704 0.08333333333333333 0.12777777777777777
2 0.4276041666666667 0.2324074074074074 0.08645833333333333 0.09444444444444444
0 0.6447916666666667 0.5157407407407407 0.11458333333333333 0.1648148148148148
0 0.8229166666666666 0.5787037037037037 0.10416666666666667 0.20185185185185187
0 0.48854166666666665 0.15648148148148147 0.052083333333333336 0.053703703703703705
0 0.9869791666666666 0.4027777777777778 0.026041666666666668 0.12037037037037036
