0 0.8703125 0.37592592592592594 0.13854166666666667 0.12962962962962962
0 0.6609375 0.30462962962962964 0.10104166666666667 0.09814814814814815
0 0.49375 0.2537037037037037 0.06875 0.06666666666666667
0 0.3765625 0.2064814814814815 0.051041666666666666 0.053703703703703705
0 0.6651041666666667 0.850925925925926 0.259375 0.29814814814814816
0 0.28802083333333334 0.47314814814814815 0.09270833333333334 0.13518518518518519
2 0.7927083333333333 0.7527777777777778 0.2708333333333333 0.32037037037037036
0 0.5619791666666667 0.5907407407407408 0.15520833333333334 0.17407407407407408
1 0.36822916666666666 0.3138888888888889 0.18020833333333333 0.20925925925925926
0 0.915625 0.5731481481481482 0.16875 0.22407407407407406
0 0.359375 0.4287037037037037 0.1 0.10925925925925926
0 0.24375 0.3287037037037037 0.04791666666666667 0.07592592592592592
2 0.5958333333333333 0.45555555555555555 0.10833333333333334 0.16296296296296298
0 0.8005208333333333 0.6222222222222222 0.20104166666666667 0.17407407407407408
0 0.6973958333333333 0.45740740740740743 0.13645833333333332 0.12962962962962962
0 0.46927083333333336 0.33055555555555555 0.08020833333333334 0.07962962962962963
