0 0.234375 0.06018518518518518 0.027083333333333334 0.03518518518518519
0 0.2677083333333333 0.053703703703703705 0.029166666666666667 0.03333333333333333
0 0.19739583333333333 0.06388888888888888 0.026041666666666668 0.027777777777777776
0 0.246875 0.09074074074074075 0.03333333333333333 0.040740740740740744
0 0.33125 0.39814814814814814 0.09375 0.12222222222222222
2 0.14322916666666666 0.30092592592592593 0.06145833333333333 0.12037037037037036
2 0.3375 0.07777777777777778 0.03958333333333333 0.05185185185185185
0 0.35572916666666665 0.062037037037037036 0.030208333333333334 0.027777777777777776
0 0.171875 0.2101851851851852 0.04791666666666667 0.07222222222222222
2 0.43854166666666666 0.11851851851851852 0.04791666666666667 0.05555555555555555
0 0.12708333333333333 0.15185185185185185 0.03958333333333333 0.05555555555555555
2 0.48385416666666664 0.10648148148148148 0.051041666666666666 0.05740740740740741
0 0.46145833333333336 0.1648148148148148 0.05416666666666667 0.05555555555555555
0 0.06770833333333333 0.47314814814814815 0.08333333333333333 0.1685185185185185
0 0.121875 0.0824074074074074 0.029166666666666667 0.03888888888888889
2 0.022916666666666665 0.2388888888888889 0.04375 0.1037037037037037
0 0.6447916666666667 0.30092592592592593 0.10625 0.09444444444444444
0 0.7994791666666666 0.26481481481481484 0.10729166666666666 0.08518518518518518
