0 0.8916666666666667 0.23333333333333334 0.0375 0.05555555555555555
0 0.7520833333333333 0.2462962962962963 0.041666666666666664 0.05925925925925926
0 0.7963541666666667 0.2796296296296296 0.046875 0.06666666666666667
0 0.9760416666666667 0.2537037037037037 0.04791666666666667 0.06296296296296296
0 0.0703125 0.4722222222222222 0.11145833333333334 0.13333333333333333
0 0.025 0.587037037037037 0.04791666666666667 0.1
0 0.8583333333333333 0.35648148148148145 0.06041666666666667 0.09074074074074075
0 0.9666666666666667 0.37407407407407406 0.06666666666666667 0.0962962962962963
0 0.6265625 0.42592592592592593 0.09270833333333334 0.1037037037037037
0 0.6875 0.5009259259259259 0.10208333333333333 0.1425925925925926
0 0.39947916666666666 0.3101851851851852 0.06979166666666667 0.06851851851851852
0 0.5546875 0.25277777777777777 0.05520833333333333 0.06111111111111111
2 0.5270833333333333 0.22407407407407406 0.04583333333333333 0.06666666666666667
