0 0.24375 0.03796296296296296 0.01875 0.03518518518518519
0 0.7005208333333334 0.812037037037037 0.21354166666666666 0.3277777777777778
0 0.946875 0.7944444444444444 0.10625 0.2518518518518518
0 0.3453125 0.37592592592592594 0.08645833333333333 0.11851851851851852
0 0.23854166666666668 0.4601851851851852 0.09375 0.13518518518518519
0 0.27760416666666665 0.075 0.030208333333333334 0.03518518518518519
0 0.20260416666666667 0.06574074074074074 0.028125 0.027777777777777776
0 0.4296875 0.33425925925925926 0.08854166666666667 0.10925925925925926
0 0.09583333333333334 0.5342592592592592 0.09166666666666666 0.1574074074074074
0 0.24739583333333334 0.0824074074074074 0.03229166666666667 0.03518518518518519
0 0.31875 0.075 0.03333333333333333 0.03888888888888889
2 0.21666666666666667 0.25925925925925924 0.06041666666666667 0.11851851851851852
0 0.334375 0.13055555555555556 0.04583333333333333 0.04259259259259259
0 0.4973958333333333 0.12962962962962962 0.046875 0.05185185185185185
0 0.06666666666666667 0.15462962962962962 0.03333333333333333 0.05740740740740741
2 0.09947916666666666 0.10462962962962963 0.034375 0.05740740740740741
0 0.13541666666666666 0.09166666666666666 0.027083333333333334 0.03888888888888889
0 0.61875 0.28425925925925927 0.09375 0.07962962962962963
0 0.921875 0.3148148148148148 0.11458333333333333 0.09259259259259259
