0 0.26145833333333335 0.04722222222222222 0.027083333333333334 0.03148148148148148
2 0.46041666666666664 0.48703703703703705 0.14166666666666666 0.2111111111111111
0 0.4666666666666667 0.3814814814814815 0.10208333333333333 0.10740740740740741
0 0.5364583333333334 0.8962962962962963 0.23541666666666666 0.2074074074074074
0 0.34322916666666664 0.058333333333333334 0.030208333333333334 0.03148148148148148
0 0.33645833333333336 0.07222222222222222 0.0375 0.044444444444444446
0 0.25677083333333334 0.08333333333333333 0.036458333333333336 0.037037037037037035
0 0.14010416666666667 0.2675925925925926 0.05520833333333333 0.08333333333333333
0 0.21822916666666667 0.24074074074074073 0.05520833333333333 0.07407407407407407
2 0.425 0.08055555555555556 0.04375 0.053703703703703705
0 0.4010416666666667 0.09814814814814815 0.035416666666666666 0.05555555555555555
0 0.33697916666666666 0.10185185185185185 0.03854166666666667 0.037037037037037035
0 0.15833333333333333 0.19722222222222222 0.04583333333333333 0.07222222222222222
0 0.22395833333333334 0.16296296296296298 0.05 0.06666666666666667
0 0.13229166666666667 0.13703703703703704 0.03333333333333333 0.04814814814814815
0 0.17864583333333334 0.8666666666666667 0.15520833333333334 0.26666666666666666
0 0.058333333333333334 0.15 0.035416666666666666 0.05555555555555555
0 0.5041666666666667 0.1824074074074074 0.0625 0.05740740740740741
0 0.41510416666666666 0.1787037037037037 0.05520833333333333 0.05
0 0.1546875 0.10740740740740741 0.03229166666666667 0.040740740740740744
0 0.011458333333333333 0.13333333333333333 0.020833333333333332 0.04814814814814815
0 0.578125 0.2361111111111111 0.07916666666666666 0.07962962962962963
0 0.7109375 0.23148148148148148 0.08854166666666667 0.07037037037037037
2 0.08489583333333334 0.08611111111111111 0.028125 0.05
0 0.9213541666666667 0.44537037037037036 0.15729166666666666 0.11666666666666667
