0 0.28489583333333335 0.5407407407407407 0.10104166666666667 0.15555555555555556
0 0.43072916666666666 0.49444444444444446 0.08020833333333334 0.14444444444444443
0 0.6880208333333333 0.4074074074074074 0.065625 0.1037037037037037
0 0.2875 0.22685185185185186 0.041666666666666664 0.06111111111111111
0 0.8322916666666667 0.5212962962962963 0.09166666666666666 0.12777777777777777
0 0.9411458333333333 0.2851851851851852 0.065625 0.07777777777777778
0 0.37916666666666665 0.1962962962962963 0.03958333333333333 0.05555555555555555
2 0.9630208333333333 0.46574074074074073 0.07395833333333333 0.17962962962962964
0 0.7770833333333333 0.825925925925926 0.14166666666666666 0.22962962962962963
0 0.9484375 0.36203703703703705 0.07604166666666666 0.09814814814814815
0 0.4895833333333333 0.2611111111111111 0.041666666666666664 0.07777777777777778
