0 0.6958333333333333 0.058333333333333334 0.020833333333333332 0.03518518518518519
0 0.709375 0.06759259259259259 0.020833333333333332 0.03148148148148148
0 0.8473958333333333 0.6314814814814815 0.13854166666666667 0.2222222222222222
0 0.55 0.17407407407407408 0.04375 0.06666666666666667
0 0.6354166666666666 0.9148148148148149 0.14791666666666667 0.17037037037037037
0 0.7354166666666667 0.07777777777777778 0.027083333333333334 0.040740740740740744
0 0.7609375 0.075 0.023958333333333335 0.027777777777777776
0 0.7625 0.062037037037037036 0.01875 0.027777777777777776
0 0.8177083333333334 0.04722222222222222 0.025 0.03148148148148148
0 0.784375 0.09166666666666666 0.03125 0.046296296296296294
0 0.7864583333333334 0.14814814814814814 0.04375 0.06296296296296296
0 0.7614583333333333 0.11666666666666667 0.035416666666666666 0.04814814814814815
0 0.5828125 0.14166666666666666 0.036458333333333336 0.05740740740740741
0 0.5651041666666666 0.07777777777777778 0.021875 0.037037037037037035
0 0.6140625 0.08425925925925926 0.023958333333333335 0.04259259259259259
0 0.7916666666666666 0.225 0.058333333333333334 0.08703703703703704
0 0.8734375 0.20925925925925926 0.059375 0.07407407407407407
0 0.5911458333333334 0.05185185185185185 0.021875 0.037037037037037035
0 0.9453125 0.2759259259259259 0.08020833333333334 0.1
2 0.9572916666666667 0.4351851851851852 0.08541666666666667 0.17407407407407408
