0 0.49270833333333336 0.15648148148148147 0.0375 0.06111111111111111
0 0.6822916666666666 0.7157407407407408 0.13958333333333334 0.2722222222222222
0 0.5791666666666667 0.18518518518518517 0.041666666666666664 0.07037037037037037
0 0.7072916666666667 0.3 0.07291666666666667 0.11481481481481481
2 0.515625 0.17962962962962964 0.04791666666666667 0.09259259259259259
0 0.559375 0.12685185185185185 0.03333333333333333 0.05
0 0.7192708333333333 0.1388888888888889 0.042708333333333334 0.07777777777777778
0 0.7671875 0.13055555555555556 0.042708333333333334 0.06481481481481481
0 0.565625 0.08611111111111111 0.035416666666666666 0.053703703703703705
0 0.615625 0.09907407407407408 0.03958333333333333 0.05740740740740741
0 0.9046875 0.28703703703703703 0.08854166666666667 0.1037037037037037
1 0.5192708333333333 0.03518518518518519 0.03229166666666667 0.06666666666666667
1 0.45260416666666664 0.48518518518518516 0.16770833333333332 0.5111111111111111
