0 0.7447916666666666 0.019444444444444445 0.022916666666666665 0.03518518518518519
0 0.678125 0.030555555555555555 0.020833333333333332 0.03518518518518519
0 0.6901041666666666 0.016666666666666666 0.017708333333333333 0.02962962962962963
0 0.7015625 0.044444444444444446 0.023958333333333335 0.040740740740740744
0 0.7369791666666666 0.062037037037037036 0.023958333333333335 0.04259259259259259
0 0.7229166666666667 0.07777777777777778 0.029166666666666667 0.04814814814814815
0 0.5734375 0.10277777777777777 0.03229166666666667 0.05
0 0.6192708333333333 0.07685185185185185 0.028125 0.046296296296296294
3 0.5791666666666667 0.06759259259259259 0.03333333333333333 0.05740740740740741
0 0.8723958333333334 0.12962962962962962 0.06979166666666667 0.06296296296296296
0 0.809375 0.16018518518518518 0.05416666666666667 0.07962962962962963
0 0.9223958333333333 0.27870370370370373 0.071875 0.09444444444444444
1 0.2890625 0.7981481481481482 0.453125 0.40370370370370373
