0 0.4640625 0.225 0.09479166666666666 0.09444444444444444
0 0.0484375 0.4787037037037037 0.09479166666666666 0.11666666666666667
0 0.39375 0.28055555555555556 0.10833333333333334 0.10185185185185185
0 0.16302083333333334 0.5055555555555555 0.209375 0.17037037037037037
2 0.6666666666666666 0.1814814814814815 0.09791666666666667 0.11481481481481481
0 0.6802083333333333 0.2611111111111111 0.10416666666666667 0.0962962962962963
3 0.8177083333333334 0.08425925925925926 0.08125 0.10925925925925926
0 0.34322916666666664 0.6435185185185185 0.26145833333333335 0.24259259259259258
0 0.4109375 0.8064814814814815 0.2635416666666667 0.2574074074074074
0 0.7354166666666667 0.8212962962962963 0.23958333333333334 0.28703703703703703
