0 0.2703125 0.25555555555555554 0.103125 0.1
0 0.32395833333333335 0.2777777777777778 0.12708333333333333 0.1037037037037037
2 0.4734375 0.17222222222222222 0.08854166666666667 0.1
2 0.44635416666666666 0.31851851851851853 0.15520833333333334 0.16296296296296298
2 0.5489583333333333 0.17407407407407408 0.09166666666666666 0.0962962962962963
0 0.6041666666666666 0.2175925925925926 0.11041666666666666 0.09444444444444444
0 0.8328125 0.43148148148148147 0.15104166666666666 0.16296296296296298
0 0.7505208333333333 0.11666666666666667 0.06770833333333333 0.07037037037037037
0 0.6505208333333333 0.8777777777777778 0.2677083333333333 0.24444444444444444
0 0.8505208333333333 0.13240740740740742 0.08020833333333334 0.08703703703703704
