0 0.8270833333333333 0.18796296296296297 0.04375 0.06481481481481481
0 0.21510416666666668 0.45185185185185184 0.140625 0.14444444444444443
0 0.3223958333333333 0.42592592592592593 0.13854166666666667 0.15555555555555556
0 0.9765625 0.20185185185185187 0.046875 0.07037037037037037
0 0.22239583333333332 0.35 0.10729166666666666 0.1
0 0.45625 0.27685185185185185 0.07708333333333334 0.08333333333333333
0 0.4265625 0.24537037037037038 0.071875 0.07592592592592592
0 0.7260416666666667 0.3055555555555556 0.0625 0.09259259259259259
0 0.5322916666666667 0.5018518518518519 0.1375 0.17037037037037037
0 0.48854166666666665 0.17314814814814813 0.05 0.05
