0 0.6354166666666666 0.1925925925925926 0.029166666666666667 0.040740740740740744
0 0.6895833333333333 0.18981481481481483 0.03125 0.046296296296296294
0 0.64375 0.23425925925925925 0.03958333333333333 0.06481481481481481
0 0.7541666666666667 0.18703703703703703 0.03125 0.040740740740740744
0 0.8052083333333333 0.1787037037037037 0.03333333333333333 0.046296296296296294
0 0.7703125 0.23796296296296296 0.04479166666666667 0.05740740740740741
0 0.7427083333333333 0.2972222222222222 0.04791666666666667 0.07592592592592592
2 0.2942708333333333 0.48055555555555557 0.11145833333333334 0.22777777777777777
0 0.6729166666666667 0.35833333333333334 0.06041666666666667 0.10555555555555556
2 0.8078125 0.41388888888888886 0.07604166666666666 0.13518518518518519
0 0.884375 0.36574074074074076 0.06458333333333334 0.08333333333333333
0 0.903125 0.29907407407407405 0.06041666666666667 0.06851851851851852
0 0.7390625 0.6453703703703704 0.096875 0.16111111111111112
2 0.39791666666666664 0.2064814814814815 0.03333333333333333 0.06481481481481481
