0 0.33125 0.23055555555555557 0.04791666666666667 0.06851851851851852
0 0.1390625 0.8657407407407407 0.209375 0.2351851851851852
0 0.6947916666666667 0.1361111111111111 0.03958333333333333 0.053703703703703705
0 0.4895833333333333 0.19537037037037036 0.04583333333333333 0.07962962962962963
0 0.5854166666666667 0.14444444444444443 0.03125 0.05185185185185185
0 0.46927083333333336 0.4898148148148148 0.084375 0.16111111111111112
2 0.4270833333333333 0.1675925925925926 0.04375 0.09444444444444444
0 0.66875 0.19444444444444445 0.04375 0.07407407407407407
0 0.59375 0.17962962962962964 0.041666666666666664 0.06296296296296296
0 0.4984375 0.27685185185185185 0.053125 0.09444444444444444
0 0.7473958333333334 0.3 0.06979166666666667 0.1
0 0.7776041666666667 0.3990740740740741 0.09479166666666666 0.1574074074074074
0 0.48072916666666665 0.12777777777777777 0.030208333333333334 0.040740740740740744
0 0.44114583333333335 0.12037037037037036 0.026041666666666668 0.044444444444444446
0 0.5213541666666667 0.09722222222222222 0.023958333333333335 0.03518518518518519
1 0.7677083333333333 0.1814814814814815 0.1 0.15925925925925927
1 0.6359375 0.11296296296296296 0.05520833333333333 0.11481481481481481
