0 0.6973958333333333 0.05185185185185185 0.019791666666666666 0.040740740740740744
0 0.709375 0.06111111111111111 0.025 0.03333333333333333
0 0.390625 0.24444444444444444 0.0875 0.08148148148148149
0 0.734375 0.06851851851851852 0.022916666666666665 0.03333333333333333
0 0.7520833333333333 0.046296296296296294 0.020833333333333332 0.022222222222222223
0 0.7296875 0.03611111111111111 0.017708333333333333 0.024074074074074074
0 0.765625 0.024074074074074074 0.01875 0.025925925925925925
0 0.7713541666666667 0.06759259259259259 0.026041666666666668 0.053703703703703705
0 0.7557291666666667 0.09351851851851851 0.030208333333333334 0.053703703703703705
0 0.7604166666666666 0.07962962962962963 0.020833333333333332 0.03333333333333333
0 0.6005208333333333 0.3101851851851852 0.05520833333333333 0.10925925925925926
0 0.5447916666666667 0.15092592592592594 0.03125 0.05740740740740741
0 0.6901041666666666 0.26944444444444443 0.059375 0.09074074074074075
0 0.7333333333333333 0.11296296296296296 0.03333333333333333 0.05185185185185185
0 0.7921875 0.10925925925925926 0.028125 0.025925925925925925
0 0.646875 0.16203703703703703 0.04375 0.06851851851851852
0 0.8015625 0.14351851851851852 0.042708333333333334 0.06111111111111111
2 0.7447916666666666 0.14814814814814814 0.041666666666666664 0.07777777777777778
0 0.625 0.08796296296296297 0.027083333333333334 0.046296296296296294
0 0.8963541666666667 0.24166666666666667 0.07395833333333333 0.10555555555555556
1 0.5442708333333334 0.04259259259259259 0.034375 0.08148148148148149
