2 0.6864583333333333 0.18703703703703703 0.029166666666666667 0.05555555555555555
0 0.6390625 0.23425925925925925 0.03229166666666667 0.053703703703703705
2 0.027083333333333334 0.7407407407407407 0.052083333333333336 0.2111111111111111
0 0.6645833333333333 0.3148148148148148 0.04791666666666667 0.07407407407407407
0 0.7661458333333333 0.2175925925925926 0.036458333333333336 0.05
0 0.43697916666666664 0.4583333333333333 0.06770833333333333 0.10555555555555556
2 0.40572916666666664 0.2972222222222222 0.059375 0.12777777777777777
0 0.7901041666666667 0.33240740740740743 0.059375 0.07962962962962963
0 0.7494791666666667 0.4148148148148148 0.057291666666666664 0.0962962962962963
0 0.8380208333333333 0.24166666666666667 0.040625 0.053703703703703705
0 0.3578125 0.27870370370370373 0.042708333333333334 0.06851851851851852
0 0.5203125 0.2111111111111111 0.030208333333333334 0.044444444444444446
0 0.8046875 0.9064814814814814 0.14479166666666668 0.1648148148148148
