0 0.34479166666666666 0.10648148148148148 0.06041666666666667 0.09444444444444444
0 0.3177083333333333 0.950925925925926 0.16666666666666666 0.09814814814814815
1 0.9052083333333333 0.21296296296296297 0.18958333333333333 0.4222222222222222
0 0.37916666666666665 0.2037037037037037 0.09166666666666666 0.13333333333333333
0 0.4317708333333333 0.35 0.121875 0.22962962962962963
0 0.4276041666666667 0.06944444444444445 0.053125 0.08703703703703704
2 0.6822916666666666 0.03611111111111111 0.05625 0.06851851851851852
0 0.39375 0.018518518518518517 0.04791666666666667 0.03333333333333333
2 0.46927083333333336 0.013888888888888888 0.042708333333333334 0.024074074074074074
0 0.3255208333333333 0.011111111111111112 0.084375 0.018518518518518517
0 0.5229166666666667 0.025925925925925925 0.04375 0.04814814814814815
0 0.9125 0.8333333333333334 0.175 0.3333333333333333
