0 0.6432291666666666 0.20092592592592592 0.040625 0.06111111111111111
0 0.7130208333333333 0.19907407407407407 0.03854166666666667 0.06111111111111111
0 0.384375 0.525 0.08333333333333333 0.1425925925925926
0 0.33541666666666664 0.41203703703703703 0.08333333333333333 0.10925925925925926
0 0.6692708333333334 0.3425925925925926 0.06145833333333333 0.08888888888888889
0 0.7703125 0.33425925925925926 0.06145833333333333 0.09074074074074075
2 0.8755208333333333 0.20925925925925926 0.04479166666666667 0.07037037037037037
0 0.8953125 0.38055555555555554 0.07395833333333333 0.08703703703703704
0 0.37916666666666665 0.1935185185185185 0.03958333333333333 0.05
0 0.4979166666666667 0.19722222222222222 0.041666666666666664 0.05740740740740741
0 0.44375 0.1814814814814815 0.0375 0.05185185185185185
