0 0.04375 0.6611111111111111 0.08541666666666667 0.12962962962962962
0 0.10625 0.5138888888888888 0.14583333333333334 0.14629629629629629
0 0.20572916666666666 0.6055555555555555 0.16770833333333332 0.17407407407407408
0 0.8151041666666666 0.29444444444444445 0.042708333333333334 0.06666666666666667
0 0.25625 0.38055555555555554 0.08958333333333333 0.07962962962962963
0 0.5197916666666667 0.36666666666666664 0.08125 0.08148148148148149
0 0.6338541666666667 0.4527777777777778 0.08229166666666667 0.10185185185185185
1 0.5067708333333333 0.2675925925925926 0.14895833333333333 0.17222222222222222
0 0.859375 0.5009259259259259 0.07291666666666667 0.12407407407407407
0 0.4401041666666667 0.30185185185185187 0.06145833333333333 0.06296296296296296
