0 0.3885416666666667 0.25925925925925924 0.08125 0.07407407407407407
0 0.16875 0.26296296296296295 0.07708333333333334 0.06296296296296296
0 0.5880208333333333 0.6712962962962963 0.22604166666666667 0.22777777777777777
0 0.30104166666666665 0.34074074074074073 0.1125 0.08518518518518518
0 0.28958333333333336 0.6638888888888889 0.19583333333333333 0.19444444444444445
2 0.6244791666666667 0.3509259259259259 0.13645833333333332 0.11666666666666667
2 0.634375 0.3814814814814815 0.175 0.14074074074074075
0 0.7645833333333333 0.3648148148148148 0.11875 0.0962962962962963
0 0.6770833333333334 0.5037037037037037 0.17291666666666666 0.12962962962962962
0 0.06197916666666667 0.6666666666666666 0.121875 0.2111111111111111
