0 0.09947916666666666 0.8657407407407407 0.165625 0.21666666666666667
0 0.3416666666666667 0.8111111111111111 0.13958333333333334 0.26666666666666666
0 0.6630208333333333 0.29259259259259257 0.04895833333333333 0.07407407407407407
0 0.21927083333333333 0.30185185185185187 0.06145833333333333 0.08148148148148149
0 0.7604166666666666 0.3416666666666667 0.058333333333333334 0.08703703703703704
0 0.8708333333333333 0.21203703703703702 0.04791666666666667 0.05740740740740741
0 0.3416666666666667 0.24537037037037038 0.052083333333333336 0.07592592592592592
2 0.8802083333333334 0.32314814814814813 0.07708333333333334 0.12037037037037036
0 0.70625 0.49722222222222223 0.08541666666666667 0.14629629629629629
0 0.8432291666666667 0.24814814814814815 0.05520833333333333 0.06666666666666667
2 0.43802083333333336 0.17592592592592593 0.04479166666666667 0.1111111111111111
0 0.9552083333333333 0.5 0.08958333333333333 0.13703703703703704
0 0.5005208333333333 0.20185185185185187 0.034375 0.05185185185185185
0 0.3802083333333333 0.16574074074074074 0.0375 0.06481481481481481
0 0.46510416666666665 0.3416666666666667 0.053125 0.10185185185185185
