0 0.06875 0.7287037037037037 0.13541666666666666 0.18333333333333332
0 0.7489583333333333 0.2712962962962963 0.04583333333333333 0.06111111111111111
0 0.8166666666666667 0.28703703703703703 0.04583333333333333 0.06666666666666667
0 0.3296875 0.4166666666666667 0.10104166666666667 0.1
0 0.4859375 0.35833333333333334 0.096875 0.10185185185185185
0 0.33229166666666665 0.32685185185185184 0.075 0.06851851851851852
0 0.3453125 0.3509259259259259 0.07395833333333333 0.07222222222222222
2 0.5098958333333333 0.27685185185185185 0.06979166666666667 0.06851851851851852
0 0.6338541666666667 0.24074074074074073 0.04895833333333333 0.05925925925925926
0 0.49947916666666664 0.2361111111111111 0.03854166666666667 0.046296296296296294
