0 0.6817708333333333 0.18425925925925926 0.023958333333333335 0.04259259259259259
0 0.6322916666666667 0.19074074074074074 0.025 0.044444444444444446
0 0.3578125 0.7583333333333333 0.11770833333333333 0.20555555555555555
0 0.6515625 0.22592592592592592 0.034375 0.05555555555555555
0 0.7359375 0.18611111111111112 0.030208333333333334 0.03888888888888889
0 0.7052083333333333 0.24259259259259258 0.035416666666666666 0.05555555555555555
0 0.6416666666666667 0.2657407407407407 0.0375 0.06111111111111111
0 0.7661458333333333 0.23333333333333334 0.036458333333333336 0.05185185185185185
0 0.7979166666666667 0.1935185185185185 0.03125 0.04259259259259259
0 0.6744791666666666 0.36666666666666664 0.051041666666666666 0.08148148148148149
0 0.475 0.33055555555555555 0.05 0.07962962962962963
0 0.8265625 0.32037037037037036 0.053125 0.06666666666666667
0 0.803125 0.4324074074074074 0.07083333333333333 0.10555555555555556
0 0.8942708333333333 0.29907407407407405 0.059375 0.06851851851851852
0 0.4510416666666667 0.2175925925925926 0.035416666666666666 0.05
0 0.9317708333333333 0.4425925925925926 0.08229166666666667 0.09259259259259259
0 0.7822916666666667 0.8175925925925925 0.11458333333333333 0.19444444444444445
