0 0.1421875 0.6166666666666667 0.171875 0.18888888888888888
0 0.21145833333333333 0.40925925925925927 0.11666666666666667 0.12222222222222222
0 0.8046875 0.2064814814814815 0.042708333333333334 0.05740740740740741
0 0.29010416666666666 0.31296296296296294 0.084375 0.08148148148148149
0 0.3927083333333333 0.32685185185185184 0.08125 0.09074074074074075
0 0.5479166666666667 0.2564814814814815 0.0625 0.06481481481481481
0 0.48333333333333334 0.2518518518518518 0.06875 0.07037037037037037
0 0.6401041666666667 0.34444444444444444 0.071875 0.08888888888888889
0 0.8359375 0.3685185185185185 0.06354166666666666 0.1111111111111111
0 0.6880208333333333 0.43333333333333335 0.08854166666666667 0.11481481481481481
2 0.41875 0.6462962962962963 0.17916666666666667 0.23333333333333334
0 0.5317708333333333 0.1537037037037037 0.042708333333333334 0.05185185185185185
