0 0.753125 0.7981481481481482 0.24166666666666667 0.3296296296296296
0 0.36770833333333336 0.3990740740740741 0.10208333333333333 0.13518518518518519
0 0.43802083333333336 0.32222222222222224 0.09270833333333334 0.1111111111111111
0 0.384375 0.14351851851851852 0.04583333333333333 0.053703703703703705
0 0.10208333333333333 0.4 0.06666666666666667 0.13333333333333333
0 0.6859375 0.1574074074074074 0.06770833333333333 0.06296296296296296
0 0.1171875 0.21481481481481482 0.046875 0.07777777777777778
2 0.24895833333333334 0.21203703703703702 0.05416666666666667 0.09814814814814815
0 0.7276041666666667 0.20185185185185187 0.08229166666666667 0.06666666666666667
0 0.7427083333333333 0.2675925925925926 0.11458333333333333 0.09814814814814815
