0 0.6453125 0.2037037037037037 0.03229166666666667 0.05185185185185185
0 0.7302083333333333 0.16944444444444445 0.03125 0.04259259259259259
0 0.7135416666666666 0.2324074074074074 0.035416666666666666 0.06111111111111111
0 0.6421875 0.2564814814814815 0.03854166666666667 0.06111111111111111
0 0.13958333333333334 0.5583333333333333 0.11458333333333333 0.1685185185185185
0 0.8026041666666667 0.175 0.036458333333333336 0.05
0 0.7802083333333333 0.23703703703703705 0.041666666666666664 0.05555555555555555
0 0.6661458333333333 0.3388888888888889 0.051041666666666666 0.07777777777777778
0 0.7630208333333334 0.32222222222222224 0.053125 0.07037037037037037
0 0.4041666666666667 0.3314814814814815 0.05416666666666667 0.07777777777777778
0 0.24322916666666666 0.31666666666666665 0.051041666666666666 0.08148148148148149
0 0.37864583333333335 0.25 0.040625 0.06296296296296296
0 0.49895833333333334 0.2851851851851852 0.041666666666666664 0.07037037037037037
0 0.8588541666666667 0.24722222222222223 0.04479166666666667 0.06111111111111111
0 0.7119791666666667 0.47962962962962963 0.06979166666666667 0.1111111111111111
0 0.3234375 0.22870370370370371 0.03854166666666667 0.05740740740740741
0 0.45260416666666664 0.22314814814814815 0.034375 0.05740740740740741
2 0.9015625 0.6055555555555555 0.09895833333333333 0.17777777777777778
