0 0.31145833333333334 0.24537037037037038 0.052083333333333336 0.07592592592592592
0 0.10104166666666667 0.8703703703703703 0.17708333333333334 0.21851851851851853
0 0.23229166666666667 0.5611111111111111 0.1 0.15925925925925927
0 0.3625 0.33425925925925926 0.0625 0.09814814814814815
0 0.39947916666666666 0.6314814814814815 0.10520833333333333 0.18518518518518517
1 0.3802083333333333 0.1685185185185185 0.06458333333333334 0.14074074074074075
0 0.44479166666666664 0.2564814814814815 0.04791666666666667 0.07962962962962963
0 0.4484375 0.35462962962962963 0.059375 0.10925925925925926
1 0.9145833333333333 0.5462962962962963 0.17083333333333334 0.5222222222222223
0 0.4869791666666667 0.20092592592592592 0.042708333333333334 0.06851851851851852
2 0.44635416666666666 0.1574074074074074 0.03854166666666667 0.1
