0 0.03958333333333333 0.6861111111111111 0.07708333333333334 0.14629629629629629
2 0.9604166666666667 0.15092592592592594 0.029166666666666667 0.06481481481481481
0 0.2390625 0.3296296296296296 0.084375 0.08888888888888889
0 0.22760416666666666 0.4425925925925926 0.12395833333333334 0.1259259259259259
0 0.42291666666666666 0.36018518518518516 0.10208333333333333 0.10925925925925926
0 0.8463541666666666 0.24814814814814815 0.04895833333333333 0.08518518518518518
0 0.38125 0.2361111111111111 0.06458333333333334 0.06481481481481481
0 0.4630208333333333 0.2175925925925926 0.06770833333333333 0.07962962962962963
0 0.7291666666666666 0.3851851851851852 0.07708333333333334 0.1111111111111111
2 0.5208333333333334 0.2074074074074074 0.06875 0.0962962962962963
