0 0.9046875 0.8416666666666667 0.190625 0.28703703703703703
0 0.5828125 0.1712962962962963 0.042708333333333334 0.06851851851851852
0 0.6614583333333334 0.19074074074074074 0.05 0.08888888888888889
0 0.5973958333333333 0.44351851851851853 0.09479166666666666 0.17222222222222222
0 0.7692708333333333 0.1425925925925926 0.042708333333333334 0.06666666666666667
0 0.5869791666666667 0.11851851851851852 0.03854166666666667 0.05555555555555555
0 0.6333333333333333 0.11666666666666667 0.03125 0.04814814814814815
0 0.8130208333333333 0.2740740740740741 0.08229166666666667 0.08888888888888889
0 0.5369791666666667 0.062037037037037036 0.021875 0.03518518518518519
0 0.5703125 0.06851851851851852 0.023958333333333335 0.03333333333333333
