0 0.6369791666666667 0.15092592592592594 0.036458333333333336 0.06481481481481481
0 0.7453125 0.2351851851851852 0.053125 0.08148148148148149
0 0.8755208333333333 0.6138888888888889 0.14895833333333333 0.18333333333333332
2 0.7494791666666667 0.8527777777777777 0.20104166666666667 0.29444444444444445
0 0.221875 0.7583333333333333 0.17083333333333334 0.2759259259259259
0 0.14739583333333334 0.6064814814814815 0.140625 0.20185185185185187
0 0.36875 0.38055555555555554 0.07708333333333334 0.11296296296296296
2 0.27708333333333335 0.3435185185185185 0.09583333333333334 0.19074074074074074
0 0.4322916666666667 0.26666666666666666 0.05416666666666667 0.09259259259259259
0 0.51875 0.22962962962962963 0.04583333333333333 0.07777777777777778
0 0.44583333333333336 0.18981481481481483 0.041666666666666664 0.06481481481481481
0 0.5098958333333333 0.13796296296296295 0.030208333333333334 0.046296296296296294
0 0.4739583333333333 0.11851851851851852 0.027083333333333334 0.04814814814814815
2 0.5197916666666667 0.10740740740740741 0.029166666666666667 0.05185185185185185
0 0.44895833333333335 0.10555555555555556 0.025 0.040740740740740744
