0 0.8703125 0.7268518518518519 0.228125 0.2574074074074074
2 0.26458333333333334 0.05 0.025 0.03333333333333333
0 0.25052083333333336 0.06296296296296296 0.03229166666666667 0.040740740740740744
0 0.296875 0.08796296296296297 0.03333333333333333 0.03518518518518519
0 0.22760416666666666 0.08148148148148149 0.028125 0.03333333333333333
0 0.13333333333333333 0.3101851851851852 0.06458333333333334 0.09444444444444444
0 0.3515625 0.2972222222222222 0.071875 0.09444444444444444
0 0.3640625 0.12222222222222222 0.04479166666666667 0.044444444444444446
0 0.4161458333333333 0.11388888888888889 0.04479166666666667 0.046296296296296294
0 0.3854166666666667 0.1527777777777778 0.05416666666666667 0.046296296296296294
0 0.44635416666666666 0.19907407407407407 0.059375 0.053703703703703705
0 0.12916666666666668 0.15185185185185185 0.03958333333333333 0.05185185185185185
2 0.049479166666666664 0.13796296296296295 0.034375 0.06111111111111111
2 0.5796875 0.1712962962962963 0.07395833333333333 0.07962962962962963
0 0.671875 0.17592592592592593 0.07083333333333333 0.06666666666666667
0 0.0765625 0.09259259259259259 0.028125 0.037037037037037035
2 0.8421875 0.28055555555555556 0.12395833333333334 0.10185185185185185
0 0.050520833333333334 0.07962962962962963 0.026041666666666668 0.03333333333333333
