0 0.17447916666666666 0.03611111111111111 0.028125 0.03518518518518519
0 0.33645833333333336 0.8555555555555555 0.15833333333333333 0.28888888888888886
0 0.303125 0.05648148148148148 0.035416666666666666 0.03148148148148148
0 0.25885416666666666 0.05925925925925926 0.028125 0.03333333333333333
0 0.25052083333333336 0.08518518518518518 0.034375 0.03333333333333333
0 0.3645833333333333 0.05648148148148148 0.0375 0.04259259259259259
0 0.39010416666666664 0.09259259259259259 0.04479166666666667 0.040740740740740744
2 0.321875 0.22870370370370371 0.075 0.10925925925925926
0 0.21458333333333332 0.2462962962962963 0.058333333333333334 0.08148148148148149
2 0.06875 0.2111111111111111 0.058333333333333334 0.1259259259259259
0 0.196875 0.13703703703703704 0.04791666666666667 0.07037037037037037
0 0.5083333333333333 0.10555555555555556 0.04791666666666667 0.04814814814814815
0 0.39739583333333334 0.16203703703703703 0.05520833333333333 0.046296296296296294
0 0.09427083333333333 0.12129629629629629 0.036458333333333336 0.06111111111111111
0 0.033854166666666664 0.39537037037037037 0.065625 0.12407407407407407
0 0.73125 0.2175925925925926 0.09375 0.07962962962962963
0 0.7135416666666666 0.26481481481481484 0.10416666666666667 0.08888888888888889
0 0.6921875 0.32314814814814813 0.109375 0.10185185185185185
