0 0.9536458333333333 0.32592592592592595 0.09270833333333334 0.13333333333333333
2 0.7765625 0.25555555555555554 0.13020833333333334 0.11851851851851852
0 0.5276041666666667 0.1824074074074074 0.071875 0.06481481481481481
0 0.4552083333333333 0.15833333333333333 0.052083333333333336 0.053703703703703705
0 0.5140625 0.22407407407407406 0.06979166666666667 0.07777777777777778
2 0.8265625 0.687037037037037 0.271875 0.337037037037037
0 0.5911458333333334 0.5231481481481481 0.15729166666666666 0.17222222222222222
1 0.3953125 0.2518518518518518 0.18229166666666666 0.2037037037037037
0 0.9526041666666667 0.49074074074074076 0.09479166666666666 0.17407407407407408
0 0.6453125 0.44351851851851853 0.16145833333333334 0.1425925925925926
0 0.43333333333333335 0.4101851851851852 0.1125 0.12407407407407407
2 0.8317708333333333 0.5148148148148148 0.17395833333333333 0.21481481481481482
0 0.9625 0.6564814814814814 0.075 0.15
0 0.8041666666666667 0.4148148148148148 0.16041666666666668 0.13333333333333333
0 0.6286458333333333 0.3296296296296296 0.11979166666666667 0.1037037037037037
0 0.29635416666666664 0.2898148148148148 0.06979166666666667 0.09814814814814815
0 0.359375 0.34629629629629627 0.07916666666666666 0.1
0 0.5161458333333333 0.27314814814814814 0.08229166666666667 0.09814814814814815
0 0.30052083333333335 0.22685185185185186 0.042708333333333334 0.053703703703703705
0 0.25885416666666666 0.2101851851851852 0.040625 0.05
0 0.24895833333333334 0.2601851851851852 0.04583333333333333 0.06851851851851852
