0 0.16875 0.22037037037037038 0.05416666666666667 0.044444444444444446
0 0.16979166666666667 0.25277777777777777 0.0625 0.053703703703703705
2 0.29270833333333335 0.19166666666666668 0.06041666666666667 0.05740740740740741
2 0.22291666666666668 0.20277777777777778 0.0625 0.06111111111111111
0 0.3203125 0.5842592592592593 0.153125 0.17592592592592593
0 0.4375 0.29074074074074074 0.08958333333333333 0.08148148148148149
0 0.3614583333333333 0.8398148148148148 0.25833333333333336 0.24259259259259258
0 0.6125 0.34444444444444444 0.10833333333333334 0.09259259259259259
0 0.06614583333333333 0.3111111111111111 0.078125 0.09259259259259259
3 0.9005208333333333 0.3472222222222222 0.19895833333333332 0.1685185185185185
