2 0.058854166666666666 0.6583333333333333 0.115625 0.22777777777777777
2 0.103125 0.4601851851851852 0.12708333333333333 0.14629629629629629
2 0.803125 0.20833333333333334 0.041666666666666664 0.06481481481481481
0 0.9057291666666667 0.21296296296296297 0.042708333333333334 0.07037037037037037
0 0.3692708333333333 0.33055555555555555 0.09270833333333334 0.09814814814814815
0 0.5203125 0.262037037037037 0.071875 0.08703703703703704
0 0.37864583333333335 0.2361111111111111 0.06979166666666667 0.07962962962962963
0 0.5890625 0.4166666666666667 0.09479166666666666 0.11481481481481481
0 0.7135416666666666 0.44907407407407407 0.09583333333333334 0.1388888888888889
2 0.5052083333333334 0.17314814814814813 0.06666666666666667 0.09444444444444444
0 0.5854166666666667 0.1712962962962963 0.04583333333333333 0.053703703703703705
0 0.6442708333333333 0.1675925925925926 0.042708333333333334 0.053703703703703705
