0 0.9052083333333333 0.31851851851851853 0.14791666666666667 0.13333333333333333
2 0.703125 0.24351851851851852 0.11458333333333333 0.10925925925925926
0 0.5166666666666667 0.19814814814814816 0.07291666666666667 0.07037037037037037
0 0.44895833333333335 0.17962962962962964 0.05416666666666667 0.05555555555555555
0 0.509375 0.23796296296296296 0.07083333333333333 0.07592592592592592
2 0.8234375 0.6935185185185185 0.271875 0.3277777777777778
0 0.5895833333333333 0.5333333333333333 0.15625 0.17037037037037037
1 0.3932291666666667 0.26296296296296295 0.18229166666666666 0.2037037037037037
0 0.95 0.49907407407407406 0.1 0.17222222222222222
0 0.6442708333333333 0.4527777777777778 0.16354166666666667 0.1425925925925926
0 0.43125 0.41944444444444445 0.11041666666666666 0.12407407407407407
2 0.8296875 0.5175925925925926 0.17604166666666668 0.20555555555555555
0 0.9625 0.6638888888888889 0.075 0.14629629629629629
0 0.8 0.41759259259259257 0.16041666666666668 0.12407407407407407
0 0.6265625 0.3398148148148148 0.121875 0.10925925925925926
0 0.29583333333333334 0.29814814814814816 0.06666666666666667 0.1
0 0.3572916666666667 0.3537037037037037 0.07708333333333334 0.0962962962962963
0 0.5151041666666667 0.2824074074074074 0.08020833333333334 0.09814814814814815
0 0.2989583333333333 0.23703703703703705 0.04375 0.05555555555555555
0 0.25677083333333334 0.21574074074074073 0.040625 0.05
0 0.24635416666666668 0.26666666666666666 0.046875 0.06666666666666667
