0 0.5239583333333333 0.8944444444444445 0.14375 0.2111111111111111
0 0.3328125 0.725 0.15104166666666666 0.3055555555555556
2 0.70625 0.3314814814814815 0.09166666666666666 0.2
0 0.8333333333333334 0.027777777777777776 0.04791666666666667 0.05185185185185185
0 0.7682291666666666 0.025 0.040625 0.046296296296296294
0 0.6526041666666667 0.09907407407407408 0.053125 0.09444444444444444
0 0.4203125 0.11944444444444445 0.057291666666666664 0.07592592592592592
0 0.5260416666666666 0.053703703703703705 0.03958333333333333 0.06666666666666667
0 0.590625 0.020370370370370372 0.03333333333333333 0.037037037037037035
2 0.6453125 0.010185185185185186 0.034375 0.016666666666666666
