0 0.9786458333333333 0.11666666666666667 0.042708333333333334 0.07037037037037037
0 0.12864583333333332 0.5611111111111111 0.19479166666666667 0.18518518518518517
0 0.11458333333333333 0.4287037037037037 0.15416666666666667 0.1425925925925926
2 0.058333333333333334 0.4064814814814815 0.11458333333333333 0.1425925925925926
0 0.9302083333333333 0.25555555555555554 0.11041666666666666 0.14074074074074075
0 0.7192708333333333 0.34814814814814815 0.13645833333333332 0.13333333333333333
0 0.4473958333333333 0.21666666666666667 0.10104166666666667 0.08888888888888889
0 0.6161458333333333 0.1925925925925926 0.10520833333333333 0.08888888888888889
0 0.58125 0.1814814814814815 0.09166666666666666 0.07777777777777778
0 0.6260416666666667 0.875 0.25 0.25
0 0.0953125 0.862037037037037 0.18854166666666666 0.20555555555555555
