0 0.040625 0.7166666666666667 0.07916666666666666 0.18888888888888888
0 0.6973958333333333 0.16296296296296298 0.028125 0.040740740740740744
0 0.6130208333333333 0.19814814814814816 0.03229166666666667 0.05185185185185185
0 0.721875 0.1925925925925926 0.03333333333333333 0.044444444444444446
0 0.6578125 0.1935185185185185 0.030208333333333334 0.046296296296296294
2 0.6255208333333333 0.25833333333333336 0.042708333333333334 0.07222222222222222
0 0.7682291666666666 0.18333333333333332 0.03229166666666667 0.044444444444444446
2 0.2786458333333333 0.24722222222222223 0.05520833333333333 0.10925925925925926
0 0.659375 0.4027777777777778 0.058333333333333334 0.09074074074074075
0 0.421875 0.25277777777777777 0.03958333333333333 0.06111111111111111
0 0.7677083333333333 0.41203703703703703 0.06666666666666667 0.10185185185185185
0 0.85 0.387037037037037 0.07083333333333333 0.09259259259259259
2 0.32395833333333335 0.20833333333333334 0.04375 0.09074074074074075
0 0.9036458333333334 0.31851851851851853 0.06354166666666666 0.07037037037037037
0 0.7104166666666667 0.675 0.10833333333333334 0.18333333333333332
