0 0.6119791666666666 0.10277777777777777 0.028125 0.046296296296296294
0 0.63125 0.16944444444444445 0.0375 0.053703703703703705
0 0.375 0.19537037037037036 0.05 0.06111111111111111
0 0.4588541666666667 0.16203703703703703 0.034375 0.05740740740740741
0 0.5140625 0.13425925925925927 0.03229166666666667 0.05
0 0.615625 0.2175925925925926 0.04791666666666667 0.07962962962962963
0 0.74375 0.3509259259259259 0.08125 0.11296296296296296
0 0.5005208333333333 0.08518518518518518 0.026041666666666668 0.040740740740740744
0 0.6682291666666667 0.44074074074074077 0.096875 0.15185185185185185
0 0.5260416666666666 0.09814814814814815 0.025 0.040740740740740744
2 0.4864583333333333 0.06481481481481481 0.027083333333333334 0.05555555555555555
0 0.8864583333333333 0.6074074074074074 0.15 0.21851851851851853
0 0.7348958333333333 0.7666666666666667 0.165625 0.2740740740740741
1 0.9135416666666667 0.3888888888888889 0.17291666666666666 0.3592592592592593
1 0.6989583333333333 0.2101851851851852 0.1 0.19814814814814816
1 0.14947916666666666 0.6888888888888889 0.296875 0.6
