0 0.10885416666666667 0.5796296296296296 0.11145833333333334 0.14814814814814814
0 0.0953125 0.862037037037037 0.15520833333333334 0.2351851851851852
0 0.70625 0.1712962962962963 0.029166666666666667 0.046296296296296294
0 0.6151041666666667 0.2111111111111111 0.03229166666666667 0.05185185185185185
0 0.7322916666666667 0.20462962962962963 0.035416666666666666 0.046296296296296294
0 0.6661458333333333 0.20925925925925926 0.034375 0.04814814814814815
2 0.6317708333333333 0.28703703703703703 0.04895833333333333 0.08148148148148149
0 0.784375 0.19814814814814816 0.035416666666666666 0.04814814814814815
2 0.30416666666666664 0.2212962962962963 0.04791666666666667 0.09814814814814815
0 0.671875 0.46574074074074073 0.06875 0.10555555555555556
0 0.4359375 0.21944444444444444 0.03229166666666667 0.053703703703703705
0 0.8010416666666667 0.48518518518518516 0.07916666666666666 0.1111111111111111
0 0.8921875 0.4444444444444444 0.08229166666666667 0.1037037037037037
2 0.34270833333333334 0.18888888888888888 0.041666666666666664 0.07777777777777778
0 0.9453125 0.3592592592592593 0.071875 0.07407407407407407
0 0.7510416666666667 0.8648148148148148 0.13541666666666666 0.22962962962962963
