2 0.33958333333333335 0.2601851851851852 0.12291666666666666 0.09444444444444444
0 0.6145833333333334 0.549074074074074 0.08958333333333333 0.16111111111111112
2 0.5885416666666666 0.2851851851851852 0.04375 0.11481481481481481
0 0.6854166666666667 0.287962962962963 0.05625 0.08703703703703704
0 0.8484375 0.262037037037037 0.05520833333333333 0.07222222222222222
0 0.8015625 0.15925925925925927 0.03854166666666667 0.04814814814814815
0 0.8052083333333333 0.18981481481481483 0.04791666666666667 0.05740740740740741
0 0.7557291666666667 0.16944444444444445 0.03854166666666667 0.046296296296296294
0 0.7567708333333333 0.13240740740740742 0.03229166666666667 0.04259259259259259
0 0.7317708333333334 0.14907407407407408 0.03229166666666667 0.04259259259259259
2 0.7109375 0.12037037037037036 0.028125 0.05185185185185185
0 0.8625 0.3055555555555556 0.06458333333333334 0.08518518518518518
0 0.6354166666666666 0.1935185185185185 0.035416666666666666 0.053703703703703705
0 0.5729166666666666 0.17407407407407408 0.03125 0.05185185185185185
0 0.6052083333333333 0.1388888888888889 0.029166666666666667 0.044444444444444446
0 0.5380208333333333 0.13148148148148148 0.023958333333333335 0.040740740740740744
1 0.8984375 0.1962962962962963 0.115625 0.14814814814814814
