2 0.6296875 0.20555555555555555 0.028125 0.05555555555555555
0 0.6854166666666667 0.20185185185185187 0.03125 0.044444444444444446
0 0.7291666666666666 0.18055555555555555 0.027083333333333334 0.03518518518518519
2 0.19895833333333332 0.6694444444444444 0.16458333333333333 0.3277777777777778
0 0.7005208333333334 0.23333333333333334 0.034375 0.04814814814814815
0 0.7661458333333333 0.16944444444444445 0.028125 0.03888888888888889
0 0.765625 0.2324074074074074 0.0375 0.046296296296296294
0 0.6484375 0.30277777777777776 0.042708333333333334 0.07592592592592592
0 0.45625 0.39814814814814814 0.06041666666666667 0.11851851851851852
0 0.3854166666666667 0.3888888888888889 0.05625 0.0962962962962963
0 0.29270833333333335 0.35555555555555557 0.06041666666666667 0.08148148148148149
0 0.4140625 0.325 0.046875 0.07222222222222222
0 0.3796875 0.2601851851851852 0.03854166666666667 0.05740740740740741
0 0.3572916666666667 0.22685185185185186 0.035416666666666666 0.046296296296296294
0 0.8171875 0.225 0.036458333333333336 0.053703703703703705
0 0.5140625 0.2574074074074074 0.034375 0.05555555555555555
2 0.4661458333333333 0.2101851851851852 0.026041666666666668 0.05740740740740741
0 0.9114583333333334 0.3148148148148148 0.06041666666666667 0.07037037037037037
0 0.89375 0.4 0.07291666666666667 0.0962962962962963
0 0.7427083333333333 0.6453703703703704 0.09166666666666666 0.15
0 0.5208333333333334 0.2074074074074074 0.027083333333333334 0.044444444444444446
0 0.9567708333333333 0.8083333333333333 0.08645833333333333 0.19444444444444445
0 0.30364583333333334 0.8870370370370371 0.146875 0.22592592592592592
