0 0.6192708333333333 0.1787037037037037 0.028125 0.04259259259259259
0 0.7161458333333334 0.17407407407407408 0.028125 0.040740740740740744
0 0.296875 0.5407407407407407 0.0875 0.14074074074074075
0 0.6802083333333333 0.20277777777777778 0.03333333333333333 0.06111111111111111
2 0.115625 0.5907407407407408 0.10208333333333333 0.18888888888888888
0 0.7557291666666667 0.2324074074074074 0.036458333333333336 0.05740740740740741
0 0.30625 0.36944444444444446 0.05625 0.07962962962962963
0 0.7244791666666667 0.2833333333333333 0.042708333333333334 0.06666666666666667
0 0.37864583333333335 0.2564814814814815 0.03854166666666667 0.05740740740740741
0 0.6760416666666667 0.37777777777777777 0.052083333333333336 0.08148148148148149
0 0.7838541666666666 0.41574074074074074 0.06770833333333333 0.09074074074074075
0 0.8541666666666666 0.3574074074074074 0.058333333333333334 0.08148148148148149
0 0.4552083333333333 0.23796296296296296 0.0375 0.06111111111111111
0 0.5145833333333333 0.23333333333333334 0.035416666666666666 0.05925925925925926
0 0.4375 0.18888888888888888 0.027083333333333334 0.044444444444444446
0 0.8989583333333333 0.30648148148148147 0.052083333333333336 0.06851851851851852
0 0.4739583333333333 0.20277777777777778 0.029166666666666667 0.046296296296296294
