2 0.134375 0.6305555555555555 0.125 0.2759259259259259
0 0.4546875 0.5314814814814814 0.134375 0.17777777777777778
0 0.3796875 0.10833333333333334 0.046875 0.053703703703703705
0 0.5088541666666667 0.1 0.04895833333333333 0.05185185185185185
0 0.5619791666666667 0.4444444444444444 0.12395833333333334 0.15185185185185185
0 0.2947916666666667 0.5527777777777778 0.1125 0.17592592592592593
0 0.4817708333333333 0.11666666666666667 0.04895833333333333 0.05185185185185185
0 0.3385416666666667 0.35185185185185186 0.0875 0.11851851851851852
0 0.40572916666666664 0.1537037037037037 0.06145833333333333 0.05925925925925926
0 0.4453125 0.13425925925925927 0.053125 0.05740740740740741
0 0.16875 0.3611111111111111 0.0875 0.14814814814814814
0 0.15208333333333332 0.26666666666666666 0.058333333333333334 0.07777777777777778
0 0.2828125 0.2101851851851852 0.057291666666666664 0.07962962962962963
0 0.7411458333333333 0.2574074074074074 0.09895833333333333 0.08518518518518518
0 0.7375 0.3314814814814815 0.11875 0.1037037037037037
