0 0.8541666666666666 0.23981481481481481 0.08958333333333333 0.09444444444444444
0 0.2546875 0.35 0.08020833333333334 0.05925925925925926
0 0.6765625 0.40555555555555556 0.128125 0.14444444444444443
0 0.215625 0.4111111111111111 0.0875 0.08518518518518518
0 0.38177083333333334 0.3638888888888889 0.08229166666666667 0.06481481481481481
0 0.728125 0.20462962962962963 0.058333333333333334 0.06111111111111111
0 0.4328125 0.29907407407407405 0.06145833333333333 0.06481481481481481
0 0.44635416666666666 0.2564814814814815 0.059375 0.046296296296296294
0 0.540625 0.2518518518518518 0.075 0.08148148148148149
0 0.10364583333333334 0.9212962962962963 0.20520833333333333 0.1574074074074074
