0 0.2484375 0.17685185185185184 0.030208333333333334 0.04259259259259259
0 0.4942708333333333 0.8555555555555555 0.246875 0.28888888888888886
0 0.25052083333333336 0.4787037037037037 0.09895833333333333 0.1388888888888889
0 0.3458333333333333 0.21944444444444444 0.06041666666666667 0.06851851851851852
0 0.203125 0.2175925925925926 0.041666666666666664 0.046296296296296294
0 0.14635416666666667 0.31851851851851853 0.053125 0.07407407407407407
1 0.03854166666666667 0.2972222222222222 0.075 0.1685185185185185
0 0.565625 0.3398148148148148 0.12916666666666668 0.09814814814814815
0 0.15104166666666666 0.25833333333333336 0.04583333333333333 0.05740740740740741
0 0.08072916666666667 0.26666666666666666 0.03854166666666667 0.05555555555555555
