0 0.28072916666666664 0.05 0.034375 0.03333333333333333
0 0.23489583333333333 0.05277777777777778 0.028125 0.03888888888888889
0 0.22552083333333334 0.06851851851851852 0.034375 0.03333333333333333
0 0.33489583333333334 0.04722222222222222 0.03229166666666667 0.03518518518518519
0 0.35833333333333334 0.07592592592592592 0.03958333333333333 0.040740740740740744
2 0.3859375 0.2796296296296296 0.09479166666666666 0.13703703703703704
0 0.2578125 0.2962962962962963 0.071875 0.1037037037037037
2 0.0828125 0.25 0.06979166666666667 0.14444444444444443
0 0.225 0.16018518518518518 0.052083333333333336 0.07222222222222222
0 0.46145833333333336 0.09166666666666666 0.04583333333333333 0.046296296296296294
0 0.35052083333333334 0.1361111111111111 0.04479166666666667 0.04259259259259259
0 0.11145833333333334 0.14166666666666666 0.041666666666666664 0.06481481481481481
0 0.06614583333333333 0.5175925925925926 0.090625 0.16111111111111112
0 0.6447916666666667 0.17685185185185184 0.075 0.06851851851851852
0 0.6104166666666667 0.21296296296296297 0.07916666666666666 0.08148148148148149
0 0.5880208333333333 0.2611111111111111 0.084375 0.07777777777777778
0 0.057291666666666664 0.07685185185185185 0.03125 0.03888888888888889
