0 0.05520833333333333 0.7222222222222222 0.10833333333333334 0.1925925925925926
0 0.17083333333333334 0.4166666666666667 0.07291666666666667 0.09259259259259259
0 0.6447916666666667 0.2916666666666667 0.04375 0.06481481481481481
0 0.728125 0.3074074074074074 0.04791666666666667 0.07037037037037037
0 0.7890625 0.2574074074074074 0.03854166666666667 0.05925925925925926
0 0.6708333333333333 0.39537037037037037 0.05625 0.08703703703703704
0 0.4401041666666667 0.26296296296296295 0.040625 0.06296296296296296
0 0.8010416666666667 0.462037037037037 0.08541666666666667 0.11666666666666667
0 0.4171875 0.2 0.028125 0.040740740740740744
0 0.8901041666666667 0.2962962962962963 0.053125 0.06666666666666667
0 0.3645833333333333 0.19722222222222222 0.035416666666666666 0.05
0 0.51875 0.19722222222222222 0.027083333333333334 0.04259259259259259
0 0.4354166666666667 0.17037037037037037 0.027083333333333334 0.040740740740740744
