0 0.6989583333333333 0.022222222222222223 0.01875 0.040740740740740744
0 0.16927083333333334 0.47685185185185186 0.11770833333333333 0.1574074074074074
0 0.7270833333333333 0.03148148148148148 0.025 0.022222222222222223
0 0.7213541666666666 0.014814814814814815 0.019791666666666666 0.025925925925925925
0 0.31614583333333335 0.3138888888888889 0.06354166666666666 0.10555555555555556
0 0.7260416666666667 0.05925925925925926 0.025 0.040740740740740744
0 0.765625 0.04351851851851852 0.025 0.024074074074074074
0 0.7614583333333333 0.0712962962962963 0.025 0.03888888888888889
2 0.6796875 0.041666666666666664 0.021875 0.04259259259259259
0 0.7916666666666666 0.05740740740740741 0.03125 0.044444444444444446
0 0.6598958333333333 0.15555555555555556 0.042708333333333334 0.07037037037037037
0 0.6041666666666666 0.10925925925925926 0.03125 0.05555555555555555
0 0.76875 0.10092592592592593 0.03958333333333333 0.053703703703703705
0 0.8171875 0.11481481481481481 0.046875 0.04814814814814815
0 0.8229166666666666 0.1425925925925926 0.05 0.05555555555555555
0 0.8796875 0.11574074074074074 0.06770833333333333 0.06481481481481481
0 0.5875 0.03333333333333333 0.020833333333333332 0.03333333333333333
0 0.6166666666666667 0.018518518518518517 0.020833333333333332 0.03333333333333333
0 0.54375 0.03148148148148148 0.01875 0.02962962962962963
1 0.5317708333333333 0.15555555555555556 0.08020833333333334 0.17777777777777778
