0 0.2515625 0.3138888888888889 0.090625 0.07962962962962963
1 0.07395833333333333 0.6157407407407407 0.14583333333333334 0.4759259259259259
0 0.24739583333333334 0.42685185185185187 0.084375 0.11666666666666667
0 0.37395833333333334 0.43425925925925923 0.07083333333333333 0.12037037037037036
0 0.38385416666666666 0.6074074074074074 0.11354166666666667 0.1814814814814815
0 0.315625 0.24537037037037038 0.052083333333333336 0.06851851851851852
0 0.3703125 0.20185185185185187 0.040625 0.05555555555555555
0 0.5875 0.2796296296296296 0.04583333333333333 0.07777777777777778
0 0.4348958333333333 0.20462962962962963 0.036458333333333336 0.053703703703703705
0 0.4578125 0.16296296296296298 0.030208333333333334 0.04814814814814815
0 0.6734375 0.5314814814814814 0.09895833333333333 0.17407407407407408
0 0.40208333333333335 0.15925925925925927 0.029166666666666667 0.044444444444444446
