2 0.9203125 0.7796296296296297 0.159375 0.3111111111111111
0 0.19427083333333334 0.04722222222222222 0.026041666666666668 0.03148148148148148
0 0.3609375 0.07407407407407407 0.040625 0.044444444444444446
0 0.30520833333333336 0.10648148148148148 0.04791666666666667 0.046296296296296294
0 0.2953125 0.07407407407407407 0.040625 0.040740740740740744
2 0.303125 0.22407407407407406 0.06458333333333334 0.10740740740740741
0 0.16927083333333334 0.2037037037037037 0.04895833333333333 0.07407407407407407
0 0.0890625 0.2351851851851852 0.05520833333333333 0.07777777777777778
0 0.4546875 0.10925925925925926 0.04895833333333333 0.05555555555555555
0 0.20572916666666666 0.15 0.04479166666666667 0.05925925925925926
0 0.13177083333333334 0.1425925925925926 0.040625 0.05185185185185185
0 0.46197916666666666 0.1787037037037037 0.065625 0.05
0 0.525 0.17037037037037037 0.07291666666666667 0.06666666666666667
0 0.6786458333333333 0.16574074074074074 0.071875 0.06851851851851852
0 0.04114583333333333 0.1111111111111111 0.03229166666666667 0.044444444444444446
0 0.7921875 0.36018518518518516 0.140625 0.10555555555555556
