0 0.6203125 0.1814814814814815 0.030208333333333334 0.04814814814814815
2 0.240625 0.6388888888888888 0.10208333333333333 0.2111111111111111
2 0.27291666666666664 0.3787037037037037 0.058333333333333334 0.09814814814814815
0 0.20052083333333334 0.36018518518518516 0.06145833333333333 0.09074074074074075
0 0.7052083333333333 0.2361111111111111 0.0375 0.06481481481481481
0 0.37447916666666664 0.3972222222222222 0.059375 0.09444444444444444
0 0.35885416666666664 0.2712962962962963 0.040625 0.05740740740740741
0 0.7796875 0.19722222222222222 0.034375 0.053703703703703705
2 0.28802083333333334 0.2675925925925926 0.040625 0.07592592592592592
0 0.41510416666666666 0.27685185185185185 0.04479166666666667 0.06851851851851852
0 0.659375 0.3472222222222222 0.04791666666666667 0.07592592592592592
0 0.5109375 0.21203703703703702 0.03229166666666667 0.05
2 0.4546875 0.1935185185185185 0.03854166666666667 0.08703703703703704
