0 0.08958333333333333 0.55 0.10625 0.14444444444444443
0 0.42135416666666664 0.5101851851851852 0.084375 0.1685185185185185
2 0.6838541666666667 0.18888888888888888 0.034375 0.06296296296296296
0 0.3572916666666667 0.39814814814814814 0.06041666666666667 0.0962962962962963
0 0.7359375 0.3 0.04895833333333333 0.07407407407407407
0 0.47552083333333334 0.3277777777777778 0.04895833333333333 0.08148148148148149
2 0.4375 0.24444444444444444 0.041666666666666664 0.07407407407407407
0 0.6765625 0.38796296296296295 0.057291666666666664 0.08333333333333333
0 0.3828125 0.2212962962962963 0.036458333333333336 0.05
0 0.853125 0.4166666666666667 0.075 0.10740740740740741
2 0.9395833333333333 0.3194444444444444 0.07291666666666667 0.09444444444444444
