0 0.6796875 0.16203703703703703 0.03229166666666667 0.05
2 0.09010416666666667 0.8638888888888889 0.15520833333333334 0.2722222222222222
0 0.409375 0.5675925925925925 0.08958333333333333 0.17222222222222222
0 0.6286458333333333 0.2111111111111111 0.034375 0.05555555555555555
0 0.2734375 0.36944444444444446 0.065625 0.08703703703703704
0 0.36770833333333336 0.3888888888888889 0.0625 0.0962962962962963
0 0.484375 0.32314814814814813 0.04583333333333333 0.07962962962962963
0 0.7536458333333333 0.1574074074074074 0.028125 0.040740740740740744
0 0.33125 0.2972222222222222 0.04791666666666667 0.06481481481481481
0 0.3953125 0.30462962962962964 0.04479166666666667 0.07222222222222222
0 0.65 0.3 0.04583333333333333 0.08148148148148149
0 0.7463541666666667 0.33055555555555555 0.053125 0.09444444444444444
0 0.4984375 0.23796296296296296 0.034375 0.05740740740740741
0 0.7276041666666667 0.6240740740740741 0.10729166666666666 0.1925925925925926
0 0.9020833333333333 0.4185185185185185 0.075 0.1
0 0.4973958333333333 0.18981481481481483 0.028125 0.046296296296296294
3 0.44895833333333335 0.18611111111111112 0.035416666666666666 0.09814814814814815
0 0.4078125 0.1824074074074074 0.03229166666666667 0.046296296296296294
