0 0.6104166666666667 0.08888888888888889 0.027083333333333334 0.044444444444444446
0 0.625 0.14166666666666666 0.027083333333333334 0.046296296296296294
0 0.35104166666666664 0.2074074074074074 0.058333333333333334 0.06296296296296296
0 0.446875 0.18518518518518517 0.0375 0.06296296296296296
0 0.5083333333333333 0.16203703703703703 0.035416666666666666 0.05740740740740741
0 0.6135416666666667 0.17962962962962964 0.0375 0.06666666666666667
0 0.7239583333333334 0.3055555555555556 0.07291666666666667 0.1037037037037037
0 0.4984375 0.09166666666666666 0.026041666666666668 0.04259259259259259
0 0.6453125 0.35185185185185186 0.07604166666666666 0.11851851851851852
0 0.5223958333333333 0.11944444444444445 0.028125 0.05
2 0.4791666666666667 0.07777777777777778 0.027083333333333334 0.05185185185185185
0 0.8208333333333333 0.4898148148148148 0.12083333333333333 0.17962962962962964
0 0.6817708333333333 0.5407407407407407 0.11354166666666667 0.1962962962962963
0 0.5276041666666667 0.08425925925925926 0.019791666666666666 0.03148148148148148
1 0.9057291666666667 0.35555555555555557 0.18854166666666666 0.3296296296296296
1 0.6817708333333333 0.18611111111111112 0.09270833333333334 0.17962962962962964
1 0.05416666666666667 0.8722222222222222 0.10625 0.25555555555555554
