2 0.09791666666666667 0.8148148148148148 0.15625 0.3111111111111111
2 0.05677083333333333 0.5907407407407408 0.11145833333333334 0.22592592592592592
0 0.2947916666666667 0.9083333333333333 0.15416666666666667 0.1574074074074074
2 0.6546875 0.2111111111111111 0.03229166666666667 0.06666666666666667
0 0.4114583333333333 0.4787037037037037 0.07291666666666667 0.13518518518518519
0 0.7515625 0.2675925925925926 0.046875 0.06851851851851852
0 0.821875 0.17592592592592593 0.035416666666666666 0.044444444444444446
0 0.37916666666666665 0.30833333333333335 0.06041666666666667 0.09814814814814815
0 0.6796875 0.35648148148148145 0.06354166666666666 0.09814814814814815
0 0.48802083333333335 0.23703703703703705 0.04479166666666667 0.07407407407407407
2 0.8838541666666667 0.3287037037037037 0.06145833333333333 0.10555555555555556
0 0.8864583333333333 0.549074074074074 0.10208333333333333 0.14629629629629629
0 0.3723958333333333 0.20555555555555555 0.03854166666666667 0.05555555555555555
