2 0.6520833333333333 0.20462962962962963 0.03958333333333333 0.06851851851851852
0 0.7145833333333333 0.20925925925925926 0.041666666666666664 0.06296296296296296
0 0.075 0.6212962962962963 0.11666666666666667 0.1574074074074074
0 0.7614583333333333 0.18796296296296297 0.0375 0.05
0 0.2390625 0.6 0.115625 0.16666666666666666
0 0.40677083333333336 0.5296296296296297 0.08645833333333333 0.15925925925925927
0 0.6796875 0.29907407407407405 0.05520833333333333 0.08703703703703704
0 0.3619791666666667 0.3814814814814815 0.06979166666666667 0.11851851851851852
0 0.8515625 0.21203703703703702 0.04895833333333333 0.06111111111111111
0 0.8348958333333333 0.44351851851851853 0.09270833333333334 0.1388888888888889
0 0.7890625 0.587037037037037 0.10104166666666667 0.15925925925925927
2 0.44583333333333336 0.18796296296296297 0.03333333333333333 0.06851851851851852
0 0.9609375 0.32592592592592595 0.078125 0.08518518518518518
0 0.20833333333333334 0.30092592592592593 0.06041666666666667 0.08703703703703704
