0 0.6203125 0.18611111111111112 0.030208333333333334 0.046296296296296294
0 0.6713541666666667 0.1685185185185185 0.028125 0.040740740740740744
0 0.646875 0.2222222222222222 0.03125 0.05555555555555555
0 0.7098958333333333 0.25925925925925924 0.040625 0.05925925925925926
2 0.7635416666666667 0.2351851851851852 0.03958333333333333 0.06666666666666667
0 0.7838541666666666 0.18703703703703703 0.03229166666666667 0.044444444444444446
0 0.6645833333333333 0.3194444444444444 0.04791666666666667 0.07592592592592592
0 0.3203125 0.3212962962962963 0.053125 0.09074074074074075
0 0.1984375 0.3824074074074074 0.065625 0.08703703703703704
0 0.803125 0.22037037037037038 0.035416666666666666 0.05555555555555555
0 0.765625 0.36018518518518516 0.06041666666666667 0.08703703703703704
0 0.6854166666666667 0.3888888888888889 0.0625 0.1
0 0.3953125 0.2564814814814815 0.03854166666666667 0.06111111111111111
0 0.5098958333333333 0.2537037037037037 0.034375 0.06296296296296296
0 0.31302083333333336 0.2518518518518518 0.042708333333333334 0.07037037037037037
0 0.8505208333333333 0.2675925925925926 0.04479166666666667 0.06481481481481481
0 0.8760416666666667 0.36944444444444446 0.0625 0.07962962962962963
2 0.878125 0.2851851851851852 0.058333333333333334 0.08148148148148149
0 0.7380208333333333 0.6601851851851852 0.10520833333333333 0.1648148148148148
0 0.95625 0.5046296296296297 0.0875 0.12777777777777777
