0 0.2552083333333333 0.032407407407407406 0.029166666666666667 0.03148148148148148
2 0.3572916666666667 0.8555555555555555 0.2520833333333333 0.28888888888888886
0 0.5260416666666666 0.40370370370370373 0.13541666666666666 0.17407407407407408
0 0.3072916666666667 0.03425925925925926 0.03125 0.03518518518518519
0 0.2140625 0.06296296296296296 0.034375 0.037037037037037035
0 0.29010416666666666 0.3351851851851852 0.090625 0.13703703703703704
0 0.3958333333333333 0.08518518518518518 0.041666666666666664 0.05185185185185185
0 0.33177083333333335 0.08333333333333333 0.040625 0.04814814814814815
0 0.32083333333333336 0.1111111111111111 0.04375 0.044444444444444446
0 0.14010416666666667 0.15833333333333333 0.051041666666666666 0.06481481481481481
0 0.6359375 0.18055555555555555 0.07395833333333333 0.07592592592592592
0 0.7140625 0.2740740740740741 0.10729166666666666 0.08888888888888889
1 0.8682291666666667 0.17037037037037037 0.2635416666666667 0.2111111111111111
2 0.11666666666666667 0.0712962962962963 0.035416666666666666 0.05
