0 0.07239583333333334 0.899074074074074 0.14270833333333333 0.20185185185185187
0 0.5140625 0.6046296296296296 0.10729166666666666 0.2388888888888889
0 0.5635416666666667 0.34074074074074073 0.06875 0.14074074074074075
0 0.7260416666666667 0.43148148148148147 0.10416666666666667 0.17407407407407408
0 0.4703125 0.2361111111111111 0.065625 0.11296296296296296
0 0.8541666666666666 0.012962962962962963 0.0375 0.022222222222222223
0 0.778125 0.03981481481481482 0.052083333333333336 0.05740740740740741
0 0.8385416666666666 0.040740740740740744 0.06041666666666667 0.05925925925925926
2 0.6666666666666666 0.11574074074074074 0.05625 0.10925925925925926
0 0.89375 0.10648148148148148 0.06666666666666667 0.06481481481481481
0 0.8421875 0.13333333333333333 0.06770833333333333 0.07777777777777778
0 0.6427083333333333 0.018518518518518517 0.03958333333333333 0.03333333333333333
0 0.47604166666666664 0.013888888888888888 0.035416666666666666 0.024074074074074074
