0 0.7661458333333333 0.325 0.109375 0.11666666666666667
0 0.953125 0.26481481481481484 0.09375 0.1
0 0.39895833333333336 0.25555555555555554 0.06875 0.05555555555555555
0 0.5348958333333333 0.5388888888888889 0.16145833333333334 0.17037037037037037
0 0.415625 0.27870370370370373 0.06875 0.07222222222222222
0 0.5333333333333333 0.25833333333333336 0.06458333333333334 0.06111111111111111
0 0.61875 0.2898148148148148 0.07083333333333333 0.06111111111111111
0 0.5666666666666667 0.2064814814814815 0.06666666666666667 0.06481481481481481
0 0.58125 0.16296296296296298 0.052083333333333336 0.04814814814814815
0 0.6572916666666667 0.1712962962962963 0.06666666666666667 0.06111111111111111
