0 0.5057291666666667 0.5796296296296296 0.109375 0.1962962962962963
0 0.5489583333333333 0.3527777777777778 0.0625 0.10925925925925926
0 0.4734375 0.3314814814814815 0.059375 0.09259259259259259
0 0.6630208333333333 0.4203703703703704 0.07395833333333333 0.13703703703703704
0 0.5744791666666667 0.24722222222222223 0.04479166666666667 0.07222222222222222
0 0.6442708333333333 0.25277777777777777 0.04479166666666667 0.07592592592592592
0 0.596875 0.18981481481481483 0.0375 0.06481481481481481
0 0.9276041666666667 0.3527777777777778 0.08854166666666667 0.10925925925925926
0 0.5989583333333334 0.15 0.03125 0.04814814814814815
0 0.6473958333333333 0.14814814814814814 0.028125 0.04814814814814815
1 0.490625 0.1787037037037037 0.12916666666666668 0.1574074074074074
