0 0.6291666666666667 0.1287037037037037 0.029166666666666667 0.03518518518518519
0 0.6338541666666667 0.17037037037037037 0.040625 0.05925925925925926
0 0.6260416666666667 0.2222222222222222 0.04791666666666667 0.06666666666666667
0 0.3390625 0.6407407407407407 0.12395833333333334 0.1925925925925926
0 0.4505208333333333 0.21666666666666667 0.04479166666666667 0.06666666666666667
0 0.5098958333333333 0.23425925925925925 0.04479166666666667 0.07592592592592592
2 0.5010416666666667 0.10648148148148148 0.022916666666666665 0.05
1 0.9369791666666667 0.4527777777777778 0.12604166666666666 0.3907407407407407
1 0.9526041666666667 0.7768518518518519 0.09479166666666666 0.4203703703703704
1 0.44895833333333335 0.0962962962962963 0.04375 0.08888888888888889
