0 0.3359375 0.22314814814814815 0.04895833333333333 0.07592592592592592
0 0.48541666666666666 0.4361111111111111 0.09166666666666666 0.17962962962962964
2 0.3333333333333333 0.3768518518518518 0.09791666666666667 0.20185185185185187
0 0.6442708333333333 0.13703703703703704 0.03229166666666667 0.05555555555555555
0 0.5796875 0.10648148148148148 0.030208333333333334 0.053703703703703705
0 0.7 0.19074074074074074 0.04583333333333333 0.07037037037037037
0 0.7 0.23796296296296296 0.058333333333333334 0.09074074074074075
0 0.43802083333333336 0.2518518518518518 0.051041666666666666 0.07407407407407407
0 0.3885416666666667 0.2324074074074074 0.04375 0.07592592592592592
0 0.51875 0.15462962962962962 0.03333333333333333 0.05
0 0.7703125 0.32222222222222224 0.06770833333333333 0.1111111111111111
0 0.45625 0.14444444444444443 0.035416666666666666 0.04814814814814815
0 0.4942708333333333 0.09814814814814815 0.023958333333333335 0.040740740740740744
0 0.5317708333333333 0.12037037037037036 0.028125 0.044444444444444446
0 0.8953125 0.675 0.159375 0.21296296296296297
1 0.7057291666666666 0.1175925925925926 0.06770833333333333 0.11296296296296296
1 0.625 0.0824074074074074 0.04375 0.09814814814814815
