0 0.4119791666666667 0.7888888888888889 0.16770833333333332 0.3148148148148148
0 0.4328125 0.09537037037037037 0.036458333333333336 0.04259259259259259
0 0.4828125 0.125 0.04895833333333333 0.05
0 0.35208333333333336 0.13703703703703704 0.03958333333333333 0.044444444444444446
0 0.5963541666666666 0.4666666666666667 0.12604166666666666 0.15925925925925927
2 0.4234375 0.4287037037037037 0.13020833333333334 0.2351851851851852
0 0.228125 0.2361111111111111 0.052083333333333336 0.07592592592592592
0 0.296875 0.20555555555555555 0.05416666666666667 0.06666666666666667
0 0.6838541666666667 0.19074074074074074 0.08229166666666667 0.08888888888888889
0 0.16041666666666668 0.15555555555555556 0.03958333333333333 0.05925925925925926
