0 0.41822916666666665 0.7759259259259259 0.171875 0.24074074074074073
0 0.2140625 0.06111111111111111 0.034375 0.03333333333333333
0 0.28541666666666665 0.07222222222222222 0.0375 0.037037037037037035
0 0.32916666666666666 0.3787037037037037 0.08958333333333333 0.11666666666666667
0 0.2838541666666667 0.09351851851851851 0.030208333333333334 0.03518518518518519
0 0.15833333333333333 0.19722222222222222 0.04791666666666667 0.07592592592592592
0 0.359375 0.1361111111111111 0.04583333333333333 0.05
0 0.42135416666666664 0.13055555555555556 0.046875 0.053703703703703705
0 0.471875 0.12314814814814815 0.052083333333333336 0.05740740740740741
0 0.503125 0.10555555555555556 0.05 0.04814814814814815
1 0.10520833333333333 0.10648148148148148 0.07708333333333334 0.13148148148148148
0 0.19114583333333332 0.13240740740740742 0.04479166666666667 0.053703703703703705
2 0.6317708333333333 0.17777777777777778 0.08229166666666667 0.08148148148148149
0 0.034895833333333334 0.1638888888888889 0.042708333333333334 0.06111111111111111
0 0.5994791666666667 0.2611111111111111 0.09270833333333334 0.07777777777777778
0 0.6911458333333333 0.2537037037037037 0.09895833333333333 0.08888888888888889
