0 0.68125 0.23055555555555557 0.052083333333333336 0.08333333333333333
0 0.6614583333333334 0.17592592592592593 0.035416666666666666 0.05925925925925926
0 0.6348958333333333 0.12962962962962962 0.034375 0.05185185185185185
2 0.753125 0.34444444444444444 0.0875 0.14814814814814814
0 0.1421875 0.9222222222222223 0.196875 0.15555555555555556
0 0.3854166666666667 0.4027777777777778 0.07708333333333334 0.14629629629629629
0 0.2989583333333333 0.35555555555555557 0.06458333333333334 0.1111111111111111
0 0.39375 0.31203703703703706 0.0625 0.08703703703703704
0 0.4484375 0.20277777777777778 0.03854166666666667 0.07222222222222222
0 0.4203125 0.16666666666666666 0.03229166666666667 0.06296296296296296
0 0.4739583333333333 0.14814814814814814 0.03333333333333333 0.044444444444444446
0 0.5234375 0.14907407407407408 0.034375 0.053703703703703705
