0 0.05364583333333333 0.5120370370370371 0.10520833333333333 0.12777777777777777
0 0.8921875 0.1925925925925926 0.036458333333333336 0.06296296296296296
0 0.22604166666666667 0.44166666666666665 0.125 0.13148148148148148
0 0.278125 0.4722222222222222 0.14583333333333334 0.1814814814814815
0 0.8015625 0.2324074074074074 0.05520833333333333 0.08703703703703704
0 0.1859375 0.362962962962963 0.10104166666666667 0.0962962962962963
0 0.734375 0.225 0.05416666666666667 0.07592592592592592
2 0.8536458333333333 0.36666666666666664 0.059375 0.1259259259259259
2 0.9770833333333333 0.32037037037037036 0.04583333333333333 0.11481481481481481
0 0.5125 0.24166666666666667 0.06458333333333334 0.07592592592592592
0 0.47291666666666665 0.17685185185185184 0.052083333333333336 0.05740740740740741
0 0.5833333333333334 0.41759259259259257 0.09583333333333334 0.11666666666666667
