0 0.31197916666666664 0.2222222222222222 0.053125 0.07777777777777778
1 0.12604166666666666 0.4648148148148148 0.25 0.4111111111111111
1 0.9145833333333333 0.5462962962962963 0.17083333333333334 0.5222222222222223
2 0.10989583333333333 0.774074074074074 0.21770833333333334 0.3962962962962963
0 0.24635416666666668 0.2824074074074074 0.08854166666666667 0.08333333333333333
0 0.43385416666666665 0.3574074074074074 0.065625 0.11481481481481481
0 0.40572916666666664 0.19444444444444445 0.03854166666666667 0.06666666666666667
0 0.42083333333333334 0.21388888888888888 0.04583333333333333 0.08703703703703704
0 0.434375 0.27037037037037037 0.05625 0.09259259259259259
0 0.43385416666666665 0.16666666666666666 0.036458333333333336 0.06296296296296296
