0 0.278125 0.31851851851851853 0.05625 0.10740740740740741
1 0.07447916666666667 0.5833333333333334 0.146875 0.4925925925925926
1 0.9130208333333333 0.5055555555555555 0.17395833333333333 0.5
0 0.11979166666666667 0.8518518518518519 0.19375 0.24814814814814815
0 0.2671875 0.5064814814814815 0.103125 0.1648148148148148
0 0.34479166666666666 0.37592592592592594 0.0875 0.1259259259259259
0 0.4270833333333333 0.4981481481481482 0.09166666666666666 0.17037037037037037
0 0.6463541666666667 0.17685185185185184 0.040625 0.07592592592592592
0 0.3375 0.20092592592592592 0.052083333333333336 0.07962962962962963
2 0.48072916666666665 0.1574074074074074 0.034375 0.07777777777777778
