0 0.20104166666666667 0.8592592592592593 0.14791666666666667 0.2814814814814815
0 0.6442708333333333 0.7333333333333333 0.19479166666666667 0.24814814814814815
0 0.37447916666666664 0.14351851851851852 0.051041666666666666 0.05740740740740741
2 0.0734375 0.41574074074074074 0.084375 0.17962962962962964
0 0.3026041666666667 0.3509259259259259 0.08645833333333333 0.12037037037037036
0 0.4895833333333333 0.11944444444444445 0.05 0.053703703703703705
0 0.4583333333333333 0.14629629629629629 0.058333333333333334 0.06296296296296296
0 0.5963541666666666 0.13148148148148148 0.059375 0.05185185185185185
0 0.3854166666666667 0.29444444444444445 0.08125 0.1037037037037037
0 0.17760416666666667 0.33796296296296297 0.06770833333333333 0.10555555555555556
0 0.58125 0.1574074074074074 0.058333333333333334 0.06296296296296296
0 0.24322916666666666 0.2518518518518518 0.059375 0.08888888888888889
0 0.515625 0.21203703703703702 0.07708333333333334 0.07222222222222222
0 0.5541666666666667 0.1814814814814815 0.06041666666666667 0.06296296296296296
0 0.103125 0.2518518518518518 0.06458333333333334 0.1
0 0.10416666666666667 0.19537037037037036 0.04583333333333333 0.07222222222222222
0 0.21927083333333333 0.1537037037037037 0.042708333333333334 0.06296296296296296
