0 0.334375 0.22962962962962963 0.05 0.06666666666666667
0 0.4578125 0.6222222222222222 0.13020833333333334 0.27037037037037037
2 0.26145833333333335 0.5333333333333333 0.14583333333333334 0.28888888888888886
0 0.6390625 0.12962962962962962 0.030208333333333334 0.05185185185185185
0 0.5776041666666667 0.10185185185185185 0.026041666666666668 0.040740740740740744
0 0.6927083333333334 0.16944444444444445 0.035416666666666666 0.06111111111111111
0 0.6859375 0.21944444444444444 0.053125 0.08333333333333333
0 0.41302083333333334 0.32037037037037036 0.06354166666666666 0.09259259259259259
0 0.3494791666666667 0.3 0.06145833333333333 0.08888888888888889
0 0.5135416666666667 0.1824074074074074 0.0375 0.05740740740740741
0 0.7578125 0.2740740740740741 0.059375 0.08518518518518518
0 0.44947916666666665 0.17314814814814813 0.036458333333333336 0.053703703703703705
0 0.4869791666666667 0.10833333333333334 0.026041666666666668 0.04259259259259259
0 0.5291666666666667 0.1361111111111111 0.03125 0.04259259259259259
0 0.8166666666666667 0.5194444444444445 0.11666666666666667 0.17222222222222222
1 0.6911458333333333 0.10648148148148148 0.059375 0.10185185185185185
