0 0.7052083333333333 0.8453703703703703 0.18333333333333332 0.30925925925925923
2 0.6083333333333333 0.44537037037037036 0.07708333333333334 0.21666666666666667
0 0.796875 0.49074074074074076 0.12291666666666666 0.1962962962962963
0 0.6244791666666667 0.21944444444444444 0.051041666666666666 0.09074074074074075
0 0.7411458333333333 0.041666666666666664 0.028125 0.046296296296296294
0 0.7557291666666667 0.06851851851851852 0.03229166666666667 0.05185185185185185
0 0.5682291666666667 0.3351851851851852 0.078125 0.11851851851851852
0 0.8109375 0.10462962962962963 0.046875 0.06111111111111111
0 0.6765625 0.14907407407407408 0.04479166666666667 0.07592592592592592
0 0.6046875 0.09722222222222222 0.034375 0.053703703703703705
0 0.8666666666666667 0.13518518518518519 0.05416666666666667 0.06666666666666667
0 0.7703125 0.12685185185185185 0.046875 0.06851851851851852
0 0.865625 0.08425925925925926 0.04375 0.05740740740740741
0 0.5989583333333334 0.058333333333333334 0.029166666666666667 0.04259259259259259
0 0.6463541666666667 0.05648148148148148 0.028125 0.046296296296296294
0 0.9276041666666667 0.2759259259259259 0.08020833333333334 0.1111111111111111
0 0.9734375 0.2 0.053125 0.07777777777777778
1 0.5369791666666667 0.11203703703703703 0.06145833333333333 0.15
