0 0.625 0.175 0.025 0.03888888888888889
2 0.6859375 0.18333333333333332 0.030208333333333334 0.05185185185185185
0 0.04739583333333333 0.7166666666666667 0.09270833333333334 0.2
0 0.6463541666666667 0.22592592592592592 0.03229166666666667 0.05185185185185185
0 0.7703125 0.17407407407407408 0.030208333333333334 0.037037037037037035
2 0.3848958333333333 0.6175925925925926 0.078125 0.20555555555555555
0 0.31145833333333334 0.5157407407407407 0.0875 0.13518518518518519
0 0.7234375 0.2537037037037037 0.03854166666666667 0.06296296296296296
0 0.6510416666666666 0.2953703703703704 0.04583333333333333 0.06851851851851852
0 0.7807291666666667 0.25 0.03854166666666667 0.04814814814814815
2 0.403125 0.3101851851851852 0.04583333333333333 0.10925925925925926
0 0.6864583333333333 0.41203703703703703 0.058333333333333334 0.09444444444444444
0 0.7802083333333333 0.4009259259259259 0.06666666666666667 0.12037037037037036
2 0.8677083333333333 0.3611111111111111 0.06458333333333334 0.1
2 0.5130208333333334 0.2175925925925926 0.028125 0.06111111111111111
2 0.3609375 0.19907407407407407 0.028125 0.06111111111111111
0 0.9203125 0.7185185185185186 0.11770833333333333 0.18888888888888888
0 0.9682291666666667 0.38333333333333336 0.06354166666666666 0.09259259259259259
0 0.9114583333333334 0.30185185185185187 0.0625 0.08148148148148149
