0 0.18697916666666667 0.30648148148148147 0.09895833333333333 0.08333333333333333
0 0.39427083333333335 0.6564814814814814 0.11354166666666667 0.20185185185185187
1 0.28177083333333336 0.2916666666666667 0.134375 0.21296296296296297
0 0.3619791666666667 0.3824074074074074 0.06979166666666667 0.11666666666666667
0 0.45989583333333334 0.33240740740740743 0.059375 0.10185185185185185
0 0.3536458333333333 0.24074074074074073 0.04895833333333333 0.07037037037037037
0 0.4244791666666667 0.24722222222222223 0.04479166666666667 0.06851851851851852
0 0.7239583333333334 0.4981481481481482 0.09166666666666666 0.14444444444444443
0 0.48333333333333334 0.2222222222222222 0.03958333333333333 0.05925925925925926
0 0.39479166666666665 0.18888888888888888 0.03333333333333333 0.05925925925925926
0 0.428125 0.20462962962962963 0.035416666666666666 0.06111111111111111
0 0.48333333333333334 0.16666666666666666 0.03125 0.05185185185185185
0 0.440625 0.15555555555555556 0.025 0.044444444444444446
