0 0.019791666666666666 0.6259259259259259 0.0375 0.0962962962962963
0 0.8427083333333333 0.16203703703703703 0.03125 0.04259259259259259
0 0.9515625 0.20277777777777778 0.03229166666666667 0.053703703703703705
0 0.7380208333333333 0.2074074074074074 0.03854166666666667 0.06296296296296296
0 0.31354166666666666 0.3296296296296296 0.07083333333333333 0.08518518518518518
0 0.5421875 0.2833333333333333 0.06979166666666667 0.07777777777777778
0 0.78125 0.27685185185185185 0.05 0.07222222222222222
0 0.8588541666666667 0.34074074074074073 0.04895833333333333 0.08518518518518518
0 0.5338541666666666 0.5444444444444444 0.11354166666666667 0.14074074074074075
0 0.60625 0.17962962962962964 0.04583333333333333 0.06666666666666667
0 0.6630208333333333 0.175 0.03854166666666667 0.053703703703703705
