0 0.20520833333333333 0.22314814814814815 0.07083333333333333 0.06851851851851852
0 0.12395833333333334 0.225 0.06666666666666667 0.06481481481481481
0 0.3390625 0.2212962962962963 0.071875 0.06851851851851852
0 0.46875 0.7490740740740741 0.25625 0.25
0 0.32708333333333334 0.32407407407407407 0.08541666666666667 0.07777777777777778
0 0.4635416666666667 0.2824074074074074 0.1 0.06481481481481481
0 0.23489583333333333 0.44537037037037036 0.128125 0.13148148148148148
0 0.4875 0.34629629629629627 0.1125 0.08148148148148149
0 0.5723958333333333 0.28703703703703703 0.103125 0.07777777777777778
0 0.1328125 0.687037037037037 0.17395833333333333 0.21481481481481482
