0 0.6567708333333333 0.4009259259259259 0.08229166666666667 0.1537037037037037
0 0.5875 0.3138888888888889 0.06875 0.11666666666666667
2 0.6208333333333333 0.22870370370370371 0.05625 0.12777777777777777
0 0.9119791666666667 0.8222222222222222 0.17604166666666668 0.3
0 0.5619791666666667 0.21296296296296297 0.05520833333333333 0.08148148148148149
0 0.8041666666666667 0.42592592592592593 0.11666666666666667 0.2111111111111111
0 0.6114583333333333 0.1574074074074074 0.05 0.07037037037037037
2 0.7052083333333333 0.19537037037037036 0.05625 0.11666666666666667
0 0.7828125 0.06018518518518518 0.03229166666666667 0.05
0 0.6661458333333333 0.13796296296296295 0.042708333333333334 0.07222222222222222
0 0.840625 0.07592592592592592 0.041666666666666664 0.05555555555555555
0 0.8015625 0.10740740740740741 0.04479166666666667 0.05925925925925926
0 0.6609375 0.10462962962962963 0.036458333333333336 0.05
0 0.596875 0.07222222222222222 0.03125 0.04814814814814815
0 0.9005208333333333 0.1925925925925926 0.06354166666666666 0.08148148148148149
0 0.9489583333333333 0.34444444444444444 0.10208333333333333 0.13703703703703704
0 0.9734375 0.2601851851851852 0.053125 0.09074074074074075
1 0.4578125 0.5731481481481482 0.21979166666666666 0.6685185185185185
