0 0.509375 0.1925925925925926 0.041666666666666664 0.07407407407407407
0 0.6229166666666667 0.41203703703703703 0.07708333333333334 0.15
2 0.5546875 0.2601851851851852 0.08020833333333334 0.13148148148148148
0 0.5864583333333333 0.21203703703703702 0.04791666666666667 0.08703703703703704
0 0.6494791666666667 0.03796296296296296 0.026041666666666668 0.03888888888888889
0 0.7 0.2814814814814815 0.07916666666666666 0.13333333333333333
0 0.6984375 0.053703703703703705 0.03229166666666667 0.040740740740740744
0 0.6 0.11481481481481481 0.041666666666666664 0.06666666666666667
1 0.5145833333333333 0.053703703703703705 0.041666666666666664 0.1037037037037037
0 0.771875 0.09166666666666666 0.04375 0.05740740740740741
0 0.5598958333333334 0.06111111111111111 0.023958333333333335 0.040740740740740744
0 0.6088541666666667 0.06759259259259259 0.030208333333333334 0.04259259259259259
0 0.890625 0.3296296296296296 0.10833333333333334 0.13703703703703704
1 0.45364583333333336 0.4722222222222222 0.16979166666666667 0.5148148148148148
