0 0.303125 0.33055555555555555 0.10625 0.17962962962962964
1 0.890625 0.14722222222222223 0.21875 0.29074074074074074
0 0.17916666666666667 0.2972222222222222 0.125 0.18703703703703703
0 0.34427083333333336 0.06759259259259259 0.06145833333333333 0.09814814814814815
0 0.36770833333333336 0.2074074074074074 0.0875 0.13333333333333333
0 0.36822916666666666 0.8388888888888889 0.20520833333333333 0.32222222222222224
0 0.4828125 0.1814814814814815 0.078125 0.13703703703703704
3 0.4390625 0.05648148148148148 0.078125 0.10925925925925926
0 0.359375 0.01574074074074074 0.075 0.027777777777777776
0 0.7208333333333333 0.13240740740740742 0.07708333333333334 0.10555555555555556
1 0.9760416666666667 0.2953703703703704 0.04791666666666667 0.3425925925925926
0 0.909375 0.5231481481481481 0.18125 0.2351851851851852
