2 0.69375 0.030555555555555555 0.025 0.03888888888888889
0 0.6744791666666666 0.023148148148148147 0.019791666666666666 0.024074074074074074
0 0.7515625 0.05092592592592592 0.030208333333333334 0.04259259259259259
0 0.6854166666666667 0.06296296296296296 0.029166666666666667 0.040740740740740744
0 0.7234375 0.06574074074074074 0.030208333333333334 0.04259259259259259
0 0.7859375 0.1287037037037037 0.046875 0.06111111111111111
0 0.8958333333333334 0.21574074074074073 0.07083333333333333 0.08333333333333333
0 0.8916666666666667 0.2740740740740741 0.07916666666666666 0.1111111111111111
0 0.5661458333333333 0.017592592592592594 0.017708333333333333 0.03148148148148148
1 0.4197916666666667 0.5361111111111111 0.2125 0.6685185185185185
