0 0.7994791666666666 0.2861111111111111 0.12604166666666666 0.11296296296296296
2 0.6255208333333333 0.22685185185185186 0.09895833333333333 0.09074074074074075
0 0.5166666666666667 0.19814814814814816 0.07291666666666667 0.07037037037037037
0 0.4484375 0.1787037037037037 0.053125 0.05740740740740741
0 0.509375 0.23796296296296296 0.07083333333333333 0.07592592592592592
2 0.8203125 0.6990740740740741 0.271875 0.3277777777777778
0 0.5854166666666667 0.5398148148148149 0.15625 0.17222222222222222
1 0.3927083333333333 0.26851851851851855 0.18125 0.2074074074074074
0 0.9484375 0.5055555555555555 0.103125 0.17407407407407408
0 0.6432291666666666 0.4583333333333333 0.165625 0.1425925925925926
0 0.4296875 0.42685185185185187 0.11354166666666667 0.12777777777777777
2 0.8265625 0.5222222222222223 0.17604166666666668 0.1962962962962963
0 0.9609375 0.6685185185185185 0.078125 0.14814814814814814
0 0.7692708333333333 0.41203703703703703 0.15520833333333334 0.12407407407407407
0 0.6229166666666667 0.34444444444444444 0.12291666666666666 0.10740740740740741
0 0.29322916666666665 0.30185185185185187 0.065625 0.0962962962962963
0 0.35520833333333335 0.35833333333333334 0.07916666666666666 0.09444444444444444
0 0.5109375 0.287962962962963 0.08645833333333333 0.10555555555555556
0 0.29739583333333336 0.24444444444444444 0.046875 0.05555555555555555
0 0.25364583333333335 0.2222222222222222 0.040625 0.05185185185185185
0 0.24479166666666666 0.2722222222222222 0.04583333333333333 0.06666666666666667
