0 0.3109375 0.23148148148148148 0.051041666666666666 0.07777777777777778
1 0.35104166666666664 0.23333333333333334 0.1125 0.2037037037037037
0 0.24166666666666667 0.837037037037037 0.16041666666666668 0.2777777777777778
1 0.9145833333333333 0.5462962962962963 0.17083333333333334 0.5222222222222223
0 0.4161458333333333 0.5407407407407407 0.103125 0.22962962962962963
2 0.4390625 0.28425925925925927 0.07604166666666666 0.18333333333333332
0 0.21458333333333332 0.27870370370370373 0.09791666666666667 0.08703703703703704
0 0.4708333333333333 0.20462962962962963 0.0375 0.06851851851851852
0 0.41510416666666666 0.14166666666666666 0.028125 0.05740740740740741
0 0.44479166666666664 0.14907407407407408 0.03333333333333333 0.06851851851851852
0 0.49166666666666664 0.15833333333333333 0.03125 0.053703703703703705
