0 0.696875 0.05092592592592592 0.01875 0.027777777777777776
0 0.709375 0.06111111111111111 0.022916666666666665 0.037037037037037035
0 0.3625 0.2611111111111111 0.08333333333333333 0.08518518518518518
0 0.734375 0.06759259259259259 0.025 0.03888888888888889
0 0.7432291666666667 0.04351851851851852 0.019791666666666666 0.020370370370370372
0 0.7255208333333333 0.03333333333333333 0.015625 0.022222222222222223
0 0.7604166666666666 0.023148148148148147 0.020833333333333332 0.024074074074074074
0 0.7682291666666666 0.05462962962962963 0.026041666666666668 0.03518518518518519
0 0.75625 0.09166666666666666 0.027083333333333334 0.053703703703703705
0 0.7671875 0.075 0.021875 0.03888888888888889
0 0.6078125 0.3962962962962963 0.07395833333333333 0.13703703703703704
0 0.5369791666666667 0.1712962962962963 0.036458333333333336 0.06111111111111111
0 0.7333333333333333 0.3685185185185185 0.07708333333333334 0.1259259259259259
0 0.7338541666666667 0.09166666666666666 0.030208333333333334 0.020370370370370372
0 0.79375 0.10092592592592593 0.025 0.027777777777777776
0 0.6671875 0.20833333333333334 0.046875 0.07962962962962963
0 0.7921875 0.13240740740740742 0.040625 0.053703703703703705
2 0.7359375 0.13425925925925927 0.040625 0.06481481481481481
0 0.63125 0.11296296296296296 0.03333333333333333 0.05555555555555555
0 0.8661458333333333 0.20277777777777778 0.059375 0.08703703703703704
0 0.5770833333333333 0.026851851851851852 0.016666666666666666 0.027777777777777776
0 0.5984375 0.018518518518518517 0.013541666666666667 0.03333333333333333
0 0.9739583333333334 0.35648148148148145 0.052083333333333336 0.11296296296296296
1 0.5432291666666667 0.04722222222222222 0.03229166666666667 0.09074074074074075
