0 0.9515625 0.15462962962962962 0.03229166666666667 0.05740740740740741
0 0.33541666666666664 0.3675925925925926 0.09375 0.10555555555555556
0 0.7307291666666667 0.24166666666666667 0.046875 0.06111111111111111
0 0.8447916666666667 0.28055555555555556 0.04791666666666667 0.07592592592592592
0 0.5552083333333333 0.25092592592592594 0.058333333333333334 0.06481481481481481
0 0.4276041666666667 0.24537037037037038 0.07395833333333333 0.08333333333333333
0 0.5697916666666667 0.19166666666666668 0.04375 0.05
0 0.9572916666666667 0.6638888888888889 0.08541666666666667 0.21296296296296297
0 0.5869791666666667 0.7055555555555556 0.14479166666666668 0.2222222222222222
0 0.38177083333333334 0.7240740740740741 0.16770833333333332 0.21481481481481482
