0 0.6401041666666667 0.9314814814814815 0.128125 0.13703703703703704
0 0.5796875 0.12685185185185185 0.028125 0.05
0 0.59375 0.2361111111111111 0.05 0.07962962962962963
0 0.36302083333333335 0.28425925925925927 0.10104166666666667 0.09074074074074075
0 0.7067708333333333 0.08055555555555556 0.026041666666666668 0.03888888888888889
0 0.7359375 0.10092592592592593 0.03229166666666667 0.046296296296296294
0 0.7432291666666667 0.06851851851851852 0.026041666666666668 0.040740740740740744
0 0.7723958333333333 0.1287037037037037 0.03854166666666667 0.053703703703703705
0 0.815625 0.1638888888888889 0.04583333333333333 0.06481481481481481
0 0.5645833333333333 0.06388888888888888 0.020833333333333332 0.03888888888888889
0 0.8046875 0.24166666666666667 0.065625 0.08333333333333333
0 0.8734375 0.21666666666666667 0.06145833333333333 0.08148148148148149
0 0.9729166666666667 0.3768518518518518 0.05416666666666667 0.12407407407407407
0 0.5994791666666667 0.03981481481481482 0.017708333333333333 0.03148148148148148
0 0.5864583333333333 0.030555555555555555 0.016666666666666666 0.027777777777777776
0 0.5578125 0.03333333333333333 0.015625 0.025925925925925925
