0 0.4947916666666667 0.12037037037037036 0.0375 0.05185185185185185
0 0.6197916666666666 0.42685185185185187 0.08958333333333333 0.16111111111111112
0 0.6864583333333333 0.053703703703703705 0.025 0.03333333333333333
0 0.5557291666666667 0.2916666666666667 0.05520833333333333 0.10185185185185185
0 0.8604166666666667 0.6555555555555556 0.16041666666666668 0.26296296296296295
0 0.6776041666666667 0.06944444444444445 0.030208333333333334 0.03148148148148148
0 0.7192708333333333 0.05462962962962963 0.023958333333333335 0.03148148148148148
2 0.6911458333333333 0.23148148148148148 0.07395833333333333 0.14444444444444443
0 0.6796875 0.09444444444444444 0.034375 0.05555555555555555
0 0.7494791666666667 0.09907407407407408 0.040625 0.05
0 0.5828125 0.12407407407407407 0.03229166666666667 0.05555555555555555
0 0.7515625 0.16666666666666666 0.04479166666666667 0.05185185185185185
0 0.8479166666666667 0.20462962962962963 0.06458333333333334 0.07962962962962963
0 0.5088541666666667 0.16296296296296298 0.06354166666666666 0.06296296296296296
0 0.5661458333333333 0.05185185185185185 0.017708333333333333 0.03333333333333333
