0 0.665625 0.1962962962962963 0.04583333333333333 0.07037037037037037
0 0.6520833333333333 0.14814814814814814 0.03333333333333333 0.05185185185185185
2 0.7203125 0.2740740740740741 0.071875 0.11851851851851852
0 0.9223958333333333 0.6787037037037037 0.15520833333333334 0.22037037037037038
0 0.35989583333333336 0.49074074074074076 0.096875 0.1814814814814815
0 0.27395833333333336 0.39814814814814814 0.07291666666666667 0.11481481481481481
0 0.36822916666666666 0.38055555555555554 0.07395833333333333 0.10555555555555556
0 0.4390625 0.2324074074074074 0.04895833333333333 0.07222222222222222
0 0.40729166666666666 0.18611111111111112 0.03958333333333333 0.06111111111111111
0 0.46770833333333334 0.16574074074074074 0.03333333333333333 0.06111111111111111
0 0.5197916666666667 0.1935185185185185 0.03958333333333333 0.06851851851851852
