0 0.3692708333333333 0.6305555555555555 0.140625 0.2722222222222222
0 0.5822916666666667 0.9259259259259259 0.15416666666666667 0.14814814814814814
0 0.3265625 0.29907407407407405 0.08645833333333333 0.11666666666666667
0 0.4239583333333333 0.12314814814814815 0.052083333333333336 0.06851851851851852
0 0.7651041666666667 0.011111111111111112 0.04479166666666667 0.018518518518518517
0 0.6182291666666667 0.1925925925925926 0.05520833333333333 0.1
0 0.5942708333333333 0.08055555555555556 0.040625 0.06851851851851852
0 0.9020833333333333 0.028703703703703703 0.05625 0.053703703703703705
0 0.8526041666666667 0.13703703703703704 0.08229166666666667 0.08888888888888889
0 0.40260416666666665 0.02962962962962963 0.042708333333333334 0.05555555555555555
0 0.5302083333333333 0.016666666666666666 0.03333333333333333 0.02962962962962963
