0 0.6661458333333333 0.19074074074074074 0.03229166666666667 0.05925925925925926
2 0.18489583333333334 0.6935185185185185 0.134375 0.2611111111111111
0 0.7661458333333333 0.1787037037037037 0.036458333333333336 0.053703703703703705
0 0.21197916666666666 0.38425925925925924 0.06979166666666667 0.09074074074074075
0 0.7354166666666667 0.2657407407407407 0.04791666666666667 0.06851851851851852
2 0.2890625 0.31203703703703706 0.051041666666666666 0.09814814814814815
0 0.8244791666666667 0.1787037037037037 0.036458333333333336 0.053703703703703705
0 0.4010416666666667 0.28055555555555556 0.05 0.09074074074074075
0 0.47760416666666666 0.29907407407407405 0.051041666666666666 0.07592592592592592
2 0.28125 0.24351851851851852 0.04583333333333333 0.08703703703703704
1 0.834375 0.3472222222222222 0.15 0.28703703703703703
1 0.3953125 0.1425925925925926 0.06354166666666666 0.10740740740740741
