0 0.1859375 0.7787037037037037 0.14895833333333333 0.22777777777777777
0 0.640625 0.20277777777777778 0.035416666666666666 0.05740740740740741
0 0.74375 0.18518518518518517 0.03333333333333333 0.044444444444444446
0 0.6526041666666667 0.25 0.042708333333333334 0.07407407407407407
0 0.4505208333333333 0.4083333333333333 0.065625 0.12407407407407407
2 0.7411458333333333 0.3 0.051041666666666666 0.08518518518518518
0 0.821875 0.20092592592592592 0.0375 0.046296296296296294
0 0.728125 0.5685185185185185 0.0875 0.14444444444444443
0 0.8770833333333333 0.55 0.09375 0.13333333333333333
0 0.9041666666666667 0.40185185185185185 0.07708333333333334 0.0962962962962963
0 0.4583333333333333 0.2101851851851852 0.029166666666666667 0.053703703703703705
0 0.34479166666666666 0.19444444444444445 0.029166666666666667 0.040740740740740744
