0 0.6447916666666667 0.14351851851851852 0.0375 0.06851851851851852
0 0.590625 0.16296296296296298 0.03958333333333333 0.07037037037037037
0 0.7166666666666667 0.1638888888888889 0.041666666666666664 0.06111111111111111
0 0.6041666666666666 0.22592592592592592 0.04791666666666667 0.08148148148148149
0 0.6895833333333333 0.2222222222222222 0.05 0.07777777777777778
0 0.7276041666666667 0.32685185185185184 0.07604166666666666 0.12777777777777777
0 0.8510416666666667 0.34074074074074073 0.0875 0.11481481481481481
0 0.7041666666666667 0.524074074074074 0.10625 0.16296296296296298
0 0.3255208333333333 0.23425925925925925 0.04479166666666667 0.07222222222222222
2 0.2875 0.5416666666666666 0.10625 0.2388888888888889
0 0.4796875 0.42407407407407405 0.07604166666666666 0.14814814814814814
0 0.4317708333333333 0.2074074074074074 0.046875 0.07407407407407407
0 0.5026041666666666 0.2074074074074074 0.04479166666666667 0.07777777777777778
0 0.5088541666666667 0.15092592592592594 0.03229166666666667 0.05740740740740741
0 0.4744791666666667 0.09259259259259259 0.030208333333333334 0.044444444444444446
0 0.5203125 0.08518518518518518 0.023958333333333335 0.04814814814814815
