0 0.075 0.512962962962963 0.11875 0.13703703703703704
0 0.8203125 0.17314814814814813 0.036458333333333336 0.05
0 0.16510416666666666 0.38425925925925924 0.109375 0.09814814814814815
0 0.2859375 0.4064814814814815 0.10520833333333333 0.11296296296296296
0 0.48854166666666665 0.3055555555555556 0.075 0.08148148148148149
0 0.4046875 0.30648148148148147 0.08645833333333333 0.09074074074074075
0 0.6911458333333333 0.27314814814814814 0.057291666666666664 0.06851851851851852
0 0.8526041666666667 0.2916666666666667 0.051041666666666666 0.09074074074074075
0 0.7369791666666666 0.3333333333333333 0.06770833333333333 0.08888888888888889
2 0.5520833333333334 0.4601851851851852 0.11458333333333333 0.14629629629629629
0 0.48854166666666665 0.17685185185185184 0.04583333333333333 0.053703703703703705
0 0.9572916666666667 0.7824074074074074 0.08541666666666667 0.26481481481481484
