0 0.5973958333333333 0.26851851851851855 0.051041666666666666 0.08888888888888889
0 0.6395833333333333 0.7148148148148148 0.125 0.2518518518518518
0 0.21979166666666666 0.4398148148148148 0.09791666666666667 0.1425925925925926
0 0.709375 0.05925925925925926 0.022916666666666665 0.037037037037037035
0 0.740625 0.08148148148148149 0.027083333333333334 0.044444444444444446
0 0.7802083333333333 0.0787037037037037 0.027083333333333334 0.020370370370370372
0 0.5838541666666667 0.12407407407407407 0.028125 0.05185185185185185
0 0.7130208333333333 0.10740740740740741 0.034375 0.04814814814814815
0 0.7822916666666667 0.11203703703703703 0.035416666666666666 0.046296296296296294
0 0.7984375 0.15833333333333333 0.046875 0.06851851851851852
0 0.615625 0.06018518518518518 0.020833333333333332 0.03888888888888889
0 0.5760416666666667 0.03981481481481482 0.016666666666666666 0.027777777777777776
0 0.5651041666666666 0.05277777777777778 0.017708333333333333 0.03148148148148148
0 0.9640625 0.3388888888888889 0.071875 0.1111111111111111
