0 0.21770833333333334 0.4648148148148148 0.07708333333333334 0.10740740740740741
0 0.3640625 0.7277777777777777 0.11145833333333334 0.2074074074074074
0 0.3171875 0.32222222222222224 0.051041666666666666 0.07037037037037037
0 0.4510416666666667 0.45 0.0625 0.10740740740740741
2 0.3338541666666667 0.4287037037037037 0.08854166666666667 0.19444444444444445
0 0.19479166666666667 0.3675925925925926 0.0625 0.09074074074074075
0 0.6380208333333334 0.24351851851851852 0.036458333333333336 0.053703703703703705
0 0.7661458333333333 0.22407407407407406 0.03854166666666667 0.05185185185185185
0 0.7322916666666667 0.25 0.0375 0.05185185185185185
0 0.40729166666666666 0.30277777777777776 0.05 0.07592592592592592
0 0.8057291666666667 0.20092592592592592 0.036458333333333336 0.046296296296296294
0 0.4473958333333333 0.24259259259259258 0.034375 0.05555555555555555
0 0.49895833333333334 0.262037037037037 0.041666666666666664 0.05740740740740741
0 0.6973958333333333 0.4444444444444444 0.06770833333333333 0.1037037037037037
2 0.8119791666666667 0.44907407407407407 0.084375 0.15
0 0.8932291666666666 0.2953703703703704 0.05520833333333333 0.07222222222222222
2 0.79375 0.8203703703703704 0.15208333333333332 0.27037037037037037
0 0.5291666666666667 0.17685185185185184 0.029166666666666667 0.04259259259259259
0 0.48020833333333335 0.17222222222222222 0.025 0.040740740740740744
