0 0.0578125 0.5944444444444444 0.11354166666666667 0.14814814814814814
0 0.778125 0.17222222222222222 0.03333333333333333 0.04814814814814815
0 0.86875 0.19722222222222222 0.035416666666666666 0.05740740740740741
0 0.4140625 0.37407407407407406 0.08854166666666667 0.1037037037037037
0 0.228125 0.37592592592592594 0.12083333333333333 0.13333333333333333
0 0.4708333333333333 0.26296296296296295 0.058333333333333334 0.07037037037037037
0 0.9552083333333333 0.35833333333333334 0.05625 0.10555555555555556
0 0.7432291666666667 0.3611111111111111 0.065625 0.0962962962962963
0 0.6338541666666667 0.362962962962963 0.07395833333333333 0.09259259259259259
0 0.5020833333333333 0.18055555555555555 0.04375 0.046296296296296294
0 0.6411458333333333 0.18425925925925926 0.042708333333333334 0.05
