0 0.33645833333333336 0.23148148148148148 0.04791666666666667 0.07407407407407407
0 0.4354166666666667 0.7666666666666667 0.15625 0.34074074074074073
2 0.20572916666666666 0.6583333333333333 0.17395833333333333 0.3648148148148148
0 0.6385416666666667 0.1259259259259259 0.03125 0.04814814814814815
0 0.5770833333333333 0.09722222222222222 0.022916666666666665 0.03888888888888889
0 0.6901041666666666 0.1638888888888889 0.036458333333333336 0.06111111111111111
0 0.6802083333333333 0.2074074074074074 0.052083333333333336 0.08148148148148149
0 0.3927083333333333 0.36944444444444446 0.06875 0.09814814814814815
0 0.3234375 0.3435185185185185 0.07395833333333333 0.09814814814814815
0 0.509375 0.19537037037037036 0.0375 0.05740740740740741
0 0.7494791666666667 0.25555555555555554 0.057291666666666664 0.08888888888888889
0 0.44479166666666664 0.18796296296296297 0.03958333333333333 0.05740740740740741
0 0.48385416666666664 0.1175925925925926 0.030208333333333334 0.046296296296296294
0 0.5291666666666667 0.14629629629629629 0.03333333333333333 0.05185185185185185
0 0.790625 0.46111111111111114 0.09791666666666667 0.15185185185185185
1 0.6848958333333334 0.10092592592592593 0.057291666666666664 0.09444444444444444
