0 0.6338541666666667 0.1824074074074074 0.028125 0.046296296296296294
0 0.6927083333333334 0.1935185185185185 0.03125 0.03888888888888889
0 0.6359375 0.22592592592592592 0.034375 0.05185185185185185
0 0.7427083333333333 0.1935185185185185 0.027083333333333334 0.03888888888888889
2 0.29739583333333336 0.5055555555555555 0.078125 0.16296296296296298
0 0.6578125 0.2861111111111111 0.040625 0.06481481481481481
0 0.7213541666666666 0.27685185185185185 0.046875 0.07222222222222222
2 0.7901041666666667 0.25833333333333336 0.040625 0.07222222222222222
2 0.4901041666666667 0.2962962962962963 0.03854166666666667 0.08518518518518518
2 0.29791666666666666 0.26851851851851855 0.041666666666666664 0.07037037037037037
0 0.7822916666666667 0.4083333333333333 0.06666666666666667 0.10185185185185185
0 0.8567708333333334 0.2657407407407407 0.04479166666666667 0.06111111111111111
0 0.8260416666666667 0.21666666666666667 0.04583333333333333 0.05925925925925926
2 0.7572916666666667 0.6787037037037037 0.13958333333333334 0.30925925925925923
0 0.8890625 0.6148148148148148 0.10520833333333333 0.15555555555555556
0 0.9276041666666667 0.4203703703703704 0.08645833333333333 0.1
0 0.45364583333333336 0.21851851851851853 0.03229166666666667 0.05555555555555555
0 0.5151041666666667 0.22037037037037038 0.03229166666666667 0.05185185185185185
0 0.40520833333333334 0.20833333333333334 0.03333333333333333 0.046296296296296294
