0 0.6395833333333333 0.2222222222222222 0.035416666666666666 0.05925925925925926
0 0.2947916666666667 0.5185185185185185 0.08541666666666667 0.1259259259259259
0 0.7046875 0.2324074074074074 0.03854166666666667 0.06111111111111111
2 0.39375 0.5833333333333334 0.08958333333333333 0.1962962962962963
0 0.7822916666666667 0.17685185185185184 0.03125 0.053703703703703705
0 0.659375 0.3101851851851852 0.04791666666666667 0.07222222222222222
0 0.740625 0.3111111111111111 0.05416666666666667 0.07407407407407407
0 0.4140625 0.35 0.05520833333333333 0.09259259259259259
0 0.26979166666666665 0.28055555555555556 0.04791666666666667 0.06111111111111111
0 0.834375 0.32037037037037036 0.06041666666666667 0.07777777777777778
0 0.6890625 0.4888888888888889 0.08229166666666667 0.13333333333333333
2 0.38645833333333335 0.21296296296296297 0.035416666666666666 0.06296296296296296
0 0.9026041666666667 0.29444444444444445 0.06354166666666666 0.07407407407407407
0 0.8828125 0.5287037037037037 0.09895833333333333 0.1425925925925926
0 0.5026041666666666 0.19814814814814816 0.03229166666666667 0.05185185185185185
