0 0.8458333333333333 0.8731481481481481 0.26458333333333334 0.2537037037037037
0 0.196875 0.04351851851851852 0.025 0.03148148148148148
0 0.21822916666666667 0.030555555555555555 0.026041666666666668 0.03148148148148148
0 0.2838541666666667 0.020370370370370372 0.028125 0.037037037037037035
0 0.24739583333333334 0.46111111111111114 0.10104166666666667 0.14444444444444443
0 0.2578125 0.075 0.03854166666666667 0.03888888888888889
0 0.3463541666666667 0.09166666666666666 0.042708333333333334 0.04259259259259259
0 0.2265625 0.2518518518518518 0.065625 0.08518518518518518
0 0.35104166666666664 0.11666666666666667 0.0375 0.040740740740740744
0 0.12916666666666668 0.14351851851851852 0.041666666666666664 0.05740740740740741
0 0.45729166666666665 0.17777777777777778 0.0625 0.05555555555555555
0 0.5291666666666667 0.17037037037037037 0.0625 0.06296296296296296
0 0.5828125 0.1574074074074074 0.059375 0.06296296296296296
0 0.6348958333333333 0.14166666666666666 0.065625 0.05740740740740741
1 0.0828125 0.0712962962962963 0.06770833333333333 0.11296296296296296
0 0.1515625 0.09074074074074075 0.036458333333333336 0.04814814814814815
2 0.8083333333333333 0.23796296296296296 0.11666666666666667 0.09814814814814815
0 0.018229166666666668 0.10925925925925926 0.034375 0.04814814814814815
0 0.828125 0.3768518518518518 0.14166666666666666 0.09814814814814815
0 0.9364583333333333 0.36203703703703705 0.12708333333333333 0.11296296296296296
