0 0.19114583333333332 0.7092592592592593 0.13645833333333332 0.2111111111111111
0 0.32135416666666666 0.7574074074074074 0.14270833333333333 0.24074074074074073
0 0.7166666666666667 0.23148148148148148 0.04583333333333333 0.06666666666666667
0 0.6515625 0.20833333333333334 0.03854166666666667 0.06111111111111111
0 0.7526041666666666 0.18425925925925926 0.040625 0.05
0 0.6546875 0.27314814814814814 0.046875 0.07222222222222222
2 0.19114583333333332 0.4787037037037037 0.10729166666666666 0.17592592592592593
2 0.18333333333333332 0.3314814814814815 0.075 0.11851851851851852
0 0.2911458333333333 0.32037037037037036 0.065625 0.08518518518518518
0 0.775 0.2824074074074074 0.05 0.07592592592592592
0 0.4588541666666667 0.3296296296296296 0.057291666666666664 0.10740740740740741
0 0.809375 0.23981481481481481 0.05625 0.07962962962962963
0 0.4046875 0.26666666666666666 0.042708333333333334 0.07407407407407407
0 0.7848958333333333 0.3972222222222222 0.06979166666666667 0.10925925925925926
0 0.8598958333333333 0.20555555555555555 0.046875 0.05925925925925926
0 0.490625 0.23148148148148148 0.0375 0.06296296296296296
2 0.7151041666666667 0.5083333333333333 0.08645833333333333 0.17222222222222222
0 0.33645833333333336 0.18796296296296297 0.0375 0.05
0 0.45989583333333334 0.17407407407407408 0.030208333333333334 0.04814814814814815
0 0.9583333333333334 0.45555555555555555 0.08333333333333333 0.11481481481481481
