0 0.32916666666666666 0.8101851851851852 0.14375 0.30185185185185187
0 0.27447916666666666 0.5648148148148148 0.09479166666666666 0.14444444444444443
0 0.7125 0.24814814814814815 0.041666666666666664 0.05925925925925926
0 0.44166666666666665 0.44074074074074077 0.06666666666666667 0.11481481481481481
2 0.4036458333333333 0.3138888888888889 0.053125 0.10185185185185185
0 0.6515625 0.2935185185185185 0.042708333333333334 0.06481481481481481
0 0.346875 0.26851851851851855 0.04583333333333333 0.06296296296296296
0 0.7994791666666666 0.3148148148148148 0.05520833333333333 0.07777777777777778
2 0.8786458333333333 0.2611111111111111 0.05520833333333333 0.08148148148148149
0 0.7333333333333333 0.6046296296296296 0.08958333333333333 0.1425925925925926
0 0.4609375 0.20462962962962963 0.03229166666666667 0.053703703703703705
0 0.8765625 0.5555555555555556 0.10520833333333333 0.13333333333333333
