0 0.6125 0.14537037037037037 0.03333333333333333 0.05
0 0.63125 0.24351851851851852 0.05 0.07222222222222222
0 0.40625 0.1675925925925926 0.03333333333333333 0.05740740740740741
0 0.4734375 0.12314814814814815 0.030208333333333334 0.046296296296296294
0 0.5229166666666667 0.10185185185185185 0.029166666666666667 0.040740740740740744
0 0.6302083333333334 0.337037037037037 0.07083333333333333 0.1111111111111111
0 0.8083333333333333 0.5018518518518519 0.11458333333333333 0.17037037037037037
0 0.5036458333333333 0.07314814814814814 0.021875 0.03518518518518519
0 0.7557291666666667 0.7546296296296297 0.16354166666666667 0.26851851851851855
1 0.9291666666666667 0.43796296296296294 0.14166666666666666 0.40555555555555556
1 0.7338541666666667 0.2712962962962963 0.11979166666666667 0.2574074074074074
1 0.30572916666666666 0.34444444444444444 0.146875 0.31851851851851853
