0 0.2484375 0.03888888888888889 0.026041666666666668 0.02962962962962963
2 0.5901041666666667 0.6268518518518519 0.190625 0.29074074074074074
0 0.5729166666666666 0.47685185185185186 0.13125 0.13518518518518519
0 0.3234375 0.049074074074074076 0.028125 0.03148148148148148
0 0.31302083333333336 0.06481481481481481 0.034375 0.03333333333333333
0 0.23645833333333333 0.07407407407407407 0.03333333333333333 0.037037037037037035
0 0.16145833333333334 0.29814814814814816 0.06458333333333334 0.09259259259259259
0 0.2515625 0.2796296296296296 0.065625 0.08888888888888889
2 0.3963541666666667 0.06759259259259259 0.03854166666666667 0.046296296296296294
0 0.3723958333333333 0.08518518518518518 0.03229166666666667 0.05185185185185185
0 0.3078125 0.08888888888888889 0.03229166666666667 0.03333333333333333
0 0.18229166666666666 0.21666666666666667 0.052083333333333336 0.07777777777777778
0 0.2546875 0.18425925925925926 0.05520833333333333 0.07222222222222222
0 0.14791666666666667 0.14814814814814814 0.0375 0.05185185185185185
0 0.06770833333333333 0.16111111111111112 0.0375 0.05925925925925926
0 0.45989583333333334 0.15925925925925927 0.05520833333333333 0.05185185185185185
0 0.3723958333333333 0.15185185185185185 0.046875 0.044444444444444446
0 0.17239583333333333 0.1175925925925926 0.036458333333333336 0.046296296296296294
0 0.013020833333333334 0.14814814814814814 0.023958333333333335 0.04814814814814815
0 0.5041666666666667 0.2 0.06666666666666667 0.07037037037037037
0 0.6213541666666667 0.1935185185185185 0.071875 0.06111111111111111
2 0.0953125 0.09537037037037037 0.03229166666666667 0.05740740740740741
0 0.7703125 0.36203703703703705 0.134375 0.09444444444444444
