0 0.49895833333333334 0.8407407407407408 0.1375 0.2777777777777778
0 0.5546875 0.4722222222222222 0.08854166666666667 0.2
0 0.7697916666666667 0.6537037037037037 0.14791666666666667 0.27037037037037037
0 0.4421875 0.3351851851851852 0.084375 0.14444444444444443
0 0.7614583333333333 0.019444444444444445 0.04583333333333333 0.03518518518518519
0 0.8296875 0.025925925925925925 0.04479166666666667 0.04814814814814815
2 0.6770833333333334 0.1675925925925926 0.06458333333333334 0.13148148148148148
0 0.8703125 0.075 0.06145833333333333 0.06481481481481481
0 0.8171875 0.09444444444444444 0.04895833333333333 0.05555555555555555
0 0.6453125 0.03425925925925926 0.040625 0.06481481481481481
0 0.4609375 0.02962962962962963 0.04479166666666667 0.05555555555555555
0 0.5385416666666667 0.013888888888888888 0.03125 0.024074074074074074
