0 0.2078125 0.040740740740740744 0.026041666666666668 0.03333333333333333
0 0.2682291666666667 0.04722222222222222 0.028125 0.03518518518518519
0 0.3260416666666667 0.05277777777777778 0.029166666666666667 0.03518518518518519
0 0.6619791666666667 0.8092592592592592 0.20729166666666668 0.27037037037037037
0 0.753125 0.6268518518518519 0.1875 0.20925925925925926
0 0.28125 0.032407407407407406 0.022916666666666665 0.027777777777777776
0 0.3494791666666667 0.26944444444444443 0.08229166666666667 0.10925925925925926
0 0.2671875 0.09444444444444444 0.036458333333333336 0.037037037037037035
0 0.3140625 0.08425925925925926 0.034375 0.046296296296296294
0 0.3651041666666667 0.0787037037037037 0.030208333333333334 0.03888888888888889
2 0.23489583333333333 0.2518518518518518 0.06145833333333333 0.10740740740740741
0 0.11145833333333334 0.25555555555555554 0.05 0.07777777777777778
0 0.16614583333333333 0.3972222222222222 0.07604166666666666 0.12777777777777777
0 0.14947916666666666 0.737037037037037 0.13645833333333332 0.24444444444444444
2 0.37916666666666665 0.10555555555555556 0.052083333333333336 0.06666666666666667
0 0.35208333333333336 0.1388888888888889 0.04375 0.040740740740740744
0 0.5098958333333333 0.10925925925925926 0.04895833333333333 0.05185185185185185
0 0.1765625 0.12129629629629629 0.036458333333333336 0.05
2 0.5375 0.18796296296296297 0.07708333333333334 0.07962962962962963
0 0.6026041666666667 0.17222222222222222 0.065625 0.07037037037037037
0 0.7046875 0.26481481481481484 0.08854166666666667 0.08518518518518518
0 0.6416666666666667 0.2916666666666667 0.0875 0.08703703703703704
0 0.033854166666666664 0.14629629629629629 0.03854166666666667 0.05185185185185185
0 0.016145833333333335 0.09166666666666666 0.030208333333333334 0.03888888888888889
0 0.0984375 0.06851851851851852 0.026041666666666668 0.037037037037037035
