0 0.7640625 0.18333333333333332 0.046875 0.06296296296296296
0 0.07291666666666667 0.5166666666666667 0.11875 0.14444444444444443
0 0.9807291666666667 0.21944444444444444 0.03854166666666667 0.07222222222222222
0 0.3927083333333333 0.3212962962962963 0.09166666666666666 0.09444444444444444
0 0.478125 0.30648148148148147 0.09375 0.09444444444444444
0 0.8755208333333333 0.2833333333333333 0.05520833333333333 0.09259259259259259
0 0.3802083333333333 0.23703703703703705 0.06666666666666667 0.06666666666666667
0 0.6442708333333333 0.5731481481481482 0.121875 0.17962962962962964
0 0.5552083333333333 0.18981481481481483 0.06458333333333334 0.06481481481481481
0 0.6390625 0.16203703703703703 0.05520833333333333 0.06851851851851852
0 0.9583333333333334 0.8148148148148148 0.08333333333333333 0.26666666666666666
