2 0.278125 0.19166666666666668 0.07916666666666666 0.08703703703703704
0 0.7473958333333334 0.17777777777777778 0.053125 0.07407407407407407
2 0.590625 0.18888888888888888 0.04583333333333333 0.08518518518518518
0 0.6630208333333333 0.19907407407407407 0.053125 0.07962962962962963
0 0.35260416666666666 0.16666666666666666 0.08020833333333334 0.07407407407407407
0 0.6755208333333333 0.2814814814814815 0.06354166666666666 0.1111111111111111
0 0.7385416666666667 0.412962962962963 0.11458333333333333 0.17777777777777778
0 0.47239583333333335 0.18333333333333332 0.042708333333333334 0.07407407407407407
0 0.3880208333333333 0.14629629629629629 0.04895833333333333 0.06296296296296296
0 0.6822916666666666 0.8703703703703703 0.16458333333333333 0.2222222222222222
