0 0.3338541666666667 0.22962962962962963 0.046875 0.07777777777777778
0 0.6338541666666667 0.11944444444444445 0.026041666666666668 0.05
0 0.5765625 0.08425925925925926 0.021875 0.03888888888888889
0 0.6833333333333333 0.14537037037037037 0.03333333333333333 0.05740740740740741
0 0.6708333333333333 0.18888888888888888 0.04791666666666667 0.07407407407407407
0 0.34010416666666665 0.5175925925925926 0.096875 0.1574074074074074
0 0.24010416666666667 0.4777777777777778 0.09895833333333333 0.12962962962962962
0 0.5046875 0.225 0.042708333333333334 0.07592592592592592
0 0.7395833333333334 0.21574074074074073 0.052083333333333336 0.07222222222222222
0 0.4296875 0.225 0.04479166666666667 0.07592592592592592
0 0.4786458333333333 0.12777777777777777 0.028125 0.04814814814814815
0 0.5255208333333333 0.1675925925925926 0.036458333333333336 0.05740740740740741
0 0.7484375 0.37222222222222223 0.08229166666666667 0.11851851851851852
0 0.9125 0.43333333333333335 0.10416666666666667 0.13703703703703704
0 0.509375 0.11666666666666667 0.027083333333333334 0.040740740740740744
0 0.4609375 0.10462962962962963 0.021875 0.03888888888888889
1 0.6739583333333333 0.09166666666666666 0.052083333333333336 0.08703703703703704
