0 0.8046875 0.06666666666666667 0.036458333333333336 0.05555555555555555
0 0.7458333333333333 0.06111111111111111 0.029166666666666667 0.044444444444444446
0 0.8 0.12037037037037036 0.041666666666666664 0.05555555555555555
0 0.5625 0.1537037037037037 0.035416666666666666 0.07037037037037037
0 0.6 0.11018518518518519 0.03125 0.053703703703703705
0 0.6614583333333334 0.13333333333333333 0.041666666666666664 0.06296296296296296
0 0.6427083333333333 0.4740740740740741 0.10833333333333334 0.15925925925925927
0 0.8567708333333334 0.18981481481481483 0.06145833333333333 0.07962962962962963
0 0.5432291666666667 0.10185185185185185 0.030208333333333334 0.05185185185185185
2 0.59375 0.07777777777777778 0.027083333333333334 0.05555555555555555
0 0.6427083333333333 0.08148148148148149 0.03125 0.04814814814814815
0 0.9677083333333333 0.30092592592592593 0.06458333333333334 0.11666666666666667
1 0.4588541666666667 0.5879629629629629 0.21145833333333333 0.6648148148148149
