0 0.3614583333333333 0.4203703703703704 0.10625 0.13703703703703704
0 0.259375 0.06388888888888888 0.029166666666666667 0.03518518518518519
0 0.278125 0.21203703703703702 0.06041666666666667 0.07222222222222222
0 0.28229166666666666 0.1 0.04583333333333333 0.040740740740740744
0 0.4083333333333333 0.10092592592592593 0.04375 0.04259259259259259
2 0.15052083333333333 0.15555555555555556 0.04479166666666667 0.07777777777777778
0 0.17552083333333332 0.1287037037037037 0.036458333333333336 0.046296296296296294
0 0.0953125 0.5537037037037037 0.10520833333333333 0.18888888888888888
0 0.08229166666666667 0.2064814814814815 0.05625 0.08703703703703704
0 0.5729166666666666 0.1398148148148148 0.06041666666666667 0.05
0 0.6083333333333333 0.18055555555555555 0.075 0.07592592592592592
0 0.5265625 0.225 0.08645833333333333 0.07592592592592592
0 0.0453125 0.12129629629629629 0.03229166666666667 0.04259259259259259
0 0.08958333333333333 0.09907407407407408 0.03125 0.04259259259259259
2 0.7796875 0.19722222222222222 0.09479166666666666 0.08703703703703704
0 0.8083333333333333 0.25462962962962965 0.0875 0.10925925925925926
0 0.7526041666666666 0.29814814814814816 0.10729166666666666 0.08888888888888889
0 0.04791666666666667 0.08703703703703704 0.025 0.040740740740740744
0 0.103125 0.06296296296296296 0.029166666666666667 0.037037037037037035
