0 0.7869791666666667 0.1259259259259259 0.030208333333333334 0.044444444444444446
0 0.7265625 0.12314814814814815 0.030208333333333334 0.04259259259259259
0 0.6104166666666667 0.8222222222222222 0.1375 0.2740740740740741
0 0.6197916666666666 0.40185185185185185 0.06875 0.1259259259259259
0 0.6296875 0.30185185185185187 0.059375 0.09259259259259259
0 0.9046875 0.21203703703703702 0.051041666666666666 0.06851851851851852
0 0.6421875 0.19814814814814816 0.040625 0.06666666666666667
0 0.578125 0.13703703703703704 0.03125 0.05555555555555555
0 0.5302083333333333 0.13240740740740742 0.029166666666666667 0.05
0 0.6302083333333334 0.12777777777777777 0.029166666666666667 0.04814814814814815
1 0.7479166666666667 0.07222222222222222 0.05625 0.08518518518518518
1 0.8390625 0.11388888888888889 0.09270833333333334 0.1574074074074074
