0 0.315625 0.4361111111111111 0.10208333333333333 0.1425925925925926
0 0.9583333333333334 0.2851851851851852 0.04583333333333333 0.07777777777777778
0 0.8671875 0.225 0.03854166666666667 0.06481481481481481
0 0.2869791666666667 0.3333333333333333 0.096875 0.1037037037037037
0 0.7640625 0.287962962962963 0.057291666666666664 0.08703703703703704
0 0.375 0.24814814814814815 0.06666666666666667 0.06296296296296296
2 0.5333333333333333 0.2074074074074074 0.06041666666666667 0.08148148148148149
2 0.58125 0.38981481481481484 0.09583333333333334 0.15
0 0.48802083333333335 0.2101851851851852 0.046875 0.053703703703703705
0 0.8192708333333333 0.45185185185185184 0.07604166666666666 0.12962962962962962
0 0.9510416666666667 0.6574074074074074 0.09791666666666667 0.2037037037037037
