0 0.6958333333333333 0.24444444444444444 0.05625 0.08148148148148149
2 0.60625 0.23333333333333334 0.05625 0.1111111111111111
0 0.7364583333333333 0.34814814814814815 0.0875 0.14074074074074075
0 0.6958333333333333 0.5444444444444444 0.10625 0.17037037037037037
0 0.9260416666666667 0.7583333333333333 0.14791666666666667 0.22407407407407406
0 0.3307291666666667 0.5685185185185185 0.11145833333333334 0.17777777777777778
0 0.4661458333333333 0.7379629629629629 0.12395833333333334 0.2574074074074074
0 0.3453125 0.4 0.084375 0.12962962962962962
0 0.5010416666666667 0.2759259259259259 0.052083333333333336 0.08518518518518518
0 0.4348958333333333 0.22870370370370371 0.04895833333333333 0.07222222222222222
2 0.5114583333333333 0.20092592592592592 0.04583333333333333 0.09444444444444444
0 0.4114583333333333 0.1787037037037037 0.03958333333333333 0.06111111111111111
0 0.43385416666666665 0.13518518518518519 0.03229166666666667 0.04814814814814815
2 0.5203125 0.1259259259259259 0.028125 0.05185185185185185
0 0.49895833333333334 0.09722222222222222 0.025 0.03518518518518519
0 0.4557291666666667 0.09259259259259259 0.021875 0.040740740740740744
