0 0.63125 0.18981481481481483 0.03125 0.05
0 0.11822916666666666 0.8685185185185185 0.16145833333333334 0.23703703703703705
0 0.6875 0.19722222222222222 0.03333333333333333 0.05
0 0.6427083333333333 0.25277777777777777 0.03958333333333333 0.05740740740740741
0 0.7130208333333333 0.2537037037037037 0.042708333333333334 0.06296296296296296
0 0.3692708333333333 0.5064814814814815 0.078125 0.1388888888888889
0 0.18125 0.375 0.06666666666666667 0.08703703703703704
0 0.7875 0.2564814814814815 0.04375 0.06111111111111111
0 0.6604166666666667 0.35648148148148145 0.06041666666666667 0.09074074074074075
2 0.34791666666666665 0.2675925925925926 0.03958333333333333 0.07962962962962963
0 0.8432291666666667 0.23796296296296296 0.046875 0.06111111111111111
0 0.8046875 0.3861111111111111 0.071875 0.10925925925925926
0 0.4864583333333333 0.25277777777777777 0.03958333333333333 0.06481481481481481
0 0.9411458333333333 0.6925925925925925 0.11770833333333333 0.2222222222222222
0 0.8057291666666667 0.9055555555555556 0.15520833333333334 0.18888888888888888
