0 0.596875 0.6453703703703704 0.17708333333333334 0.25
0 0.35520833333333335 0.11296296296296296 0.03958333333333333 0.05185185185185185
0 0.5848958333333333 0.4777777777777778 0.13020833333333334 0.14814814814814814
0 0.159375 0.712037037037037 0.11666666666666667 0.2574074074074074
0 0.33229166666666665 0.13240740740740742 0.041666666666666664 0.046296296296296294
0 0.4817708333333333 0.1398148148148148 0.05520833333333333 0.06851851851851852
0 0.21770833333333334 0.28055555555555556 0.058333333333333334 0.08703703703703704
0 0.29635416666666664 0.22962962962962963 0.059375 0.07777777777777778
0 0.11822916666666666 0.21944444444444444 0.053125 0.09444444444444444
0 0.171875 0.18796296296296297 0.03958333333333333 0.06111111111111111
0 0.20729166666666668 0.15833333333333333 0.03958333333333333 0.053703703703703705
0 0.023958333333333335 0.2111111111111111 0.03958333333333333 0.06666666666666667
