0 0.8536458333333333 0.3712962962962963 0.13854166666666667 0.13148148148148148
0 0.7078125 0.325 0.103125 0.08703703703703704
0 0.5692708333333333 0.2712962962962963 0.08229166666666667 0.08333333333333333
2 0.4630208333333333 0.23055555555555557 0.065625 0.06851851851851852
2 0.27291666666666664 0.46111111111111114 0.09583333333333334 0.14814814814814814
0 0.36614583333333334 0.20462962962962963 0.046875 0.05
0 0.5505208333333333 0.31666666666666665 0.08645833333333333 0.08148148148148149
2 0.80625 0.7583333333333333 0.26458333333333334 0.3277777777777778
0 0.571875 0.5935185185185186 0.15416666666666667 0.1685185185185185
1 0.3802083333333333 0.3148148148148148 0.18125 0.2037037037037037
0 0.9213541666666667 0.5583333333333333 0.15729166666666666 0.19814814814814816
0 0.628125 0.5138888888888888 0.16458333333333333 0.15
0 0.409375 0.4648148148148148 0.11041666666666666 0.12222222222222222
2 0.809375 0.5851851851851851 0.16875 0.21481481481481482
0 0.953125 0.7305555555555555 0.09375 0.1648148148148148
0 0.7536458333333333 0.4675925925925926 0.153125 0.12407407407407407
0 0.5734375 0.37962962962962965 0.11145833333333334 0.1037037037037037
0 0.26197916666666665 0.3296296296296296 0.06145833333333333 0.08888888888888889
0 0.33125 0.4009259259259259 0.075 0.09444444444444444
0 0.4703125 0.325 0.08229166666666667 0.09814814814814815
0 0.2734375 0.2824074074074074 0.04479166666666667 0.06111111111111111
