0 0.6307291666666667 0.18333333333333332 0.026041666666666668 0.040740740740740744
0 0.6786458333333333 0.175 0.026041666666666668 0.05
2 0.725 0.1675925925925926 0.022916666666666665 0.04259259259259259
2 0.3734375 0.6888888888888889 0.09479166666666666 0.24444444444444444
2 0.028125 0.5768518518518518 0.05416666666666667 0.1685185185185185
0 0.7036458333333333 0.22777777777777777 0.036458333333333336 0.05185185185185185
2 0.6619791666666667 0.29444444444444445 0.059375 0.13333333333333333
0 0.7307291666666667 0.28703703703703703 0.04479166666666667 0.06296296296296296
0 0.778125 0.22870370370370371 0.041666666666666664 0.06111111111111111
0 0.3546875 0.412962962962963 0.06354166666666666 0.1037037037037037
0 0.46145833333333336 0.39537037037037037 0.05625 0.09814814814814815
0 0.28229166666666666 0.37037037037037035 0.0625 0.08518518518518518
0 0.35572916666666665 0.2796296296296296 0.053125 0.06666666666666667
0 0.8307291666666666 0.5064814814814815 0.09270833333333334 0.13518518518518519
0 0.45677083333333335 0.2111111111111111 0.036458333333333336 0.05925925925925926
0 0.41302083333333334 0.1962962962962963 0.028125 0.040740740740740744
0 0.5161458333333333 0.2037037037037037 0.03229166666666667 0.04814814814814815
