0 0.6432291666666666 0.19444444444444445 0.03854166666666667 0.05925925925925926
0 0.3109375 0.7777777777777778 0.159375 0.27037037037037037
0 0.30572916666666666 0.4648148148148148 0.084375 0.13333333333333333
0 0.7875 0.19166666666666668 0.03958333333333333 0.05740740740740741
0 0.09635416666666667 0.4083333333333333 0.090625 0.11296296296296296
0 0.671875 0.3074074074074074 0.05625 0.08148148148148149
0 0.7677083333333333 0.31203703703703706 0.058333333333333334 0.09074074074074075
0 0.46458333333333335 0.27870370370370373 0.04791666666666667 0.07222222222222222
0 0.42552083333333335 0.23703703703703705 0.04895833333333333 0.07037037037037037
0 0.7348958333333333 0.6472222222222223 0.10729166666666666 0.18703703703703703
0 0.9020833333333333 0.6212962962962963 0.11458333333333333 0.1685185185185185
