0 0.7984375 0.8824074074074074 0.265625 0.2351851851851852
0 0.21458333333333332 0.05 0.025 0.03333333333333333
0 0.4390625 0.3537037037037037 0.09479166666666666 0.11481481481481481
0 0.22239583333333332 0.07222222222222222 0.03229166666666667 0.037037037037037035
0 0.3328125 0.07777777777777778 0.03854166666666667 0.040740740740740744
2 0.22552083333333334 0.23703703703703705 0.065625 0.1111111111111111
0 0.25416666666666665 0.19722222222222222 0.04791666666666667 0.06111111111111111
0 0.165625 0.34629629629629627 0.08541666666666667 0.13333333333333333
0 0.4479166666666667 0.09907407407407408 0.04375 0.046296296296296294
0 0.4546875 0.12314814814814815 0.05520833333333333 0.05740740740740741
0 0.37083333333333335 0.14629629629629629 0.05625 0.05555555555555555
0 0.0765625 0.17037037037037037 0.03854166666666667 0.05555555555555555
0 0.12864583333333332 0.1425925925925926 0.036458333333333336 0.05185185185185185
2 0.5807291666666666 0.13333333333333333 0.06354166666666666 0.06666666666666667
0 0.5697916666666667 0.16666666666666666 0.05416666666666667 0.08148148148148149
0 0.49947916666666664 0.18518518518518517 0.057291666666666664 0.05925925925925926
0 0.084375 0.125 0.03333333333333333 0.05
0 0.1421875 0.0962962962962963 0.03229166666666667 0.04814814814814815
0 0.08541666666666667 0.09166666666666666 0.025 0.03518518518518519
0 0.0234375 0.26296296296296295 0.04479166666666667 0.08148148148148149
0 0.0265625 0.09537037037037037 0.026041666666666668 0.04259259259259259
0 0.7911458333333333 0.32222222222222224 0.11145833333333334 0.08888888888888889
0 0.7088541666666667 0.3388888888888889 0.11770833333333333 0.08888888888888889
0 0.1015625 0.06759259259259259 0.021875 0.03148148148148148
