0 0.5859375 0.19074074074074074 0.046875 0.08148148148148149
0 0.6776041666666667 0.225 0.057291666666666664 0.09814814814814815
0 0.6104166666666667 0.5407407407407407 0.1 0.2111111111111111
0 0.7526041666666666 0.12314814814814815 0.040625 0.053703703703703705
0 0.5932291666666667 0.12777777777777777 0.03854166666666667 0.05555555555555555
0 0.6432291666666666 0.13055555555555556 0.034375 0.05740740740740741
0 0.7739583333333333 0.21666666666666667 0.0625 0.07037037037037037
0 0.5359375 0.06296296296296296 0.023958333333333335 0.044444444444444446
0 0.5739583333333333 0.07037037037037037 0.027083333333333334 0.037037037037037035
0 0.9526041666666667 0.3277777777777778 0.09479166666666666 0.1111111111111111
