0 0.6875 0.19814814814814816 0.035416666666666666 0.05185185185185185
0 0.3536458333333333 0.7814814814814814 0.12604166666666666 0.2222222222222222
2 0.6458333333333334 0.2351851851851852 0.04375 0.07407407407407407
0 0.20677083333333332 0.4444444444444444 0.090625 0.14074074074074075
0 0.125 0.4287037037037037 0.08333333333333333 0.10925925925925926
2 0.33229166666666665 0.4148148148148148 0.07708333333333334 0.15925925925925927
0 0.7880208333333333 0.2361111111111111 0.040625 0.05740740740740741
0 0.3223958333333333 0.3111111111111111 0.05520833333333333 0.08148148148148149
0 0.315625 0.22870370370370371 0.03958333333333333 0.05
0 0.7286458333333333 0.6435185185185185 0.09479166666666666 0.1537037037037037
0 0.9505208333333334 0.7574074074074074 0.09895833333333333 0.18518518518518517
