0 0.3151041666666667 0.8685185185185185 0.134375 0.26296296296296295
0 0.18020833333333333 0.7092592592592593 0.14166666666666666 0.24074074074074073
0 0.10833333333333334 0.5888888888888889 0.11875 0.14814814814814814
0 0.6140625 0.21388888888888888 0.030208333333333334 0.05
0 0.071875 0.49907407407407406 0.10625 0.12407407407407407
0 0.3625 0.4083333333333333 0.06666666666666667 0.09814814814814815
0 0.47708333333333336 0.34074074074074073 0.052083333333333336 0.08148148148148149
0 0.4078125 0.2898148148148148 0.04479166666666667 0.06851851851851852
0 0.6473958333333333 0.3212962962962963 0.051041666666666666 0.07962962962962963
0 0.3255208333333333 0.2935185185185185 0.05520833333333333 0.08703703703703704
0 0.4869791666666667 0.23796296296296296 0.03854166666666667 0.05740740740740741
0 0.8609375 0.3731481481481482 0.06770833333333333 0.08703703703703704
0 0.4557291666666667 0.19074074074074074 0.03229166666666667 0.04814814814814815
0 0.9442708333333333 0.3435185185185185 0.071875 0.09074074074074075
