0 0.63125 0.6712962962962963 0.11458333333333333 0.22407407407407406
0 0.9416666666666667 0.95 0.11666666666666667 0.1
0 0.4546875 0.6944444444444444 0.115625 0.24074074074074073
0 0.6270833333333333 0.3425925925925926 0.0625 0.10740740740740741
0 0.5838541666666667 0.20462962962962963 0.040625 0.06481481481481481
0 0.659375 0.20555555555555555 0.041666666666666664 0.07037037037037037
2 0.8453125 0.21574074074074073 0.04895833333333333 0.09074074074074075
0 0.5505208333333333 0.14444444444444443 0.030208333333333334 0.05185185185185185
2 0.6072916666666667 0.10740740740740741 0.027083333333333334 0.05185185185185185
0 0.5411458333333333 0.1 0.026041666666666668 0.040740740740740744
