0 0.030729166666666665 0.48055555555555557 0.059375 0.08703703703703704
0 0.140625 0.5222222222222223 0.14166666666666666 0.14074074074074075
0 0.40677083333333336 0.37407407407407406 0.09479166666666666 0.0962962962962963
0 0.2994791666666667 0.3814814814814815 0.11145833333333334 0.1111111111111111
0 0.7244791666666667 0.22592592592592592 0.046875 0.05555555555555555
0 0.8645833333333334 0.23425925925925925 0.041666666666666664 0.07222222222222222
0 0.7692708333333333 0.26944444444444443 0.053125 0.07222222222222222
2 0.6307291666666667 0.3527777777777778 0.08645833333333333 0.11296296296296296
0 0.43645833333333334 0.2064814814814815 0.05625 0.06481481481481481
0 0.9635416666666666 0.5083333333333333 0.07291666666666667 0.1574074074074074
0 0.6255208333333333 0.15462962962962962 0.03854166666666667 0.046296296296296294
