0 0.29375 0.5564814814814815 0.09166666666666666 0.07962962962962963
1 0.09479166666666666 0.5787037037037037 0.1875 0.17592592592592593
1 0.15625 0.7138888888888889 0.3104166666666667 0.26851851851851855
0 0.23229166666666667 0.6083333333333333 0.06875 0.07222222222222222
0 0.08229166666666667 0.8481481481481481 0.1625 0.14814814814814814
0 0.3265625 0.7388888888888889 0.128125 0.12222222222222222
0 0.41770833333333335 0.8916666666666667 0.16666666666666666 0.1537037037037037
0 0.5723958333333333 0.6425925925925926 0.10104166666666667 0.08518518518518518
0 0.6098958333333333 0.7324074074074074 0.11354166666666667 0.11296296296296296
0 0.7020833333333333 0.5796296296296296 0.08541666666666667 0.08518518518518518
0 0.8802083333333334 0.7555555555555555 0.1125 0.13333333333333333
0 0.8682291666666667 0.5259259259259259 0.06770833333333333 0.07037037037037037
