0 0.6354166666666666 0.2064814814814815 0.03333333333333333 0.053703703703703705
0 0.2265625 0.6509259259259259 0.11145833333333334 0.1685185185185185
0 0.696875 0.21296296296296297 0.035416666666666666 0.05555555555555555
2 0.3307291666666667 0.7925925925925926 0.12604166666666666 0.2962962962962963
0 0.6494791666666667 0.27870370370370373 0.040625 0.06851851851851852
0 0.7270833333333333 0.2796296296296296 0.04791666666666667 0.06666666666666667
0 0.39427083333333335 0.41388888888888886 0.065625 0.10555555555555556
0 0.23125 0.32037037037037036 0.05625 0.06666666666666667
0 0.8088541666666667 0.28703703703703703 0.051041666666666666 0.07407407407407407
0 0.6739583333333333 0.4148148148148148 0.07291666666666667 0.10740740740740741
2 0.3692708333333333 0.2388888888888889 0.03854166666666667 0.07037037037037037
0 0.8703125 0.26296296296296295 0.053125 0.07037037037037037
0 0.8369791666666667 0.4462962962962963 0.08229166666666667 0.12222222222222222
0 0.49583333333333335 0.2222222222222222 0.035416666666666666 0.05555555555555555
