0 0.7859375 0.2814814814814815 0.121875 0.11481481481481481
2 0.6223958333333334 0.22407407407407406 0.09895833333333333 0.08888888888888889
0 0.5166666666666667 0.19814814814814816 0.06875 0.06666666666666667
0 0.44895833333333335 0.17962962962962964 0.05416666666666667 0.05925925925925926
0 0.5083333333333333 0.2351851851851852 0.07291666666666667 0.07407407407407407
2 0.81875 0.7046296296296296 0.2708333333333333 0.32407407407407407
0 0.584375 0.5453703703703704 0.15833333333333333 0.1685185185185185
1 0.3890625 0.275 0.184375 0.20555555555555555
0 0.9473958333333333 0.5111111111111111 0.10520833333333333 0.17037037037037037
0 0.6401041666666667 0.4666666666666667 0.165625 0.14444444444444443
0 0.42916666666666664 0.43148148148148147 0.1125 0.1259259259259259
2 0.8255208333333334 0.5305555555555556 0.17604166666666668 0.20185185185185187
0 0.9614583333333333 0.6814814814814815 0.07708333333333334 0.15555555555555556
0 0.7682291666666666 0.4222222222222222 0.15520833333333334 0.1259259259259259
0 0.6229166666666667 0.34814814814814815 0.125 0.1037037037037037
0 0.29010416666666666 0.30925925925925923 0.065625 0.0962962962962963
0 0.3546875 0.3675925925925926 0.07604166666666666 0.09444444444444444
0 0.5104166666666666 0.2935185185185185 0.08125 0.10555555555555556
0 0.29583333333333334 0.25092592592592594 0.04791666666666667 0.05740740740740741
0 0.25364583333333335 0.22870370370370371 0.040625 0.053703703703703705
0 0.24479166666666666 0.28055555555555556 0.04375 0.06851851851851852
