0 0.42239583333333336 0.7064814814814815 0.14895833333333333 0.29444444444444445
0 0.6682291666666667 0.41574074074074074 0.08229166666666667 0.1574074074074074
0 0.5265625 0.33796296296296297 0.07604166666666666 0.12777777777777777
0 0.46822916666666664 0.21296296296296297 0.053125 0.08148148148148149
0 0.64375 0.2351851851851852 0.06041666666666667 0.1259259259259259
0 0.5697916666666667 0.19166666666666668 0.05 0.09074074074074075
0 0.640625 0.09074074074074075 0.035416666666666666 0.05555555555555555
0 0.5963541666666666 0.0787037037037037 0.028125 0.046296296296296294
0 0.7838541666666666 0.22870370370370371 0.06145833333333333 0.09444444444444444
0 0.8401041666666667 0.20092592592592592 0.06145833333333333 0.08703703703703704
0 0.8875 0.15 0.058333333333333334 0.07407407407407407
0 0.8114583333333333 0.10833333333333334 0.04791666666666667 0.06481481481481481
0 0.9255208333333333 0.08148148148148149 0.084375 0.05925925925925926
0 0.5796875 0.13796296296296295 0.040625 0.06481481481481481
2 0.5708333333333333 0.09814814814814815 0.03958333333333333 0.06666666666666667
0 0.940625 0.7074074074074074 0.11875 0.2518518518518518
1 0.4859375 0.11018518518518519 0.121875 0.1537037037037037
