0 0.159375 0.28888888888888886 0.11458333333333333 0.0962962962962963
0 0.14322916666666666 0.3509259259259259 0.15520833333333334 0.12037037037037036
2 0.3890625 0.19907407407407407 0.09895833333333333 0.10555555555555556
2 0.24166666666666667 0.40370370370370373 0.18125 0.17777777777777778
2 0.4453125 0.2101851851851852 0.11145833333333334 0.10185185185185185
0 0.45260416666666664 0.275 0.13645833333333332 0.10925925925925926
0 0.9552083333333333 0.31574074074074077 0.08958333333333333 0.12777777777777777
0 0.6817708333333333 0.14074074074074075 0.07604166666666666 0.07407407407407407
0 0.8697916666666666 0.6546296296296297 0.19583333333333333 0.22777777777777777
0 0.7567708333333333 0.1685185185185185 0.09895833333333333 0.09259259259259259
2 0.85625 0.09074074074074075 0.06458333333333334 0.07407407407407407
0 0.8239583333333333 0.08425925925925926 0.05416666666666667 0.053703703703703705
