0 0.8036458333333333 0.2361111111111111 0.03854166666666667 0.05
2 0.8885416666666667 0.28425925925925927 0.03333333333333333 0.08333333333333333
0 0.0296875 0.6666666666666666 0.057291666666666664 0.13333333333333333
0 0.9578125 0.2777777777777778 0.03854166666666667 0.06296296296296296
0 0.1390625 0.4398148148148148 0.096875 0.09814814814814815
0 0.3145833333333333 0.5212962962962963 0.12916666666666668 0.13148148148148148
0 0.6307291666666667 0.43703703703703706 0.08645833333333333 0.10740740740740741
0 0.5510416666666667 0.3148148148148148 0.06666666666666667 0.07407407407407407
0 0.7088541666666667 0.5231481481481481 0.09270833333333334 0.12407407407407407
0 0.48385416666666664 0.2814814814814815 0.06145833333333333 0.07407407407407407
