0 0.33489583333333334 0.22962962962962963 0.04479166666666667 0.07407407407407407
0 0.4109375 0.8851851851851852 0.165625 0.22962962962962963
2 0.1203125 0.7888888888888889 0.209375 0.3851851851851852
0 0.6354166666666666 0.12129629629629629 0.029166666666666667 0.05
0 0.575 0.08796296296296297 0.025 0.04259259259259259
0 0.6875 0.14907407407407408 0.0375 0.05740740740740741
0 0.6760416666666667 0.1962962962962963 0.04791666666666667 0.07777777777777778
0 0.37135416666666665 0.4324074074074074 0.084375 0.12777777777777777
0 0.2869791666666667 0.39537037037037037 0.08020833333333334 0.10925925925925926
0 0.5067708333333333 0.2074074074074074 0.042708333333333334 0.06666666666666667
0 0.7442708333333333 0.23796296296296296 0.05520833333333333 0.08333333333333333
0 0.43854166666666666 0.20555555555555555 0.04583333333333333 0.06666666666666667
0 0.48072916666666665 0.12222222222222222 0.023958333333333335 0.04814814814814815
0 0.5291666666666667 0.15555555555555556 0.0375 0.05185185185185185
0 0.7677083333333333 0.412962962962963 0.09166666666666666 0.13703703703703704
0 0.9359375 0.4962962962962963 0.084375 0.15925925925925927
0 0.5057291666666667 0.11018518518518519 0.023958333333333335 0.03518518518518519
1 0.6786458333333333 0.09722222222222222 0.05520833333333333 0.08703703703703704
