0 0.29375 0.5564814814814815 0.09166666666666666 0.07962962962962963
1 0.09375 0.5638888888888889 0.18541666666666667 0.1425925925925926
1 0.15625 0.7138888888888889 0.3104166666666667 0.26851851851851855
0 0.23229166666666667 0.6083333333333333 0.06875 0.07222222222222222
0 0.08229166666666667 0.8453703703703703 0.1625 0.14629629629629629
0 0.228125 0.7796296296296297 0.13333333333333333 0.12962962962962962
0 0.20885416666666667 0.9564814814814815 0.171875 0.08703703703703704
0 0.47708333333333336 0.6796296296296296 0.10625 0.1
0 0.30572916666666666 0.8740740740740741 0.16979166666666667 0.15555555555555556
0 0.5578125 0.6166666666666667 0.09270833333333334 0.08518518518518518
0 0.6552083333333333 0.5601851851851852 0.09166666666666666 0.06851851851851852
0 0.7369791666666666 0.924074074074074 0.165625 0.15185185185185185
