0 0.2604166666666667 0.041666666666666664 0.027083333333333334 0.03148148148148148
0 0.26458333333333334 0.4759259259259259 0.09791666666666667 0.14814814814814814
0 0.43125 0.4842592592592593 0.11458333333333333 0.14629629629629629
2 0.32864583333333336 0.04722222222222222 0.030208333333333334 0.04259259259259259
0 0.30572916666666666 0.058333333333333334 0.028125 0.04259259259259259
0 0.246875 0.05925925925925926 0.027083333333333334 0.025925925925925925
0 0.2921875 0.33611111111111114 0.078125 0.12407407407407407
0 0.4 0.29907407407407405 0.08958333333333333 0.11666666666666667
0 0.20625 0.20925925925925926 0.04791666666666667 0.06666666666666667
0 0.11197916666666667 0.23796296296296296 0.04895833333333333 0.07222222222222222
0 0.3645833333333333 0.11018518518518519 0.041666666666666664 0.04259259259259259
0 0.2796875 0.10185185185185185 0.034375 0.037037037037037035
0 0.24322916666666666 0.175 0.046875 0.06111111111111111
0 0.023958333333333335 0.2324074074074074 0.04583333333333333 0.07222222222222222
0 0.35989583333333336 0.13055555555555556 0.046875 0.04259259259259259
0 0.44947916666666665 0.12222222222222222 0.051041666666666666 0.04814814814814815
2 0.13802083333333334 0.1425925925925926 0.042708333333333334 0.07407407407407407
0 0.5046875 0.21481481481481482 0.07395833333333333 0.06296296296296296
0 0.7796875 0.23333333333333334 0.08854166666666667 0.08148148148148149
0 0.030208333333333334 0.09259259259259259 0.025 0.040740740740740744
