0 0.28229166666666666 0.5027777777777778 0.08333333333333333 0.12407407407407407
0 0.3572916666666667 0.23333333333333334 0.0375 0.05555555555555555
0 0.4166666666666667 0.23981481481481481 0.035416666666666666 0.053703703703703705
0 0.6130208333333333 0.1935185185185185 0.030208333333333334 0.05
0 0.7375 0.23055555555555557 0.03958333333333333 0.053703703703703705
2 0.8104166666666667 0.21574074074074073 0.04375 0.06851851851851852
0 0.6223958333333334 0.2611111111111111 0.03854166666666667 0.06296296296296296
0 0.7161458333333334 0.28888888888888886 0.042708333333333334 0.06296296296296296
0 0.8046875 0.29814814814814816 0.05520833333333333 0.08518518518518518
0 0.6723958333333333 0.44722222222222224 0.06979166666666667 0.10925925925925926
0 0.8739583333333333 0.39537037037037037 0.075 0.09444444444444444
0 0.8046875 0.5166666666666667 0.084375 0.11481481481481481
2 0.7791666666666667 0.9064814814814814 0.15833333333333333 0.18703703703703703
