0 0.7041666666666667 0.2175925925925926 0.03958333333333333 0.06851851851851852
0 0.6416666666666667 0.24444444444444444 0.041666666666666664 0.06296296296296296
0 0.7703125 0.21851851851851853 0.040625 0.05925925925925926
0 0.8104166666666667 0.27314814814814814 0.052083333333333336 0.06851851851851852
0 0.7755208333333333 0.387037037037037 0.06770833333333333 0.09259259259259259
0 0.4979166666666667 0.2611111111111111 0.03958333333333333 0.06666666666666667
2 0.7317708333333334 0.5370370370370371 0.090625 0.17407407407407408
0 0.38697916666666665 0.2101851851851852 0.03854166666666667 0.06481481481481481
0 0.3458333333333333 0.19722222222222222 0.03333333333333333 0.05
2 0.45208333333333334 0.18888888888888888 0.035416666666666666 0.07407407407407407
