2 0.6765625 0.01574074074074074 0.013541666666666667 0.027777777777777776
0 0.6598958333333333 0.014814814814814815 0.015625 0.025925925925925925
0 0.7161458333333334 0.027777777777777776 0.019791666666666666 0.03333333333333333
0 0.6713541666666667 0.04814814814814815 0.023958333333333335 0.037037037037037035
0 0.6901041666666666 0.037037037037037035 0.019791666666666666 0.03333333333333333
0 0.721875 0.06944444444444445 0.029166666666666667 0.03888888888888889
0 0.7786458333333334 0.11018518518518519 0.03854166666666667 0.053703703703703705
0 0.76875 0.13240740740740742 0.041666666666666664 0.06851851851851852
0 0.5661458333333333 0.058333333333333334 0.021875 0.04259259259259259
0 0.5994791666666667 0.027777777777777776 0.019791666666666666 0.02962962962962963
3 0.5708333333333333 0.026851851851851852 0.025 0.05
0 0.9572916666666667 0.1398148148148148 0.08541666666666667 0.06111111111111111
1 0.3875 0.6212962962962963 0.28125 0.7240740740740741
