0 0.346875 0.11574074074074074 0.05625 0.09814814814814815
1 0.9052083333333333 0.21388888888888888 0.18958333333333333 0.42407407407407405
0 0.21822916666666667 0.5425925925925926 0.18645833333333334 0.29259259259259257
0 0.4005208333333333 0.1675925925925926 0.07395833333333333 0.11666666666666667
0 0.3776041666666667 0.03518518518518519 0.053125 0.06666666666666667
2 0.46770833333333334 0.03518518518518519 0.04791666666666667 0.06666666666666667
0 0.3546875 0.014814814814814815 0.06770833333333333 0.025925925925925925
0 0.5109375 0.12314814814814815 0.059375 0.10185185185185185
0 0.7244791666666667 0.22685185185185186 0.09270833333333334 0.12777777777777777
0 0.45260416666666664 0.01574074074074074 0.04479166666666667 0.027777777777777776
0 0.525 0.01574074074074074 0.041666666666666664 0.027777777777777776
