0 0.6125 0.16018518518518518 0.035416666666666666 0.05740740740740741
0 0.6328125 0.2712962962962963 0.05520833333333333 0.08333333333333333
0 0.4119791666666667 0.15925925925925927 0.034375 0.05555555555555555
0 0.47604166666666664 0.1175925925925926 0.029166666666666667 0.04259259259259259
0 0.5229166666666667 0.09166666666666666 0.025 0.03888888888888889
0 0.6401041666666667 0.37962962962962965 0.07604166666666666 0.1111111111111111
0 0.83125 0.5509259259259259 0.12916666666666668 0.17962962962962964
0 0.5057291666666667 0.06759259259259259 0.021875 0.03148148148148148
0 0.7973958333333333 0.8592592592592593 0.196875 0.25925925925925924
1 0.93125 0.4444444444444444 0.1375 0.40370370370370373
1 0.7463541666666667 0.2898148148148148 0.13854166666666667 0.28703703703703703
1 0.33125 0.287962962962963 0.11666666666666667 0.2537037037037037
