0 0.040625 0.5527777777777778 0.07916666666666666 0.1648148148148148
0 0.5869791666666667 0.4583333333333333 0.21770833333333334 0.17962962962962964
0 0.8083333333333333 0.30277777777777776 0.15 0.1425925925925926
0 0.7911458333333333 0.8472222222222222 0.334375 0.3055555555555556
0 0.10833333333333334 0.9083333333333333 0.21458333333333332 0.18333333333333332
0 0.18229166666666666 0.22870370370370371 0.13333333333333333 0.09074074074074075
0 0.3307291666666667 0.19907407407407407 0.140625 0.09444444444444444
0 0.4640625 0.17407407407407408 0.10520833333333333 0.08888888888888889
0 0.5828125 0.1537037037037037 0.11770833333333333 0.08888888888888889
0 0.04739583333333333 0.2537037037037037 0.09270833333333334 0.09259259259259259
