0 0.29375 0.5518518518518518 0.09583333333333334 0.07407407407407407
1 0.09375 0.5731481481481482 0.18541666666666667 0.1685185185185185
1 0.15833333333333333 0.7129629629629629 0.3145833333333333 0.27037037037037037
0 0.22447916666666667 0.5925925925925926 0.065625 0.08148148148148149
0 0.39479166666666665 0.7148148148148148 0.11041666666666666 0.12222222222222222
0 0.5994791666666667 0.6268518518518519 0.096875 0.09444444444444444
3 0.9302083333333333 0.8064814814814815 0.13958333333333334 0.3388888888888889
0 0.8947916666666667 0.7574074074074074 0.1 0.12222222222222222
0 0.8604166666666667 0.6453703703703704 0.08958333333333333 0.07962962962962963
0 0.8572916666666667 0.5555555555555556 0.07291666666666667 0.07777777777777778
0 0.7630208333333334 0.8944444444444445 0.140625 0.16296296296296298
