0 0.13958333333333334 0.587037037037037 0.14583333333333334 0.2
0 0.9541666666666667 0.23796296296296296 0.03958333333333333 0.06851851851851852
0 0.8734375 0.18518518518518517 0.036458333333333336 0.05925925925925926
0 0.14322916666666666 0.4324074074074074 0.12604166666666666 0.13518518518518519
0 0.7921875 0.23055555555555557 0.046875 0.07222222222222222
0 0.29791666666666666 0.2953703703703704 0.08125 0.07962962962962963
2 0.47760416666666666 0.24814814814814815 0.071875 0.09259259259259259
2 0.6541666666666667 0.2962962962962963 0.07291666666666667 0.10740740740740741
0 0.42552083333333335 0.2537037037037037 0.06354166666666666 0.06296296296296296
0 0.8447916666666667 0.33796296296296297 0.058333333333333334 0.09444444444444444
0 0.9401041666666666 0.4925925925925926 0.07604166666666666 0.13703703703703704
0 0.5067708333333333 0.17222222222222222 0.046875 0.05185185185185185
