0 0.3223958333333333 0.05462962962962963 0.028125 0.03888888888888889
0 0.2375 0.07222222222222222 0.03958333333333333 0.040740740740740744
0 0.27708333333333335 0.5694444444444444 0.11041666666666666 0.1685185185185185
0 0.5192708333333333 0.45 0.14270833333333333 0.15555555555555556
0 0.275 0.3351851851851852 0.0875 0.11481481481481481
0 0.3015625 0.23796296296296296 0.06979166666666667 0.07592592592592592
0 0.0921875 0.2324074074074074 0.05520833333333333 0.08333333333333333
0 0.44895833333333335 0.14444444444444443 0.05625 0.06666666666666667
0 0.146875 0.11296296296296296 0.0375 0.05185185185185185
0 0.028125 0.3509259259259259 0.05416666666666667 0.13518518518518519
0 0.1046875 0.07037037037037037 0.034375 0.040740740740740744
0 0.8880208333333334 0.28888888888888886 0.13229166666666667 0.09259259259259259
