0 0.023958333333333335 0.6611111111111111 0.04583333333333333 0.14814814814814814
0 0.3854166666666667 0.6277777777777778 0.10833333333333334 0.2222222222222222
2 0.6744791666666666 0.17407407407407408 0.030208333333333334 0.05925925925925926
0 0.3223958333333333 0.4675925925925926 0.07395833333333333 0.11666666666666667
0 0.721875 0.2740740740740741 0.04583333333333333 0.06666666666666667
0 0.4609375 0.37777777777777777 0.05520833333333333 0.09259259259259259
2 0.42135416666666664 0.2777777777777778 0.04895833333333333 0.08888888888888889
0 0.6625 0.33240740740740743 0.04791666666666667 0.07222222222222222
0 0.36666666666666664 0.24351851851851852 0.041666666666666664 0.05740740740740741
0 0.8223958333333333 0.36203703703703705 0.065625 0.09444444444444444
2 0.9046875 0.2898148148148148 0.065625 0.09074074074074075
0 0.7817708333333333 0.7898148148148149 0.12604166666666666 0.19814814814814816
0 0.46822916666666664 0.18796296296296297 0.030208333333333334 0.046296296296296294
0 0.9479166666666666 0.7379629629629629 0.10416666666666667 0.18703703703703703
