0 0.6822916666666666 0.1685185185185185 0.029166666666666667 0.044444444444444446
0 0.6276041666666666 0.18333333333333332 0.028125 0.044444444444444446
0 0.7333333333333333 0.1675925925925926 0.03125 0.046296296296296294
0 0.6421875 0.22962962962962963 0.03229166666666667 0.05555555555555555
0 0.7130208333333333 0.2212962962962963 0.036458333333333336 0.05740740740740741
0 0.225 0.6777777777777778 0.12291666666666666 0.18888888888888888
0 0.28229166666666666 0.37962962962962965 0.06458333333333334 0.09259259259259259
0 0.40208333333333335 0.6101851851851852 0.09791666666666667 0.1648148148148148
0 0.7828125 0.1712962962962963 0.030208333333333334 0.046296296296296294
0 0.6666666666666666 0.29907407407407405 0.04375 0.06851851851851852
0 0.16875 0.3925925925925926 0.07291666666666667 0.0962962962962963
0 0.38385416666666666 0.3611111111111111 0.057291666666666664 0.08888888888888889
2 0.7723958333333333 0.34444444444444444 0.053125 0.1037037037037037
2 0.7020833333333333 0.46944444444444444 0.08125 0.14629629629629629
0 0.8640625 0.33240740740740743 0.06354166666666666 0.08333333333333333
0 0.85 0.4824074074074074 0.08541666666666667 0.12407407407407407
0 0.4510416666666667 0.22314814814814815 0.035416666666666666 0.05740740740740741
0 0.9078125 0.2851851851851852 0.053125 0.07407407407407407
0 0.5192708333333333 0.19444444444444445 0.034375 0.05555555555555555
