2 0.9078125 0.17962962962962964 0.06979166666666667 0.1037037037037037
0 0.8802083333333334 0.2953703703703704 0.09166666666666666 0.09814814814814815
0 0.9619791666666667 0.3638888888888889 0.07604166666666666 0.12037037037037036
0 0.7526041666666666 0.32314814814814813 0.109375 0.10555555555555556
0 0.23020833333333332 0.4759259259259259 0.1 0.0962962962962963
2 0.409375 0.2814814814814815 0.07916666666666666 0.08148148148148149
0 0.46770833333333334 0.2935185185185185 0.06875 0.07222222222222222
0 0.5588541666666667 0.22870370370370371 0.071875 0.06111111111111111
0 0.5114583333333333 0.8287037037037037 0.23541666666666666 0.24259259259259258
0 0.6234375 0.12129629629629629 0.057291666666666664 0.053703703703703705
