0 0.22395833333333334 0.05277777777777778 0.022916666666666665 0.03148148148148148
0 0.35885416666666664 0.7148148148148148 0.15729166666666666 0.23333333333333334
0 0.8989583333333333 0.8092592592592592 0.20208333333333334 0.28888888888888886
0 0.2703125 0.07222222222222222 0.03229166666666667 0.037037037037037035
0 0.309375 0.06851851851851852 0.03333333333333333 0.037037037037037035
0 0.24322916666666666 0.08333333333333333 0.030208333333333334 0.03333333333333333
0 0.29739583333333336 0.11203703703703703 0.036458333333333336 0.03518518518518519
0 0.23229166666666667 0.2722222222222222 0.06458333333333334 0.08148148148148149
2 0.10208333333333333 0.225 0.04791666666666667 0.09814814814814815
2 0.4 0.0962962962962963 0.04583333333333333 0.05185185185185185
0 0.43072916666666666 0.08703703703703704 0.034375 0.040740740740740744
0 0.13229166666666667 0.15648148148148147 0.03958333333333333 0.05740740740740741
2 0.5317708333333333 0.15 0.06354166666666666 0.06296296296296296
0 0.10104166666666667 0.11851851851851852 0.03333333333333333 0.04814814814814815
2 0.6015625 0.14351851851851852 0.06979166666666667 0.06851851851851852
0 0.584375 0.2175925925925926 0.075 0.07592592592592592
0 0.0296875 0.3101851851851852 0.057291666666666664 0.10925925925925926
0 0.103125 0.06759259259259259 0.025 0.03148148148148148
2 0.010416666666666666 0.17407407407407408 0.01875 0.07777777777777778
0 0.93125 0.4537037037037037 0.1375 0.12222222222222222
