0 0.4515625 0.5203703703703704 0.13229166666666667 0.17777777777777778
0 0.24270833333333333 0.05648148148148148 0.027083333333333334 0.03518518518518519
0 0.32083333333333336 0.24814814814814815 0.07083333333333333 0.08518518518518518
0 0.25885416666666666 0.08611111111111111 0.040625 0.03888888888888889
0 0.3807291666666667 0.08981481481481482 0.040625 0.03888888888888889
2 0.17239583333333333 0.17592592592592593 0.051041666666666666 0.08518518518518518
0 0.19791666666666666 0.14629629629629629 0.041666666666666664 0.05185185185185185
0 0.14739583333333334 0.7425925925925926 0.13645833333333332 0.26666666666666666
0 0.1046875 0.2388888888888889 0.06354166666666666 0.0962962962962963
0 0.5265625 0.11944444444444445 0.053125 0.046296296296296294
0 0.55 0.15555555555555556 0.06666666666666667 0.06666666666666667
0 0.46510416666666665 0.19074074074074074 0.07604166666666666 0.06296296296296296
0 0.05520833333333333 0.13333333333333333 0.035416666666666666 0.04814814814814815
0 0.10104166666666667 0.1111111111111111 0.03125 0.044444444444444446
2 0.7 0.17037037037037037 0.08541666666666667 0.07777777777777778
0 0.70625 0.21481481481481482 0.07916666666666666 0.0962962962962963
0 0.6447916666666667 0.2490740740740741 0.0875 0.07222222222222222
0 0.058333333333333334 0.09444444444444444 0.029166666666666667 0.044444444444444446
0 0.115625 0.07222222222222222 0.03125 0.040740740740740744
