0 0.4864583333333333 0.1388888888888889 0.03125 0.06296296296296296
0 0.6822916666666666 0.7416666666666667 0.13958333333333334 0.2833333333333333
0 0.6 0.3194444444444444 0.06666666666666667 0.10555555555555556
0 0.5776041666666667 0.16111111111111112 0.040625 0.07037037037037037
0 0.6546875 0.17222222222222222 0.042708333333333334 0.07037037037037037
2 0.5130208333333334 0.16111111111111112 0.051041666666666666 0.08888888888888889
0 0.5583333333333333 0.0962962962962963 0.027083333333333334 0.044444444444444446
0 0.7640625 0.19814814814814816 0.065625 0.08148148148148149
0 0.9 0.24351851851851852 0.07291666666666667 0.09074074074074075
0 0.5588541666666667 0.05648148148148148 0.028125 0.04259259259259259
0 0.5916666666666667 0.05092592592592592 0.025 0.04259259259259259
1 0.45208333333333334 0.47962962962962963 0.16875 0.5
