0 0.7822916666666667 0.8981481481481481 0.25 0.2037037037037037
0 0.5197916666666667 0.9583333333333334 0.16666666666666666 0.08333333333333333
0 0.746875 0.6287037037037037 0.19791666666666666 0.20925925925925926
0 0.4630208333333333 0.5037037037037037 0.134375 0.16666666666666666
0 0.23072916666666668 0.06574074074074074 0.034375 0.03148148148148148
0 0.25677083333333334 0.05185185185185185 0.034375 0.03333333333333333
0 0.33125 0.041666666666666664 0.029166666666666667 0.03518518518518519
0 0.16145833333333334 0.31574074074074077 0.06875 0.10185185185185185
0 0.31145833333333334 0.10740740740740741 0.04583333333333333 0.044444444444444446
0 0.43072916666666666 0.13518518518518519 0.059375 0.05185185185185185
0 0.16145833333333334 0.1814814814814815 0.04791666666666667 0.06296296296296296
0 0.43697916666666664 0.1712962962962963 0.04895833333333333 0.05
0 0.10364583333333334 0.11203703703703703 0.036458333333333336 0.05
0 0.5953125 0.2574074074074074 0.08854166666666667 0.07777777777777778
0 0.6859375 0.2462962962962963 0.08854166666666667 0.08518518518518518
0 0.7401041666666667 0.22037037037037038 0.08229166666666667 0.08148148148148149
0 0.8276041666666667 0.21666666666666667 0.10104166666666667 0.07777777777777778
1 0.06302083333333333 0.05462962962962963 0.05520833333333333 0.10555555555555556
0 0.1171875 0.06944444444444445 0.030208333333333334 0.03518518518518519
