0 0.7203125 0.17314814814814813 0.026041666666666668 0.03888888888888889
0 0.0625 0.7111111111111111 0.12291666666666666 0.17407407407407408
0 0.6932291666666667 0.19907407407407407 0.030208333333333334 0.05
0 0.28958333333333336 0.375 0.06041666666666667 0.09074074074074075
0 0.6473958333333333 0.24722222222222223 0.036458333333333336 0.053703703703703705
0 0.7166666666666667 0.2657407407407407 0.04375 0.06111111111111111
0 0.7760416666666666 0.24444444444444444 0.041666666666666664 0.05555555555555555
0 0.3927083333333333 0.362962962962963 0.058333333333333334 0.1
0 0.4786458333333333 0.3592592592592593 0.053125 0.08888888888888889
0 0.3958333333333333 0.24814814814814815 0.035416666666666666 0.05185185185185185
0 0.7984375 0.20277777777777778 0.034375 0.04259259259259259
0 0.43385416666666665 0.2851851851851852 0.040625 0.05925925925925926
2 0.7052083333333333 0.4935185185185185 0.06666666666666667 0.13148148148148148
0 0.8427083333333333 0.5027777777777778 0.08958333333333333 0.11666666666666667
0 0.875 0.3768518518518518 0.06666666666666667 0.08333333333333333
2 0.46927083333333336 0.18611111111111112 0.036458333333333336 0.07962962962962963
0 0.9427083333333334 0.7564814814814815 0.11458333333333333 0.17592592592592593
0 0.9770833333333333 0.38796296296296295 0.04583333333333333 0.08703703703703704
0 0.5182291666666666 0.20925925925925926 0.03229166666666667 0.05555555555555555
