0 0.90625 0.35648148148148145 0.14375 0.11666666666666667
0 0.7166666666666667 0.29444444444444445 0.11041666666666666 0.1037037037037037
2 0.6130208333333333 0.24444444444444444 0.09270833333333334 0.08888888888888889
0 0.5104166666666666 0.2175925925925926 0.06875 0.06481481481481481
0 0.4427083333333333 0.1962962962962963 0.05416666666666667 0.05555555555555555
0 0.19739583333333333 0.34444444444444444 0.06354166666666666 0.08518518518518518
0 0.5020833333333333 0.25 0.07083333333333333 0.07777777777777778
2 0.8140625 0.7212962962962963 0.271875 0.32407407407407407
0 0.5796875 0.5611111111111111 0.15520833333333334 0.17037037037037037
1 0.3828125 0.287962962962963 0.18229166666666666 0.20555555555555555
0 0.9442708333333333 0.5296296296296297 0.11145833333333334 0.17037037037037037
0 0.634375 0.48148148148148145 0.16458333333333333 0.14074074074074075
0 0.42135416666666664 0.44814814814814813 0.11354166666666667 0.1259259259259259
2 0.8182291666666667 0.5462962962962963 0.17395833333333333 0.2037037037037037
0 0.9567708333333333 0.6935185185185185 0.08645833333333333 0.1537037037037037
0 0.7619791666666667 0.43796296296296294 0.15520833333333334 0.12777777777777777
0 0.615625 0.3648148148148148 0.12083333333333333 0.10740740740740741
0 0.2864583333333333 0.32592592592592595 0.06875 0.0962962962962963
0 0.34739583333333335 0.3814814814814815 0.07604166666666666 0.0962962962962963
0 0.5005208333333333 0.30833333333333335 0.090625 0.10555555555555556
0 0.29010416666666666 0.2601851851851852 0.042708333333333334 0.05740740740740741
0 0.246875 0.24259259259259258 0.03958333333333333 0.05185185185185185
0 0.2390625 0.29259259259259257 0.04479166666666667 0.07037037037037037
