0 0.12447916666666667 0.7212962962962963 0.171875 0.31666666666666665
0 0.4635416666666667 0.21481481481481482 0.09166666666666666 0.09259259259259259
0 0.7119791666666667 0.2111111111111111 0.10104166666666667 0.08518518518518518
0 0.5869791666666667 0.42685185185185187 0.171875 0.18333333333333332
0 0.3984375 0.3851851851851852 0.13020833333333334 0.14814814814814814
0 0.33958333333333335 0.2537037037037037 0.08541666666666667 0.09259259259259259
0 0.23333333333333334 0.25 0.07083333333333333 0.08888888888888889
0 0.1625 0.20462962962962963 0.058333333333333334 0.08333333333333333
0 0.13854166666666667 0.15462962962962962 0.03958333333333333 0.06111111111111111
1 0.30364583333333334 0.09074074074074075 0.115625 0.12222222222222222
