0 0.5416666666666666 0.24351851851851852 0.0625 0.09444444444444444
2 0.6494791666666667 0.49722222222222223 0.11354166666666667 0.25
0 0.6046875 0.33796296296296297 0.065625 0.12407407407407407
0 0.715625 0.30462962962962964 0.08333333333333333 0.1388888888888889
1 0.5036458333333333 0.07407407407407407 0.051041666666666666 0.14444444444444443
0 0.5770833333333333 0.11851851851851852 0.035416666666666666 0.05555555555555555
0 0.659375 0.1787037037037037 0.052083333333333336 0.07222222222222222
0 0.6895833333333333 0.0824074074074074 0.0375 0.053703703703703705
0 0.621875 0.10462962962962963 0.035416666666666666 0.05
2 0.6135416666666667 0.06296296296296296 0.029166666666666667 0.05185185185185185
0 0.5619791666666667 0.05462962962962963 0.023958333333333335 0.04259259259259259
0 0.8895833333333333 0.25092592592592594 0.075 0.09444444444444444
1 0.4484375 0.46944444444444444 0.17395833333333333 0.5055555555555555
