0 0.18802083333333333 0.3 0.09479166666666666 0.06666666666666667
1 0.15833333333333333 0.4046296296296296 0.22916666666666666 0.31296296296296294
0 0.29583333333333334 0.7851851851851852 0.16666666666666666 0.2740740740740741
0 0.31666666666666665 0.30648148148148147 0.06458333333333334 0.09074074074074075
0 0.321875 0.4759259259259259 0.09583333333333334 0.13703703703703704
0 0.6317708333333333 0.25 0.04479166666666667 0.06666666666666667
0 0.43697916666666664 0.3648148148148148 0.06354166666666666 0.1111111111111111
0 0.39947916666666666 0.25277777777777777 0.04479166666666667 0.07222222222222222
0 0.375 0.33055555555555555 0.06458333333333334 0.10555555555555556
0 0.478125 0.24537037037037038 0.04375 0.07222222222222222
0 0.4088541666666667 0.19814814814814816 0.03854166666666667 0.05925925925925926
0 0.4036458333333333 0.1527777777777778 0.03229166666666667 0.05
