0 0.915625 0.8027777777777778 0.16875 0.2759259259259259
2 0.45416666666666666 0.11388888888888889 0.05 0.06481481481481481
0 0.484375 0.8759259259259259 0.21458333333333332 0.24814814814814815
0 0.328125 0.12962962962962962 0.052083333333333336 0.05555555555555555
0 0.48020833333333335 0.1037037037037037 0.03125 0.04814814814814815
0 0.4473958333333333 0.36574074074074076 0.09895833333333333 0.12407407407407407
0 0.3958333333333333 0.1712962962962963 0.052083333333333336 0.06111111111111111
0 0.21979166666666666 0.26296296296296295 0.05416666666666667 0.08148148148148149
0 0.490625 0.17222222222222222 0.058333333333333334 0.06296296296296296
0 0.5526041666666667 0.17314814814814813 0.06354166666666666 0.06481481481481481
0 0.596875 0.14814814814814814 0.05625 0.05925925925925926
0 0.5682291666666667 0.2611111111111111 0.07604166666666666 0.07777777777777778
