0 0.7260416666666667 0.05185185185185185 0.020833333333333332 0.03333333333333333
0 0.7078125 0.5787037037037037 0.115625 0.20555555555555555
0 0.6984375 0.06296296296296296 0.023958333333333335 0.040740740740740744
0 0.7572916666666667 0.06944444444444445 0.025 0.03888888888888889
0 0.7296875 0.08425925925925926 0.030208333333333334 0.046296296296296294
0 0.6411458333333333 0.1361111111111111 0.03229166666666667 0.05740740740740741
0 0.5703125 0.08333333333333333 0.026041666666666668 0.04814814814814815
0 0.5682291666666667 0.13796296296296295 0.030208333333333334 0.053703703703703705
0 0.7697916666666667 0.12222222222222222 0.03958333333333333 0.05555555555555555
0 0.8010416666666667 0.16296296296296298 0.04583333333333333 0.07407407407407407
0 0.8510416666666667 0.14351851851851852 0.04583333333333333 0.06111111111111111
0 0.9385416666666667 0.12222222222222222 0.05 0.05555555555555555
0 0.8921875 0.22685185185185186 0.07395833333333333 0.10925925925925926
