0 0.6416666666666667 0.2064814814814815 0.035416666666666666 0.05
0 0.7145833333333333 0.2064814814814815 0.035416666666666666 0.05
0 0.27760416666666665 0.5703703703703704 0.09270833333333334 0.15925925925925927
0 0.04010416666666667 0.5009259259259259 0.078125 0.11296296296296296
0 0.34270833333333334 0.2898148148148148 0.052083333333333336 0.07592592592592592
0 0.7166666666666667 0.24351851851851852 0.035416666666666666 0.05
0 0.28072916666666664 0.42314814814814816 0.078125 0.09444444444444444
0 0.8088541666666667 0.19074074074074074 0.034375 0.04814814814814815
0 0.7973958333333333 0.4083333333333333 0.06770833333333333 0.10555555555555556
0 0.49947916666666664 0.25277777777777777 0.03854166666666667 0.06111111111111111
0 0.4432291666666667 0.225 0.03854166666666667 0.05740740740740741
0 0.3458333333333333 0.2037037037037037 0.041666666666666664 0.05185185185185185
0 0.775 0.7685185185185185 0.14166666666666666 0.2518518518518518
0 0.5171875 0.18425925925925926 0.028125 0.04259259259259259
0 0.45208333333333334 0.17777777777777778 0.03125 0.05185185185185185
