0 0.684375 0.18425925925925926 0.027083333333333334 0.046296296296296294
2 0.6359375 0.18333333333333332 0.030208333333333334 0.05925925925925926
0 0.7869791666666667 0.17222222222222222 0.034375 0.044444444444444446
0 0.1546875 0.5398148148148149 0.10104166666666667 0.13148148148148148
0 0.7661458333333333 0.21388888888888888 0.036458333333333336 0.05740740740740741
0 0.28541666666666665 0.3509259259259259 0.05625 0.09074074074074075
0 0.2015625 0.34629629629629627 0.071875 0.0962962962962963
0 0.35520833333333335 0.25833333333333336 0.04375 0.06111111111111111
0 0.8427083333333333 0.225 0.041666666666666664 0.05740740740740741
0 0.8338541666666667 0.3296296296296296 0.059375 0.07777777777777778
0 0.5026041666666666 0.23333333333333334 0.036458333333333336 0.05925925925925926
0 0.7453125 0.6601851851851852 0.11354166666666667 0.19074074074074074
