0 0.28489583333333335 0.44351851851851853 0.08020833333333334 0.13518518518518519
1 0.051041666666666666 0.6388888888888888 0.1 0.42592592592592593
0 0.1328125 0.8416666666666667 0.18645833333333334 0.26851851851851855
0 0.31145833333333334 0.24722222222222223 0.052083333333333336 0.07592592592592592
0 0.3776041666666667 0.2388888888888889 0.04479166666666667 0.07407407407407407
0 0.5588541666666667 0.15462962962962962 0.026041666666666668 0.04259259259259259
0 0.3859375 0.32407407407407407 0.06145833333333333 0.0962962962962963
0 0.4734375 0.2740740740740741 0.046875 0.07407407407407407
0 0.6203125 0.18055555555555555 0.03229166666666667 0.06851851851851852
0 0.4010416666666667 0.21574074074074073 0.03125 0.06481481481481481
0 0.4791666666666667 0.2222222222222222 0.0375 0.06296296296296296
0 0.43697916666666664 0.17777777777777778 0.03229166666666667 0.04814814814814815
0 0.490625 0.17037037037037037 0.027083333333333334 0.044444444444444446
1 0.4015625 0.1287037037037037 0.051041666666666666 0.10185185185185185
