2 0.390625 0.49166666666666664 0.11875 0.2462962962962963
0 0.6 0.7601851851851852 0.1375 0.29814814814814816
0 0.5036458333333333 0.18611111111111112 0.065625 0.07222222222222222
0 0.7265625 0.09814814814814815 0.03854166666666667 0.06296296296296296
0 0.5984375 0.16666666666666666 0.04479166666666667 0.07407407407407407
0 0.5890625 0.1287037037037037 0.036458333333333336 0.06111111111111111
0 0.6604166666666667 0.2212962962962963 0.05 0.09074074074074075
0 0.7671875 0.17314814814814813 0.051041666666666666 0.07592592592592592
0 0.6479166666666667 0.11296296296296296 0.03333333333333333 0.05925925925925926
0 0.9338541666666667 0.2833333333333333 0.090625 0.11481481481481481
0 0.5901041666666667 0.09814814814814815 0.03229166666666667 0.05925925925925926
0 0.6328125 0.07407407407407407 0.03229166666666667 0.05555555555555555
1 0.48854166666666665 0.11851851851851852 0.12708333333333333 0.15555555555555556
