0 0.6697916666666667 0.16666666666666666 0.029166666666666667 0.037037037037037035
0 0.6276041666666666 0.17037037037037037 0.028125 0.044444444444444446
0 0.7244791666666667 0.175 0.026041666666666668 0.03518518518518519
0 0.6291666666666667 0.21388888888888888 0.03125 0.05
0 0.7411458333333333 0.20092592592592592 0.034375 0.046296296296296294
2 0.3697916666666667 0.5907407407407408 0.10625 0.2111111111111111
0 0.3921875 0.3537037037037037 0.053125 0.08148148148148149
0 0.7026041666666667 0.2490740740740741 0.042708333333333334 0.07592592592592592
2 0.29583333333333334 0.3611111111111111 0.052083333333333336 0.10740740740740741
0 0.803125 0.2898148148148148 0.05 0.06481481481481481
0 0.37604166666666666 0.26666666666666666 0.03958333333333333 0.05555555555555555
0 0.7822916666666667 0.3972222222222222 0.06458333333333334 0.09444444444444444
0 0.415625 0.20277777777777778 0.029166666666666667 0.04259259259259259
0 0.7328125 0.5981481481481481 0.08854166666666667 0.13703703703703704
0 0.9161458333333333 0.7018518518518518 0.13229166666666667 0.17777777777777778
0 0.9651041666666667 0.5222222222222223 0.06979166666666667 0.11481481481481481
0 0.4817708333333333 0.18611111111111112 0.028125 0.046296296296296294
0 0.528125 0.1787037037037037 0.029166666666666667 0.046296296296296294
