0 0.6458333333333334 0.47685185185185186 0.11458333333333333 0.1685185185185185
0 0.6958333333333333 0.9009259259259259 0.16458333333333333 0.1648148148148148
1 0.4973958333333333 0.10277777777777777 0.06145833333333333 0.20185185185185187
0 0.6046875 0.2518518518518518 0.059375 0.1
0 0.9239583333333333 0.8268518518518518 0.15208333333333332 0.29444444444444445
0 0.6953125 0.2564814814814815 0.06770833333333333 0.10555555555555556
2 0.6619791666666667 0.15833333333333333 0.053125 0.09814814814814815
0 0.578125 0.12685185185185185 0.03958333333333333 0.06111111111111111
0 0.70625 0.05462962962962963 0.03125 0.046296296296296294
0 0.5901041666666667 0.08981481481481482 0.034375 0.05
0 0.55625 0.046296296296296294 0.025 0.037037037037037035
0 0.8302083333333333 0.18611111111111112 0.06875 0.08333333333333333
1 0.43854166666666666 0.562962962962963 0.20208333333333334 0.6592592592592592
