1 0.8916666666666667 0.32685185185185184 0.21666666666666667 0.37962962962962965
0 0.8895833333333333 0.1935185185185185 0.06666666666666667 0.07592592592592592
0 0.15364583333333334 0.4583333333333333 0.096875 0.09444444444444444
0 0.7911458333333333 0.38055555555555554 0.121875 0.1537037037037037
0 0.6890625 0.36018518518518516 0.09895833333333333 0.13148148148148148
2 0.48020833333333335 0.2490740740740741 0.06875 0.07962962962962963
0 0.6526041666666667 0.26296296296296295 0.071875 0.05925925925925926
1 0.35260416666666666 0.7916666666666666 0.6385416666666667 0.4166666666666667
0 0.6677083333333333 0.1361111111111111 0.06041666666666667 0.05740740740740741
0 0.20572916666666666 0.8212962962962963 0.23229166666666667 0.20185185185185187
