0 0.6390625 0.19814814814814816 0.03229166666666667 0.05555555555555555
0 0.3828125 0.5981481481481481 0.096875 0.18518518518518517
2 0.715625 0.23055555555555557 0.03958333333333333 0.07592592592592592
0 0.6859375 0.387037037037037 0.06354166666666666 0.0962962962962963
0 0.7953125 0.38055555555555554 0.059375 0.09444444444444444
0 0.8291666666666667 0.2916666666666667 0.05 0.06851851851851852
0 0.43385416666666665 0.2564814814814815 0.036458333333333336 0.06851851851851852
0 0.3020833333333333 0.23981481481481481 0.041666666666666664 0.053703703703703705
0 0.403125 0.1962962962962963 0.03333333333333333 0.044444444444444446
0 0.7682291666666666 0.575925925925926 0.08645833333333333 0.13703703703703704
0 0.43802083333333336 0.20925925925925926 0.034375 0.05185185185185185
0 0.9755208333333333 0.3648148148148148 0.04895833333333333 0.08518518518518518
