0 0.6354166666666666 0.7953703703703704 0.13333333333333333 0.2462962962962963
0 0.7302083333333333 0.06111111111111111 0.022916666666666665 0.037037037037037035
0 0.7604166666666666 0.06111111111111111 0.025 0.03333333333333333
0 0.6255208333333333 0.2777777777777778 0.057291666666666664 0.1
0 0.7005208333333334 0.07222222222222222 0.023958333333333335 0.040740740740740744
0 0.771875 0.08148148148148149 0.027083333333333334 0.040740740740740744
0 0.7505208333333333 0.10555555555555556 0.034375 0.05185185185185185
0 0.63125 0.10092592592592593 0.027083333333333334 0.046296296296296294
0 0.5755208333333334 0.058333333333333334 0.019791666666666666 0.03148148148148148
0 0.56875 0.0962962962962963 0.025 0.040740740740740744
0 0.8125 0.1638888888888889 0.052083333333333336 0.06481481481481481
0 0.8375 0.22407407407407406 0.06041666666666667 0.0962962962962963
0 0.9338541666666667 0.20555555555555555 0.06145833333333333 0.07777777777777778
0 0.9817708333333334 0.3351851851851852 0.036458333333333336 0.11851851851851852
0 0.9822916666666667 0.3351851851851852 0.035416666666666666 0.12222222222222222
