0 0.18802083333333333 0.31666666666666665 0.08854166666666667 0.07037037037037037
1 0.22239583333333332 0.36203703703703705 0.178125 0.25
0 0.21510416666666668 0.6796296296296296 0.13854166666666667 0.2
0 0.4088541666666667 0.49907407407407406 0.09270833333333334 0.1425925925925926
0 0.33697916666666666 0.28888888888888886 0.053125 0.08148148148148149
0 0.3854166666666667 0.3490740740740741 0.0625 0.09074074074074075
0 0.65625 0.3287037037037037 0.058333333333333334 0.08703703703703704
0 0.4635416666666667 0.29074074074074074 0.05416666666666667 0.07777777777777778
0 0.403125 0.23055555555555557 0.0375 0.05740740740740741
0 0.409375 0.2712962962962963 0.041666666666666664 0.06481481481481481
0 0.4828125 0.21296296296296297 0.03854166666666667 0.05555555555555555
0 0.4317708333333333 0.18796296296296297 0.03229166666666667 0.053703703703703705
0 0.4119791666666667 0.14907407407407408 0.028125 0.046296296296296294
