0 0.21510416666666668 0.5648148148148148 0.16354166666666667 0.2851851851851852
1 0.8666666666666667 0.1111111111111111 0.20833333333333334 0.21851851851851853
0 0.040625 0.6537037037037037 0.07916666666666666 0.31851851851851853
0 0.315625 0.11666666666666667 0.07291666666666667 0.1111111111111111
0 0.31614583333333335 0.30833333333333335 0.115625 0.1648148148148148
0 0.4552083333333333 0.38333333333333336 0.11458333333333333 0.22962962962962963
3 0.403125 0.1 0.10416666666666667 0.1962962962962963
0 0.384375 0.013888888888888888 0.07708333333333334 0.024074074074074074
0 0.6791666666666667 0.030555555555555555 0.05416666666666667 0.05740740740740741
1 0.9572916666666667 0.27037037037037037 0.08541666666666667 0.3925925925925926
0 0.7848958333333333 0.2388888888888889 0.103125 0.14074074074074075
0 0.4609375 0.014814814814814815 0.04895833333333333 0.025925925925925925
0 0.5229166666666667 0.009259259259259259 0.03958333333333333 0.014814814814814815
