0 0.6927083333333334 0.6916666666666667 0.13125 0.2611111111111111
0 0.8234375 0.08333333333333333 0.042708333333333334 0.05555555555555555
0 0.7614583333333333 0.08148148148148149 0.035416666666666666 0.04814814814814815
0 0.7864583333333334 0.062037037037037036 0.029166666666666667 0.04259259259259259
0 0.7385416666666667 0.05925925925925926 0.029166666666666667 0.040740740740740744
0 0.8614583333333333 0.18611111111111112 0.05625 0.07592592592592592
0 0.55 0.10185185185185185 0.029166666666666667 0.04814814814814815
0 0.5947916666666667 0.075 0.027083333333333334 0.04259259259259259
0 0.6411458333333333 0.07592592592592592 0.030208333333333334 0.04814814814814815
1 0.48072916666666665 0.4351851851851852 0.15104166666666666 0.46296296296296297
