0 0.6895833333333333 0.17685185185185184 0.03333333333333333 0.04259259259259259
0 0.6958333333333333 0.21203703703703702 0.0375 0.053703703703703705
2 0.75 0.18796296296296297 0.03125 0.053703703703703705
0 0.6588541666666666 0.2657407407407407 0.042708333333333334 0.06481481481481481
0 0.7833333333333333 0.17037037037037037 0.03125 0.040740740740740744
0 0.35 0.4425925925925926 0.07916666666666666 0.1111111111111111
0 0.22239583333333332 0.45925925925925926 0.078125 0.1037037037037037
0 0.29375 0.3648148148148148 0.0625 0.08518518518518518
0 0.278125 0.28425925925925927 0.04791666666666667 0.06851851851851852
0 0.690625 0.37592592592592594 0.05416666666666667 0.09259259259259259
0 0.8135416666666667 0.29444444444444445 0.05416666666666667 0.07037037037037037
0 0.8177083333333334 0.44907407407407407 0.075 0.10185185185185185
0 0.6979166666666666 0.5157407407407407 0.07291666666666667 0.11666666666666667
0 0.3854166666666667 0.23055555555555557 0.0375 0.06481481481481481
0 0.9473958333333333 0.325 0.06770833333333333 0.09444444444444444
0 0.9567708333333333 0.49722222222222223 0.08645833333333333 0.11296296296296296
0 0.7838541666666666 0.8657407407407407 0.13645833333333332 0.20185185185185187
0 0.9609375 0.8138888888888889 0.078125 0.19444444444444445
0 0.4791666666666667 0.18333333333333332 0.029166666666666667 0.044444444444444446
