0 0.46979166666666666 0.2111111111111111 0.05416666666666667 0.07777777777777778
0 0.56875 0.22592592592592592 0.052083333333333336 0.08888888888888889
2 0.5026041666666666 0.44814814814814813 0.084375 0.2222222222222222
0 0.6578125 0.33055555555555555 0.06979166666666667 0.12777777777777777
0 0.76875 0.07222222222222222 0.035416666666666666 0.05185185185185185
0 0.7364583333333333 0.1111111111111111 0.03958333333333333 0.06296296296296296
0 0.5708333333333333 0.13425925925925927 0.041666666666666664 0.07592592592592592
0 0.6479166666666667 0.15092592592592594 0.041666666666666664 0.07222222222222222
0 0.8083333333333333 0.125 0.04583333333333333 0.06481481481481481
0 0.6473958333333333 0.09907407407407408 0.036458333333333336 0.06111111111111111
0 0.5973958333333333 0.09814814814814815 0.036458333333333336 0.05925925925925926
1 0.4890625 0.11203703703703703 0.12604166666666666 0.1537037037037037
