2 0.740625 0.24351851851851852 0.052083333333333336 0.07962962962962963
0 0.19375 0.6092592592592593 0.16875 0.17407407407407408
0 0.796875 0.29074074074074074 0.05416666666666667 0.07407407407407407
0 0.2796875 0.38055555555555554 0.10520833333333333 0.09444444444444444
0 0.27708333333333335 0.33796296296296297 0.08541666666666667 0.07592592592592592
0 0.43697916666666664 0.32314814814814813 0.08020833333333334 0.07962962962962963
0 0.41770833333333335 0.2972222222222222 0.07916666666666666 0.07592592592592592
0 0.9796875 0.5314814814814814 0.040625 0.13703703703703704
0 0.6541666666666667 0.5981481481481481 0.12291666666666666 0.17037037037037037
0 0.34270833333333334 0.8064814814814815 0.21041666666666667 0.2574074074074074
