0 0.20416666666666666 0.044444444444444446 0.025 0.037037037037037035
0 0.2390625 0.06388888888888888 0.026041666666666668 0.03148148148148148
0 0.1796875 0.05462962962962963 0.021875 0.024074074074074074
0 0.2682291666666667 0.5509259259259259 0.115625 0.17222222222222222
0 0.671875 0.5861111111111111 0.15625 0.19444444444444445
0 0.290625 0.08518518518518518 0.03125 0.040740740740740744
0 0.3307291666666667 0.07777777777777778 0.03229166666666667 0.040740740740740744
0 0.2677083333333333 0.0962962962962963 0.03333333333333333 0.037037037037037035
0 0.32447916666666665 0.13240740740740742 0.042708333333333334 0.03888888888888889
0 0.19791666666666666 0.23333333333333334 0.05625 0.07037037037037037
2 0.08645833333333333 0.19814814814814816 0.04583333333333333 0.08148148148148149
2 0.434375 0.11296296296296296 0.05 0.06296296296296296
0 0.47552083333333334 0.10740740740740741 0.04479166666666667 0.044444444444444446
0 0.11458333333333333 0.1388888888888889 0.03333333333333333 0.05185185185185185
2 0.5890625 0.17777777777777778 0.07395833333333333 0.07407407407407407
0 0.0875 0.10925925925925926 0.03125 0.044444444444444446
2 0.6796875 0.17407407407407408 0.078125 0.08518518518518518
0 0.6635416666666667 0.25555555555555554 0.09166666666666666 0.08148148148148149
0 0.0203125 0.26481481481481484 0.03854166666666667 0.09259259259259259
