0 0.1359375 0.6148148148148148 0.18854166666666666 0.2037037037037037
0 0.8203125 0.1824074074074074 0.03854166666666667 0.06111111111111111
1 0.8729166666666667 0.2111111111111111 0.06875 0.17777777777777778
0 0.3484375 0.3592592592592593 0.096875 0.1
2 0.7354166666666667 0.21944444444444444 0.03958333333333333 0.07222222222222222
2 0.4630208333333333 0.21481481481481482 0.04895833333333333 0.07407407407407407
0 0.5817708333333333 0.22777777777777777 0.05520833333333333 0.07407407407407407
0 0.965625 0.4777777777777778 0.06875 0.13333333333333333
0 0.6682291666666667 0.47962962962962963 0.10104166666666667 0.15555555555555556
0 0.5510416666666667 0.19166666666666668 0.052083333333333336 0.05740740740740741
0 0.8166666666666667 0.5370370370370371 0.0875 0.15925925925925927
