0 0.22135416666666666 0.26944444444444443 0.071875 0.05740740740740741
0 0.22604166666666667 0.2324074074074074 0.075 0.06111111111111111
0 0.16614583333333333 0.2916666666666667 0.07604166666666666 0.06851851851851852
2 0.503125 0.35185185185185186 0.14166666666666666 0.11481481481481481
0 0.6046875 0.8814814814814815 0.29270833333333335 0.23703703703703705
0 0.6458333333333334 0.32592592592592595 0.12708333333333333 0.09259259259259259
0 0.5770833333333333 0.4462962962962963 0.15 0.10740740740740741
0 0.18177083333333333 0.4351851851851852 0.10520833333333333 0.13703703703703704
0 0.053125 0.5083333333333333 0.10416666666666667 0.1425925925925926
0 0.9453125 0.4666666666666667 0.109375 0.1
