0 0.6307291666666667 0.18425925925925926 0.023958333333333335 0.046296296296296294
2 0.6880208333333333 0.18333333333333332 0.023958333333333335 0.05925925925925926
0 0.25364583333333335 0.5703703703703704 0.09895833333333333 0.14814814814814814
0 0.7859375 0.1787037037037037 0.023958333333333335 0.046296296296296294
0 0.6479166666666667 0.2601851851851852 0.03958333333333333 0.05740740740740741
2 0.7322916666666667 0.2814814814814815 0.04583333333333333 0.08148148148148149
0 0.32708333333333334 0.3101851851851852 0.04583333333333333 0.07222222222222222
0 0.6911458333333333 0.3907407407407407 0.057291666666666664 0.08888888888888889
0 0.8354166666666667 0.27314814814814814 0.05 0.06851851851851852
2 0.4947916666666667 0.25833333333333336 0.03333333333333333 0.08333333333333333
0 0.4427083333333333 0.24814814814814815 0.035416666666666666 0.05555555555555555
0 0.8463541666666666 0.5083333333333333 0.08645833333333333 0.13148148148148148
0 0.7213541666666666 0.6398148148148148 0.103125 0.1685185185185185
0 0.9265625 0.4546296296296296 0.08229166666666667 0.10185185185185185
2 0.4713541666666667 0.1814814814814815 0.026041666666666668 0.05925925925925926
