0 0.490625 0.5259259259259259 0.14166666666666666 0.1925925925925926
0 0.5369791666666667 0.412962962962963 0.11354166666666667 0.12962962962962962
0 0.11666666666666667 0.525 0.0875 0.1574074074074074
0 0.30052083333333335 0.525 0.10520833333333333 0.1648148148148148
0 0.43333333333333335 0.12222222222222222 0.052083333333333336 0.05925925925925926
0 0.44947916666666665 0.18796296296296297 0.05520833333333333 0.053703703703703705
0 0.5708333333333333 0.13703703703703704 0.05416666666666667 0.05925925925925926
0 0.09583333333333334 0.2796296296296296 0.05 0.08518518518518518
0 0.30885416666666665 0.225 0.05520833333333333 0.07962962962962963
0 0.0875 0.16574074074074074 0.035416666666666666 0.053703703703703705
