0 0.5536458333333333 0.24814814814814815 0.06770833333333333 0.1
2 0.659375 0.5583333333333333 0.125 0.30185185185185187
0 0.609375 0.37037037037037035 0.075 0.13333333333333333
0 0.7453125 0.3648148148148148 0.103125 0.17407407407407408
1 0.5020833333333333 0.07685185185185185 0.052083333333333336 0.15
0 0.5770833333333333 0.125 0.0375 0.06111111111111111
0 0.6729166666666667 0.20277777777777778 0.0625 0.08333333333333333
0 0.678125 0.06111111111111111 0.035416666666666666 0.044444444444444446
0 0.6255208333333333 0.11203703703703703 0.03854166666666667 0.053703703703703705
2 0.6177083333333333 0.06759259259259259 0.035416666666666666 0.06111111111111111
0 0.5619791666666667 0.05462962962962963 0.023958333333333335 0.03518518518518519
0 0.8489583333333334 0.20555555555555555 0.06666666666666667 0.08888888888888889
1 0.4473958333333333 0.46296296296296297 0.171875 0.5074074074074074
