0 0.9098958333333333 0.31851851851851853 0.153125 0.14074074074074075
2 0.7380208333333333 0.25092592592592594 0.11979166666666667 0.10925925925925926
0 0.5166666666666667 0.19814814814814816 0.07291666666666667 0.07037037037037037
0 0.44895833333333335 0.17962962962962964 0.05416666666666667 0.05555555555555555
0 0.509375 0.23796296296296296 0.07083333333333333 0.07592592592592592
2 0.8244791666666667 0.6916666666666667 0.271875 0.3277777777777778
0 0.5895833333333333 0.5324074074074074 0.15625 0.1685185185185185
1 0.3932291666666667 0.262037037037037 0.18229166666666666 0.20185185185185187
0 0.9505208333333334 0.4962962962962963 0.09895833333333333 0.17037037037037037
0 0.64375 0.45092592592592595 0.1625 0.1425925925925926
0 0.4317708333333333 0.41944444444444445 0.109375 0.12407407407407407
2 0.8296875 0.5194444444444445 0.17604166666666668 0.20925925925925926
0 0.9630208333333333 0.6620370370370371 0.07395833333333333 0.14629629629629629
0 0.8026041666666667 0.4185185185185185 0.16145833333333334 0.12222222222222222
0 0.6276041666666666 0.33796296296296297 0.121875 0.10925925925925926
0 0.29635416666666664 0.29907407407407405 0.06770833333333333 0.10185185185185185
0 0.3578125 0.3537037037037037 0.07604166666666666 0.0962962962962963
0 0.5161458333333333 0.2796296296296296 0.078125 0.0962962962962963
0 0.2984375 0.23703703703703705 0.042708333333333334 0.05555555555555555
0 0.2578125 0.21481481481481482 0.040625 0.04814814814814815
0 0.24635416666666668 0.26481481481481484 0.046875 0.06666666666666667
