0 0.5171875 0.5879629629629629 0.14270833333333333 0.19074074074074074
0 0.25885416666666666 0.5388888888888889 0.103125 0.16296296296296298
0 0.409375 0.13333333333333333 0.04583333333333333 0.05185185185185185
0 0.3463541666666667 0.3888888888888889 0.08645833333333333 0.12222222222222222
0 0.471875 0.12962962962962962 0.052083333333333336 0.05925925925925926
0 0.384375 0.15555555555555556 0.04583333333333333 0.04814814814814815
2 0.3921875 0.2796296296296296 0.06770833333333333 0.11851851851851852
0 0.5916666666666667 0.1398148148148148 0.05416666666666667 0.053703703703703705
0 0.6333333333333333 0.18055555555555555 0.06875 0.05740740740740741
0 0.5338541666666666 0.22962962962962963 0.07395833333333333 0.07407407407407407
0 0.6421875 0.23425925925925925 0.084375 0.07222222222222222
0 0.7291666666666666 0.19074074074074074 0.075 0.07407407407407407
0 0.03958333333333333 0.2518518518518518 0.04791666666666667 0.07777777777777778
0 0.10572916666666667 0.19722222222222222 0.040625 0.06481481481481481
0 0.8375 0.27037037037037037 0.10416666666666667 0.08888888888888889
0 0.7807291666666667 0.3685185185185185 0.121875 0.0962962962962963
