2 0.075 0.5537037037037037 0.14791666666666667 0.23703703703703705
0 0.4822916666666667 0.30925925925925923 0.08333333333333333 0.09259259259259259
0 0.7677083333333333 0.2712962962962963 0.06041666666666667 0.09074074074074075
0 0.8786458333333333 0.2564814814814815 0.042708333333333334 0.07962962962962963
2 0.6317708333333333 0.33055555555555555 0.090625 0.13148148148148148
2 0.36666666666666664 0.26944444444444443 0.0875 0.10555555555555556
2 0.4473958333333333 0.26944444444444443 0.065625 0.10185185185185185
0 0.46510416666666665 0.18796296296296297 0.053125 0.053703703703703705
0 0.6302083333333334 0.17777777777777778 0.04791666666666667 0.05555555555555555
0 0.5807291666666666 0.1675925925925926 0.046875 0.06111111111111111
0 0.4583333333333333 0.8944444444444445 0.20208333333333334 0.2111111111111111
