0 0.9041666666666667 0.1962962962962963 0.03958333333333333 0.06296296296296296
0 0.9817708333333334 0.21296296296296297 0.036458333333333336 0.07037037037037037
0 0.11927083333333334 0.4101851851851852 0.11770833333333333 0.11296296296296296
0 0.11614583333333334 0.46296296296296297 0.13020833333333334 0.12962962962962962
0 0.7776041666666667 0.23981481481481481 0.051041666666666666 0.07592592592592592
0 0.459375 0.325 0.08958333333333333 0.09444444444444444
0 0.41770833333333335 0.25092592592592594 0.075 0.07592592592592592
0 0.5677083333333334 0.4537037037037037 0.09583333333333334 0.12962962962962962
0 0.6546875 0.55 0.11979166666666667 0.17777777777777778
0 0.578125 0.18796296296296297 0.058333333333333334 0.05740740740740741
