0 0.86875 0.2175925925925926 0.07916666666666666 0.08333333333333333
0 0.9052083333333333 0.2824074074074074 0.09583333333333334 0.10555555555555556
0 0.1953125 0.5074074074074074 0.09479166666666666 0.08888888888888889
0 0.10364583333333334 0.5222222222222223 0.103125 0.0962962962962963
0 0.9770833333333333 0.29259259259259257 0.04583333333333333 0.1037037037037037
0 0.465625 0.27314814814814814 0.075 0.07592592592592592
0 0.3723958333333333 0.48148148148148145 0.078125 0.07037037037037037
0 0.39427083333333335 0.8351851851851851 0.23020833333333332 0.24814814814814815
0 0.6630208333333333 0.1537037037037037 0.051041666666666666 0.05185185185185185
2 0.6567708333333333 0.11203703703703703 0.051041666666666666 0.053703703703703705
