0 0.03333333333333333 0.7138888888888889 0.06458333333333334 0.17962962962962964
0 0.2604166666666667 0.9046296296296297 0.16041666666666668 0.19074074074074074
0 0.16979166666666667 0.7388888888888889 0.14166666666666666 0.21851851851851853
0 0.6734375 0.1712962962962963 0.036458333333333336 0.05740740740740741
0 0.40989583333333335 0.47685185185185186 0.07604166666666666 0.13518518518518519
2 0.6505208333333333 0.2037037037037037 0.042708333333333334 0.08148148148148149
0 0.18645833333333334 0.337037037037037 0.075 0.08148148148148149
0 0.39479166666666665 0.29907407407407405 0.058333333333333334 0.08333333333333333
0 0.7859375 0.19814814814814816 0.04479166666666667 0.05925925925925926
0 0.4822916666666667 0.28055555555555556 0.05 0.07962962962962963
0 0.7739583333333333 0.7953703703703704 0.13125 0.22407407407407406
