0 0.2578125 0.9592592592592593 0.13854166666666667 0.08148148148148149
2 0.7359375 0.48518518518518516 0.121875 0.2814814814814815
0 0.8208333333333333 0.018518518518518517 0.03958333333333333 0.03333333333333333
0 0.7541666666666667 0.012037037037037037 0.041666666666666664 0.020370370370370372
0 0.6588541666666666 0.15092592592592594 0.06354166666666666 0.11666666666666667
0 0.3875 0.1925925925925926 0.06875 0.0962962962962963
0 0.51875 0.09166666666666666 0.04375 0.07222222222222222
0 0.5901041666666667 0.032407407407407406 0.03854166666666667 0.06111111111111111
2 0.646875 0.021296296296296296 0.0375 0.03888888888888889
0 0.46979166666666666 0.009259259259259259 0.035416666666666666 0.014814814814814815
