0 0.484375 0.1425925925925926 0.03333333333333333 0.05555555555555555
0 0.6067708333333334 0.37037037037037035 0.06979166666666667 0.13333333333333333
0 0.5734375 0.16666666666666666 0.040625 0.07037037037037037
0 0.6614583333333334 0.19722222222222222 0.05 0.07592592592592592
2 0.5109375 0.15925925925925927 0.046875 0.08888888888888889
0 0.5546875 0.10092592592592593 0.028125 0.04259259259259259
0 0.7505208333333333 0.18518518518518517 0.057291666666666664 0.09259259259259259
0 0.8515625 0.20462962962962963 0.06354166666666666 0.08333333333333333
0 0.5598958333333334 0.06388888888888888 0.028125 0.046296296296296294
0 0.59375 0.06018518518518518 0.029166666666666667 0.04259259259259259
1 0.446875 0.47962962962962963 0.16666666666666666 0.5148148148148148
