1 0.3734375 0.8 0.496875 0.4
1 0.4661458333333333 0.2361111111111111 0.234375 0.17592592592592593
0 0.22135416666666666 0.20092592592592592 0.036458333333333336 0.04259259259259259
0 0.8161458333333333 0.8361111111111111 0.31979166666666664 0.3277777777777778
0 0.21822916666666667 0.46296296296296297 0.09479166666666666 0.13333333333333333
0 0.3489583333333333 0.27037037037037037 0.06875 0.07037037037037037
0 0.23125 0.3537037037037037 0.075 0.09259259259259259
0 0.5755208333333334 0.37222222222222223 0.13020833333333334 0.11481481481481481
0 0.7161458333333334 0.5435185185185185 0.20520833333333333 0.17962962962962964
0 0.06770833333333333 0.2611111111111111 0.0375 0.05555555555555555
