0 0.8229166666666666 0.24537037037037038 0.041666666666666664 0.05740740740740741
0 0.9036458333333334 0.2657407407407407 0.036458333333333336 0.06111111111111111
0 0.7692708333333333 0.24537037037037038 0.042708333333333334 0.05740740740740741
0 0.049479166666666664 0.5962962962962963 0.096875 0.1259259259259259
0 0.34322916666666664 0.35462962962962963 0.090625 0.09814814814814815
2 0.9421875 0.3212962962962963 0.04895833333333333 0.09814814814814815
2 0.5796875 0.47314814814814815 0.103125 0.13518518518518519
0 0.6630208333333333 0.5935185185185186 0.10729166666666666 0.16111111111111112
0 0.6166666666666667 0.26944444444444443 0.052083333333333336 0.05740740740740741
0 0.4828125 0.25462962962962965 0.057291666666666664 0.05740740740740741
0 0.5916666666666667 0.24259259259259258 0.04791666666666667 0.05185185185185185
0 0.7890625 0.8333333333333334 0.128125 0.24444444444444444
