0 0.5958333333333333 0.33425925925925926 0.08541666666666667 0.12407407407407407
2 0.7416666666666667 0.9027777777777778 0.18125 0.16111111111111112
0 0.6494791666666667 0.6259259259259259 0.11979166666666667 0.2518518518518518
1 0.5026041666666666 0.09074074074074075 0.059375 0.17777777777777778
0 0.5927083333333333 0.18981481481481483 0.04791666666666667 0.07962962962962963
0 0.7598958333333333 0.39814814814814814 0.10520833333333333 0.15925925925925927
0 0.6598958333333333 0.18425925925925926 0.053125 0.06851851851851852
2 0.6411458333333333 0.12129629629629629 0.04479166666666667 0.08333333333333333
0 0.571875 0.09537037037037037 0.03125 0.053703703703703705
0 0.7494791666666667 0.10648148148148148 0.04479166666666667 0.06111111111111111
0 0.5880208333333333 0.06666666666666667 0.030208333333333334 0.044444444444444446
0 0.5536458333333333 0.037037037037037035 0.021875 0.03333333333333333
0 0.9614583333333333 0.3314814814814815 0.07708333333333334 0.12222222222222222
1 0.4484375 0.49074074074074076 0.184375 0.5370370370370371
