0 0.590625 0.225 0.04375 0.07592592592592592
0 0.625 0.5092592592592593 0.08958333333333333 0.17037037037037037
0 0.2635416666666667 0.3851851851851852 0.0875 0.1259259259259259
0 0.6958333333333333 0.053703703703703705 0.020833333333333332 0.02962962962962963
0 0.7119791666666667 0.07777777777777778 0.023958333333333335 0.040740740740740744
0 0.7265625 0.053703703703703705 0.021875 0.037037037037037035
0 0.740625 0.09814814814814815 0.03125 0.044444444444444446
0 0.775 0.11018518518518519 0.027083333333333334 0.04259259259259259
0 0.5760416666666667 0.11203703703703703 0.027083333333333334 0.046296296296296294
0 0.7208333333333333 0.13425925925925927 0.03958333333333333 0.053703703703703705
0 0.7890625 0.1361111111111111 0.040625 0.053703703703703705
0 0.81875 0.18981481481481483 0.05 0.07222222222222222
0 0.6098958333333333 0.062037037037037036 0.019791666666666666 0.03518518518518519
0 0.5765625 0.044444444444444446 0.017708333333333333 0.02962962962962963
0 0.5609375 0.05555555555555555 0.017708333333333333 0.02962962962962963
