0 0.1890625 0.29444444444444445 0.096875 0.06666666666666667
1 0.13229166666666667 0.42685185185185187 0.2625 0.3425925925925926
0 0.23072916666666668 0.9 0.20104166666666667 0.2
0 0.30885416666666665 0.31296296296296294 0.06354166666666666 0.08888888888888889
0 0.28958333333333336 0.549074074074074 0.1125 0.17592592592592593
0 0.6270833333333333 0.22962962962962963 0.041666666666666664 0.07037037037037037
0 0.42291666666666666 0.4027777777777778 0.07291666666666667 0.12777777777777777
0 0.39739583333333334 0.26666666666666666 0.04479166666666667 0.07407407407407407
0 0.35572916666666665 0.36574074074074076 0.06979166666666667 0.10925925925925926
0 0.4744791666666667 0.25833333333333336 0.04895833333333333 0.06851851851851852
0 0.3963541666666667 0.20277777777777778 0.042708333333333334 0.06111111111111111
0 0.4 0.15833333333333333 0.03125 0.053703703703703705
0 0.6911458333333333 0.8407407407407408 0.14479166666666668 0.23703703703703705
