0 0.8901041666666667 0.3824074074074074 0.146875 0.13518518518518519
0 0.7098958333333333 0.32407407407407407 0.10520833333333333 0.08518518518518518
0 0.5807291666666666 0.2722222222222222 0.084375 0.08148148148148149
2 0.4828125 0.2361111111111111 0.071875 0.06851851851851852
2 0.4234375 0.6287037037037037 0.16145833333333334 0.2388888888888889
0 0.396875 0.21388888888888888 0.052083333333333336 0.053703703703703705
0 0.7869791666666667 0.4166666666666667 0.14270833333333333 0.11851851851851852
2 0.80625 0.7583333333333333 0.26458333333333334 0.3277777777777778
0 0.571875 0.5935185185185186 0.15416666666666667 0.1685185185185185
1 0.3802083333333333 0.3148148148148148 0.18125 0.2037037037037037
0 0.9213541666666667 0.5583333333333333 0.15729166666666666 0.19814814814814816
0 0.628125 0.5138888888888888 0.16458333333333333 0.15
0 0.4166666666666667 0.4722222222222222 0.1125 0.1259259259259259
2 0.809375 0.5851851851851851 0.16875 0.21481481481481482
0 0.953125 0.7305555555555555 0.09375 0.1648148148148148
0 0.7536458333333333 0.4675925925925926 0.153125 0.12407407407407407
0 0.5817708333333333 0.3814814814814815 0.11354166666666667 0.10740740740740741
0 0.2786458333333333 0.3425925925925926 0.071875 0.09259259259259259
0 0.34270833333333334 0.40555555555555556 0.07708333333333334 0.1
0 0.4703125 0.325 0.08229166666666667 0.09814814814814815
0 0.28229166666666666 0.2833333333333333 0.03958333333333333 0.05925925925925926
