0 0.9822916666666667 0.41944444444444445 0.035416666666666666 0.12407407407407407
0 0.8380208333333333 0.3648148148148148 0.13645833333333332 0.13333333333333333
0 0.69375 0.32314814814814813 0.10416666666666667 0.08703703703703704
0 0.51875 0.25462962962962965 0.07708333333333334 0.07962962962962963
0 0.465625 0.6888888888888889 0.17916666666666667 0.22962962962962963
2 0.4119791666666667 0.21388888888888888 0.06145833333333333 0.06111111111111111
2 0.15572916666666667 0.31296296296296294 0.04895833333333333 0.08148148148148149
0 0.971875 0.4777777777777778 0.05625 0.11481481481481481
0 0.621875 0.3425925925925926 0.10208333333333333 0.09259259259259259
2 0.8020833333333334 0.762962962962963 0.2708333333333333 0.3333333333333333
0 0.5703125 0.5925925925925926 0.153125 0.17407407407407408
1 0.375 0.3194444444444444 0.18125 0.20555555555555555
0 0.9197916666666667 0.562962962962963 0.16041666666666668 0.2037037037037037
0 0.61875 0.5046296296296297 0.16875 0.1388888888888889
0 0.36354166666666665 0.4324074074074074 0.09583333333333334 0.10925925925925926
2 0.8067708333333333 0.5824074074074074 0.16979166666666667 0.20185185185185187
0 0.9510416666666667 0.7379629629629629 0.09791666666666667 0.1685185185185185
0 0.7265625 0.462037037037037 0.14895833333333333 0.13148148148148148
0 0.5734375 0.37962962962962965 0.11145833333333334 0.1037037037037037
0 0.240625 0.30277777777777776 0.041666666666666664 0.08333333333333333
0 0.2869791666666667 0.36574074074074076 0.065625 0.08703703703703704
0 0.4708333333333333 0.325 0.075 0.09814814814814815
0 0.25104166666666666 0.26296296296296295 0.04791666666666667 0.05555555555555555
