2 0.07291666666666667 0.20925925925925926 0.04791666666666667 0.05185185185185185
0 0.15885416666666666 0.19814814814814816 0.042708333333333334 0.04814814814814815
0 0.8765625 0.8555555555555555 0.246875 0.24814814814814815
0 0.23541666666666666 0.30648148148148147 0.07916666666666666 0.06851851851851852
3 0.47708333333333336 0.7574074074074074 0.675 0.48518518518518516
0 0.4036458333333333 0.3296296296296296 0.11770833333333333 0.0962962962962963
0 0.503125 0.39166666666666666 0.10416666666666667 0.09814814814814815
0 0.6973958333333333 0.3398148148148148 0.11979166666666667 0.10925925925925926
0 0.0875 0.4675925925925926 0.10833333333333334 0.12777777777777777
0 0.03333333333333333 0.3398148148148148 0.06458333333333334 0.08703703703703704
