0 0.6994791666666667 0.18796296296296297 0.036458333333333336 0.05
0 0.640625 0.16111111111111112 0.03125 0.05185185185185185
0 0.6411458333333333 0.2101851851851852 0.036458333333333336 0.05740740740740741
2 0.059375 0.46111111111111114 0.11666666666666667 0.16296296296296298
0 0.215625 0.4287037037037037 0.08958333333333333 0.11666666666666667
0 0.7510416666666667 0.21666666666666667 0.0375 0.06296296296296296
0 0.4192708333333333 0.46296296296296297 0.08020833333333334 0.15185185185185185
0 0.7708333333333334 0.18518518518518517 0.041666666666666664 0.05925925925925926
0 0.3572916666666667 0.37592592592592594 0.0625 0.0962962962962963
0 0.728125 0.28055555555555556 0.052083333333333336 0.07962962962962963
0 0.46822916666666664 0.29814814814814816 0.046875 0.07777777777777778
2 0.6765625 0.34074074074074073 0.059375 0.11851851851851852
0 0.2921875 0.23796296296296296 0.04479166666666667 0.06111111111111111
0 0.4421875 0.21296296296296297 0.036458333333333336 0.05925925925925926
0 0.8666666666666667 0.32314814814814813 0.06666666666666667 0.08333333333333333
0 0.5098958333333333 0.2 0.03854166666666667 0.05555555555555555
