0 0.6791666666666667 0.7064814814814815 0.13333333333333333 0.25
0 0.6036458333333333 0.3537037037037037 0.06770833333333333 0.1111111111111111
0 0.5359375 0.24166666666666667 0.042708333333333334 0.07222222222222222
0 0.6098958333333333 0.22037037037037038 0.040625 0.06666666666666667
0 0.7166666666666667 0.14074074074074075 0.03333333333333333 0.044444444444444446
0 0.7494791666666667 0.2037037037037037 0.05520833333333333 0.07037037037037037
0 0.6239583333333333 0.1814814814814815 0.03958333333333333 0.05555555555555555
0 0.5838541666666667 0.1398148148148148 0.028125 0.03888888888888889
0 0.6380208333333334 0.15462962962962962 0.030208333333333334 0.046296296296296294
0 0.8630208333333333 0.2898148148148148 0.07395833333333333 0.09074074074074075
