0 0.096875 0.8685185185185185 0.16041666666666668 0.2
0 0.778125 0.20555555555555555 0.03958333333333333 0.05555555555555555
0 0.6583333333333333 0.2824074074074074 0.05 0.07222222222222222
0 0.2828125 0.3388888888888889 0.06770833333333333 0.1111111111111111
0 0.4119791666666667 0.28055555555555556 0.04895833333333333 0.07592592592592592
0 0.4744791666666667 0.2833333333333333 0.051041666666666666 0.07407407407407407
0 0.8135416666666667 0.4462962962962963 0.07916666666666666 0.12222222222222222
0 0.7088541666666667 0.475 0.07604166666666666 0.12407407407407407
0 0.9041666666666667 0.37592592592592594 0.075 0.09259259259259259
0 0.9 0.2601851851851852 0.058333333333333334 0.07222222222222222
0 0.7489583333333333 0.725 0.12083333333333333 0.19814814814814816
2 0.41302083333333334 0.20555555555555555 0.040625 0.07407407407407407
2 0.3265625 0.1824074074074074 0.03854166666666667 0.06481481481481481
0 0.3880208333333333 0.18796296296296297 0.036458333333333336 0.053703703703703705
0 0.9416666666666667 0.7657407407407407 0.11666666666666667 0.20185185185185187
0 0.50625 0.17777777777777778 0.03125 0.05555555555555555
