0 0.12760416666666666 0.6259259259259259 0.16979166666666667 0.1925925925925926
0 0.3026041666666667 0.38333333333333336 0.090625 0.1
0 0.9494791666666667 0.2351851851851852 0.042708333333333334 0.07037037037037037
0 0.8015625 0.23148148148148148 0.04479166666666667 0.06666666666666667
0 0.728125 0.22870370370370371 0.04583333333333333 0.06481481481481481
0 0.3932291666666667 0.24166666666666667 0.057291666666666664 0.06111111111111111
0 0.5651041666666666 0.25092592592592594 0.059375 0.06851851851851852
0 0.5598958333333334 0.1962962962962963 0.051041666666666666 0.05925925925925926
0 0.5536458333333333 0.17222222222222222 0.042708333333333334 0.044444444444444446
0 0.6510416666666666 0.5546296296296296 0.10625 0.17222222222222222
0 0.4046875 0.6916666666666667 0.16770833333333332 0.20925925925925926
0 0.6625 0.16666666666666666 0.03958333333333333 0.04814814814814815
