0 0.6182291666666667 0.16666666666666666 0.026041666666666668 0.037037037037037035
0 0.0796875 0.6361111111111111 0.12604166666666666 0.1648148148148148
0 0.225 0.6861111111111111 0.125 0.18703703703703703
0 0.43697916666666664 0.5092592592592593 0.07604166666666666 0.1259259259259259
0 0.2140625 0.46111111111111114 0.078125 0.10740740740740741
0 0.31145833333333334 0.4777777777777778 0.07708333333333334 0.1111111111111111
0 0.6328125 0.21944444444444444 0.034375 0.05740740740740741
0 0.7057291666666666 0.24166666666666667 0.040625 0.06481481481481481
0 0.47291666666666665 0.33611111111111114 0.04583333333333333 0.07592592592592592
0 0.6703125 0.3712962962962963 0.059375 0.10925925925925926
0 0.8067708333333333 0.2861111111111111 0.046875 0.06851851851851852
0 0.48333333333333334 0.2574074074074074 0.035416666666666666 0.05925925925925926
3 0.4161458333333333 0.25555555555555554 0.04895833333333333 0.12222222222222222
0 0.3572916666666667 0.2518518518518518 0.041666666666666664 0.05925925925925926
0 0.8864583333333333 0.2916666666666667 0.05416666666666667 0.06481481481481481
0 0.35572916666666665 0.1962962962962963 0.030208333333333334 0.044444444444444446
0 0.4197916666666667 0.18518518518518517 0.029166666666666667 0.037037037037037035
