0 0.4708333333333333 0.2175925925925926 0.052083333333333336 0.07962962962962963
0 0.6901041666666666 0.837037037037037 0.18645833333333334 0.32592592592592595
0 0.4625 0.5175925925925926 0.12083333333333333 0.22037037037037038
0 0.6505208333333333 0.21203703703703702 0.053125 0.09074074074074075
0 0.5963541666666666 0.11574074074074074 0.03229166666666667 0.05740740740740741
0 0.7177083333333333 0.08333333333333333 0.03333333333333333 0.05185185185185185
0 0.7661458333333333 0.08703703703703704 0.034375 0.05925925925925926
0 0.8145833333333333 0.0712962962962963 0.035416666666666666 0.05740740740740741
0 0.5385416666666667 0.3037037037037037 0.07083333333333333 0.11851851851851852
2 0.5682291666666667 0.15092592592592594 0.03854166666666667 0.09444444444444444
0 0.7583333333333333 0.20462962962962963 0.06041666666666667 0.08333333333333333
0 0.6484375 0.09814814814814815 0.034375 0.05555555555555555
0 0.9375 0.3 0.08958333333333333 0.11481481481481481
0 0.9203125 0.5120370370370371 0.12604166666666666 0.18703703703703703
0 0.5609375 0.09814814814814815 0.03229166666666667 0.06296296296296296
1 0.4875 0.11203703703703703 0.12708333333333333 0.1537037037037037
