0 0.290625 0.27870370370370373 0.058333333333333334 0.10185185185185185
1 0.078125 0.5824074074074074 0.15416666666666667 0.49444444444444446
1 0.9135416666666667 0.5175925925925926 0.17291666666666666 0.5055555555555555
0 0.2796875 0.4287037037037037 0.084375 0.14629629629629629
0 0.33229166666666665 0.3314814814814815 0.07291666666666667 0.10740740740740741
0 0.1390625 0.8361111111111111 0.21354166666666666 0.29814814814814816
0 0.3890625 0.2824074074074074 0.06770833333333333 0.09814814814814815
0 0.475 0.2740740740740741 0.05625 0.09259259259259259
0 0.7302083333333333 0.44074074074074077 0.10416666666666667 0.17777777777777778
0 0.371875 0.15185185185185185 0.035416666666666666 0.06296296296296296
