0 0.27239583333333334 0.040740740740740744 0.03229166666666667 0.03333333333333333
0 0.7182291666666667 0.8009259259259259 0.22395833333333334 0.28703703703703703
2 0.2484375 0.6666666666666666 0.178125 0.3592592592592593
0 0.4265625 0.32222222222222224 0.10520833333333333 0.13333333333333333
0 0.33125 0.04259259259259259 0.03125 0.037037037037037035
0 0.234375 0.0712962962962963 0.035416666666666666 0.03888888888888889
0 0.2359375 0.26944444444444443 0.07604166666666666 0.10555555555555556
0 0.43020833333333336 0.09537037037037037 0.04583333333333333 0.053703703703703705
0 0.3671875 0.09814814814814815 0.046875 0.05185185185185185
0 0.35520833333333335 0.12685185185185185 0.04791666666666667 0.05
0 0.11875 0.1361111111111111 0.04583333333333333 0.05740740740740741
0 0.7229166666666667 0.21296296296296297 0.08958333333333333 0.08148148148148149
0 0.8541666666666666 0.3388888888888889 0.13541666666666666 0.1037037037037037
1 0.9354166666666667 0.20277777777777778 0.12916666666666668 0.22037037037037038
2 0.103125 0.05740740740740741 0.03333333333333333 0.04814814814814815
