0 0.3338541666666667 0.22592592592592592 0.046875 0.06666666666666667
0 0.68125 0.11481481481481481 0.029166666666666667 0.044444444444444446
0 0.49375 0.22777777777777777 0.05416666666666667 0.0962962962962963
0 0.5828125 0.1287037037037037 0.03229166666666667 0.053703703703703705
0 0.43125 0.7981481481481482 0.12916666666666668 0.2740740740740741
2 0.4140625 0.1925925925925926 0.053125 0.11851851851851852
0 0.6630208333333333 0.1712962962962963 0.040625 0.06851851851851852
0 0.5890625 0.1537037037037037 0.036458333333333336 0.05925925925925926
0 0.4901041666666667 0.37222222222222223 0.059375 0.1259259259259259
0 0.7338541666666667 0.2638888888888889 0.06354166666666666 0.08703703703703704
0 0.7520833333333333 0.3425925925925926 0.0875 0.13333333333333333
0 0.475 0.14537037037037037 0.035416666666666666 0.05
0 0.4317708333333333 0.13425925925925927 0.03229166666666667 0.046296296296296294
0 0.5208333333333334 0.10833333333333334 0.025 0.03888888888888889
0 0.8604166666666667 0.6027777777777777 0.13958333333333334 0.21296296296296297
0 0.4635416666666667 0.08796296296296297 0.025 0.03518518518518519
0 0.4984375 0.07037037037037037 0.019791666666666666 0.03333333333333333
0 0.5333333333333333 0.0787037037037037 0.020833333333333332 0.03518518518518519
1 0.7494791666666667 0.16296296296296298 0.090625 0.14444444444444443
1 0.6322916666666667 0.1037037037037037 0.05 0.11481481481481481
