0 0.30520833333333336 0.22592592592592592 0.05 0.07777777777777778
1 0.0859375 0.5898148148148148 0.16979166666666667 0.49444444444444446
1 0.9145833333333333 0.5407407407407407 0.17083333333333334 0.5185185185185185
0 0.2703125 0.30648148148148147 0.071875 0.10185185185185185
0 0.390625 0.5259259259259259 0.09791666666666667 0.17777777777777778
0 0.38697916666666665 0.23148148148148148 0.051041666666666666 0.08518518518518518
0 0.40260416666666665 0.2722222222222222 0.05520833333333333 0.1037037037037037
0 0.33645833333333336 0.40925925925925927 0.07916666666666666 0.12962962962962962
0 0.42135416666666664 0.19814814814814816 0.046875 0.07037037037037037
0 0.44583333333333336 0.15925925925925927 0.029166666666666667 0.05185185185185185
