0 0.4713541666666667 0.2111111111111111 0.053125 0.07777777777777778
0 0.6635416666666667 0.4759259259259259 0.09583333333333334 0.1814814814814815
0 0.5864583333333333 0.15185185185185185 0.041666666666666664 0.07037037037037037
0 0.3729166666666667 0.787962962962963 0.17708333333333334 0.31666666666666665
2 0.546875 0.22777777777777777 0.05 0.12222222222222222
0 0.725 0.10277777777777777 0.03958333333333333 0.06111111111111111
0 0.6526041666666667 0.1638888888888889 0.04479166666666667 0.07592592592592592
0 0.8208333333333333 0.1398148148148148 0.05 0.07222222222222222
0 0.784375 0.21944444444444444 0.06041666666666667 0.09074074074074075
0 0.5770833333333333 0.10648148148148148 0.041666666666666664 0.06851851851851852
0 0.6390625 0.09722222222222222 0.03854166666666667 0.05740740740740741
0 0.8979166666666667 0.28055555555555556 0.08333333333333333 0.11296296296296296
1 0.4895833333333333 0.11296296296296296 0.12708333333333333 0.16296296296296298
