0 0.28854166666666664 0.2814814814814815 0.058333333333333334 0.1
1 0.07864583333333333 0.575 0.15520833333333334 0.49074074074074076
1 0.9135416666666667 0.5157407407407407 0.17291666666666666 0.5055555555555555
0 0.2755208333333333 0.45740740740740743 0.08645833333333333 0.15925925925925927
0 0.325 0.3472222222222222 0.06875 0.10925925925925926
0 0.09583333333333334 0.9074074074074074 0.18958333333333333 0.18518518518518517
0 0.3848958333333333 0.29259259259259257 0.065625 0.10740740740740741
0 0.4708333333333333 0.2953703703703704 0.06041666666666667 0.09814814814814815
0 0.7052083333333333 0.3685185185185185 0.08541666666666667 0.14074074074074075
0 0.36875 0.16111111111111112 0.041666666666666664 0.05925925925925926
