0 0.6182291666666667 0.10833333333333334 0.03229166666666667 0.04259259259259259
0 0.6005208333333333 0.13703703703703704 0.030208333333333334 0.044444444444444446
0 0.3671875 0.42314814814814816 0.084375 0.13148148148148148
0 0.44479166666666664 0.6370370370370371 0.1125 0.21481481481481482
2 0.4786458333333333 0.16111111111111112 0.034375 0.06666666666666667
0 0.6557291666666667 0.4722222222222222 0.09270833333333334 0.14814814814814814
0 0.7708333333333334 0.9046296296296297 0.1875 0.19074074074074074
0 0.45729166666666665 0.10185185185185185 0.010416666666666666 0.025925925925925925
1 0.9364583333333333 0.44166666666666665 0.12708333333333333 0.3685185185185185
1 0.8838541666666667 0.6462962962962963 0.23229166666666667 0.6814814814814815
1 0.4244791666666667 0.12962962962962962 0.05520833333333333 0.11481481481481481
