0 0.9421875 0.17592592592592593 0.028125 0.04814814814814815
0 0.0796875 0.48148148148148145 0.12604166666666666 0.1259259259259259
0 0.828125 0.175 0.03333333333333333 0.05
0 0.2203125 0.35462962962962963 0.09895833333333333 0.08703703703703704
0 0.41458333333333336 0.31574074074074077 0.08958333333333333 0.08333333333333333
0 0.7208333333333333 0.24259259259259258 0.04791666666666667 0.06296296296296296
0 0.9697916666666667 0.4212962962962963 0.06041666666666667 0.12777777777777777
2 0.6171875 0.20277777777777778 0.051041666666666666 0.06481481481481481
0 0.5479166666666667 0.5351851851851852 0.125 0.15555555555555556
0 0.7770833333333333 0.8583333333333333 0.13958333333333334 0.2833333333333333
