0 0.18125 0.8064814814814815 0.16458333333333333 0.26851851851851855
1 0.05 0.6342592592592593 0.09791666666666667 0.4351851851851852
0 0.31145833333333334 0.24722222222222223 0.052083333333333336 0.07592592592592592
0 0.36822916666666666 0.28703703703703703 0.05520833333333333 0.0962962962962963
0 0.30885416666666665 0.4898148148148148 0.090625 0.14629629629629629
0 0.453125 0.44814814814814813 0.07708333333333334 0.13333333333333333
0 0.38229166666666664 0.2490740740740741 0.04583333333333333 0.07962962962962963
0 0.4635416666666667 0.3175925925925926 0.05625 0.08703703703703704
0 0.4234375 0.2037037037037037 0.03854166666666667 0.06296296296296296
0 0.484375 0.21851851851851853 0.041666666666666664 0.05925925925925926
1 0.3859375 0.14722222222222223 0.059375 0.12407407407407407
0 0.4432291666666667 0.16203703703703703 0.030208333333333334 0.05
0 0.48385416666666664 0.1685185185185185 0.030208333333333334 0.04814814814814815
1 0.959375 0.6027777777777777 0.08125 0.4203703703703704
