0 0.06302083333333333 0.5472222222222223 0.12395833333333334 0.21296296296296297
0 0.8989583333333333 0.8425925925925926 0.20208333333333334 0.28888888888888886
0 0.6296875 0.28703703703703703 0.12604166666666666 0.11481481481481481
0 0.8197916666666667 0.25277777777777777 0.12083333333333333 0.09814814814814815
0 0.4875 0.3592592592592593 0.1375 0.14444444444444443
0 0.3307291666666667 0.3333333333333333 0.10520833333333333 0.12222222222222222
0 0.2942708333333333 0.22777777777777777 0.07395833333333333 0.08518518518518518
0 0.21145833333333333 0.23796296296296296 0.06666666666666667 0.08333333333333333
0 0.1453125 0.18888888888888888 0.053125 0.07407407407407407
0 0.12916666666666668 0.14166666666666666 0.0375 0.05
1 0.3385416666666667 0.10462962962962963 0.13541666666666666 0.12777777777777777
