1 0.06927083333333334 0.40925925925925927 0.13645833333333332 0.2777777777777778
1 0.4744791666666667 0.22870370370370371 0.240625 0.18333333333333332
0 0.4859375 0.8666666666666667 0.25104166666666666 0.26666666666666666
0 0.24947916666666667 0.4925925925925926 0.103125 0.15555555555555556
0 0.5546875 0.6222222222222222 0.209375 0.24814814814814815
0 0.23020833333333332 0.23148148148148148 0.04583333333333333 0.05555555555555555
0 0.13125 0.337037037037037 0.0625 0.08148148148148149
0 0.2140625 0.31851851851851853 0.065625 0.08148148148148149
0 0.34010416666666665 0.30185185185185187 0.07604166666666666 0.07407407407407407
2 0.4864583333333333 0.30462962962962964 0.11875 0.12037037037037036
