0 0.19895833333333332 0.06111111111111111 0.025 0.025925925925925925
0 0.75625 0.8675925925925926 0.2625 0.26481481481481484
2 0.27291666666666664 0.5296296296296297 0.11041666666666666 0.2111111111111111
2 0.2786458333333333 0.05185185185185185 0.030208333333333334 0.044444444444444446
0 0.2989583333333333 0.35 0.08333333333333333 0.1111111111111111
2 0.3484375 0.08055555555555556 0.036458333333333336 0.05
0 0.1890625 0.21944444444444444 0.051041666666666666 0.07592592592592592
2 0.3697916666666667 0.06574074074074074 0.0375 0.05
0 0.3489583333333333 0.10833333333333334 0.03958333333333333 0.046296296296296294
0 0.17083333333333334 0.11851851851851852 0.035416666666666666 0.04814814814814815
2 0.08229166666666667 0.4388888888888889 0.08958333333333333 0.18888888888888888
0 0.425 0.17685185185185184 0.06666666666666667 0.06481481481481481
0 0.5755208333333334 0.16944444444444445 0.06979166666666667 0.06481481481481481
2 0.09166666666666666 0.09351851851851851 0.03125 0.053703703703703705
0 0.1109375 0.07592592592592592 0.028125 0.037037037037037035
0 0.021875 0.24351851851851852 0.041666666666666664 0.07962962962962963
0 0.01875 0.11666666666666667 0.035416666666666666 0.05185185185185185
0 0.865625 0.2490740740740741 0.10416666666666667 0.08333333333333333
