0 0.38385416666666666 0.9055555555555556 0.18020833333333333 0.18888888888888888
0 0.46979166666666666 0.21574074074074073 0.05416666666666667 0.08333333333333333
0 0.678125 0.7027777777777777 0.15 0.37222222222222223
0 0.4921875 0.4287037037037037 0.09895833333333333 0.18703703703703703
0 0.6473958333333333 0.18425925925925926 0.046875 0.08333333333333333
0 0.596875 0.10833333333333334 0.03125 0.05740740740740741
0 0.7229166666666667 0.1 0.035416666666666666 0.06296296296296296
0 0.7723958333333333 0.0962962962962963 0.03854166666666667 0.05555555555555555
0 0.8223958333333333 0.08055555555555556 0.036458333333333336 0.05740740740740741
0 0.7828125 0.05555555555555555 0.03229166666666667 0.04814814814814815
0 0.9786458333333333 0.07962962962962963 0.042708333333333334 0.06296296296296296
0 0.55 0.26481481481481484 0.0625 0.1037037037037037
2 0.571875 0.14166666666666666 0.03958333333333333 0.09074074074074075
0 0.7703125 0.23333333333333334 0.065625 0.0962962962962963
0 0.6453125 0.08981481481481482 0.03229166666666667 0.053703703703703705
0 0.9640625 0.3592592592592593 0.071875 0.12962962962962962
0 0.9510416666666667 0.6444444444444445 0.09791666666666667 0.22592592592592592
1 0.48854166666666665 0.11296296296296296 0.12708333333333333 0.15555555555555556
