0 0.9390625 0.18055555555555555 0.078125 0.07962962962962963
0 0.0765625 0.5 0.08854166666666667 0.08518518518518518
2 0.15260416666666668 0.45555555555555555 0.121875 0.14074074074074075
0 0.11458333333333333 0.562037037037037 0.12083333333333333 0.09814814814814815
0 0.7505208333333333 0.33055555555555555 0.11145833333333334 0.10925925925925926
0 0.4744791666666667 0.23148148148148148 0.06354166666666666 0.05925925925925926
0 0.5640625 0.6064814814814815 0.18229166666666666 0.18333333333333332
0 0.6317708333333333 0.2611111111111111 0.059375 0.07407407407407407
0 0.6578125 0.14351851851851852 0.051041666666666666 0.05
0 0.675 0.15555555555555556 0.058333333333333334 0.05185185185185185
