0 0.7239583333333334 0.019444444444444445 0.025 0.03518518518518519
0 0.6734375 0.03611111111111111 0.019791666666666666 0.03518518518518519
0 0.6864583333333333 0.022222222222222223 0.016666666666666666 0.040740740740740744
0 0.7114583333333333 0.05648148148148148 0.027083333333333334 0.046296296296296294
0 0.75625 0.08425925925925926 0.03125 0.05
0 0.7458333333333333 0.1 0.0375 0.05925925925925926
0 0.5703125 0.0712962962962963 0.026041666666666668 0.04259259259259259
0 0.6088541666666667 0.03981481481481482 0.021875 0.03518518518518519
3 0.5744791666666667 0.03611111111111111 0.028125 0.04259259259259259
0 0.9182291666666667 0.13425925925925927 0.090625 0.06851851851851852
0 0.9078125 0.2601851851851852 0.07604166666666666 0.12037037037037036
1 0.32135416666666666 0.6555555555555556 0.396875 0.6407407407407407
