0 0.6338541666666667 0.3861111111111111 0.084375 0.15
0 0.9463541666666667 0.862037037037037 0.10729166666666666 0.23148148148148148
2 0.6125 0.24166666666666667 0.05 0.12037037037037036
0 0.7776041666666667 0.02962962962962963 0.03229166666666667 0.040740740740740744
0 0.6963541666666667 0.22685185185185186 0.065625 0.09444444444444444
0 0.7239583333333334 0.03333333333333333 0.029166666666666667 0.044444444444444446
0 0.6109375 0.14074074074074075 0.040625 0.06666666666666667
0 0.8213541666666667 0.058333333333333334 0.040625 0.05
0 0.7760416666666666 0.0712962962962963 0.035416666666666666 0.04259259259259259
0 0.7880208333333333 0.09444444444444444 0.042708333333333334 0.05925925925925926
0 0.7864583333333334 0.14722222222222223 0.04583333333333333 0.07222222222222222
0 0.515625 0.2351851851851852 0.0625 0.09259259259259259
0 0.8770833333333333 0.17222222222222222 0.0625 0.08148148148148149
0 0.6463541666666667 0.07685185185185185 0.03229166666666667 0.05740740740740741
0 0.5942708333333333 0.05092592592592592 0.026041666666666668 0.046296296296296294
0 0.9604166666666667 0.22685185185185186 0.07916666666666666 0.10185185185185185
0 0.9270833333333334 0.3453703703703704 0.09791666666666667 0.13518518518518519
0 0.9755208333333333 0.17592592592592593 0.04895833333333333 0.07777777777777778
1 0.5432291666666667 0.06111111111111111 0.04479166666666667 0.11851851851851852
