2 0.30520833333333336 0.8583333333333333 0.125 0.2351851851851852
0 0.6942708333333333 0.2037037037037037 0.030208333333333334 0.05185185185185185
2 0.6515625 0.25833333333333336 0.04895833333333333 0.11296296296296296
0 0.7182291666666667 0.2574074074074074 0.036458333333333336 0.06296296296296296
0 0.7625 0.20462962962962963 0.03958333333333333 0.05740740740740741
0 0.31302083333333336 0.49166666666666664 0.07395833333333333 0.11296296296296296
0 0.4390625 0.4583333333333333 0.065625 0.11666666666666667
0 0.23125 0.42962962962962964 0.07083333333333333 0.08888888888888889
0 0.32760416666666664 0.3074074074074074 0.057291666666666664 0.07407407407407407
0 0.7963541666666667 0.4222222222222222 0.07395833333333333 0.1037037037037037
0 0.44427083333333334 0.23055555555555557 0.034375 0.06481481481481481
0 0.4010416666666667 0.20925925925925926 0.03333333333333333 0.04814814814814815
0 0.5125 0.21944444444444444 0.035416666666666666 0.053703703703703705
0 0.9432291666666667 0.4583333333333333 0.078125 0.10555555555555556
0 0.8057291666666667 0.9064814814814814 0.14479166666666668 0.18703703703703703
0 0.9786458333333333 0.3768518518518518 0.042708333333333334 0.09074074074074075
