0 0.9520833333333333 0.40370370370370373 0.09583333333333334 0.11851851851851852
0 0.7588541666666667 0.34074074074074073 0.121875 0.11851851851851852
0 0.5822916666666667 0.29074074074074074 0.08333333333333333 0.07777777777777778
0 0.43072916666666666 0.22777777777777777 0.057291666666666664 0.06666666666666667
0 0.5177083333333333 0.7185185185185186 0.17916666666666667 0.2518518518518518
0 0.19895833333333332 0.3731481481481482 0.06458333333333334 0.08333333333333333
2 0.7927083333333333 0.7527777777777778 0.2708333333333333 0.32037037037037036
0 0.5619791666666667 0.5907407407407408 0.15520833333333334 0.17407407407407408
1 0.36822916666666666 0.3138888888888889 0.18020833333333333 0.20925925925925926
0 0.9177083333333333 0.5685185185185185 0.16458333333333333 0.21481481481481482
0 0.4625 0.4638888888888889 0.14166666666666666 0.11296296296296296
0 0.2875 0.3712962962962963 0.06666666666666667 0.08333333333333333
2 0.7671875 0.5518518518518518 0.16145833333333334 0.17777777777777778
0 0.9489583333333333 0.7305555555555555 0.10208333333333333 0.1648148148148148
0 0.7234375 0.46111111111111114 0.146875 0.11851851851851852
0 0.5505208333333333 0.37592592592592594 0.10520833333333333 0.1
0 0.23645833333333333 0.2712962962962963 0.04375 0.07222222222222222
0 0.19270833333333334 0.30648148148148147 0.03958333333333333 0.06111111111111111
