0 0.12291666666666666 0.20462962962962963 0.0625 0.053703703703703705
2 0.1109375 0.24166666666666667 0.065625 0.06481481481481481
2 0.3328125 0.24444444444444444 0.08854166666666667 0.08148148148148149
0 0.24375 0.32222222222222224 0.10208333333333333 0.0962962962962963
2 0.5869791666666667 0.6925925925925925 0.253125 0.2777777777777778
0 0.4901041666666667 0.32685185185185184 0.11354166666666667 0.07962962962962963
0 0.5020833333333333 0.387037037037037 0.13333333333333333 0.08148148148148149
2 0.4171875 0.9018518518518519 0.21145833333333333 0.1962962962962963
0 0.8151041666666666 0.3990740740740741 0.13645833333333332 0.09444444444444444
0 0.04010416666666667 0.36666666666666664 0.078125 0.0962962962962963
