0 0.7166666666666667 0.7694444444444445 0.15625 0.29444444444444445
2 0.6682291666666667 0.4111111111111111 0.090625 0.21851851851851853
0 0.6 0.32314814814814813 0.06875 0.12407407407407407
0 0.6270833333333333 0.23333333333333334 0.06458333333333334 0.12222222222222222
2 0.9078125 0.637962962962963 0.15729166666666666 0.3425925925925926
0 0.7703125 0.32407407407407407 0.08229166666666667 0.14814814814814814
0 0.7395833333333334 0.024074074074074074 0.029166666666666667 0.044444444444444446
0 0.7265625 0.23333333333333334 0.06979166666666667 0.0962962962962963
0 0.6078125 0.1398148148148148 0.04479166666666667 0.07222222222222222
0 0.78125 0.06759259259259259 0.035416666666666666 0.046296296296296294
0 0.8036458333333333 0.10740740740740741 0.046875 0.07037037037037037
0 0.865625 0.09351851851851851 0.04375 0.05740740740740741
0 0.6744791666666666 0.10462962962962963 0.040625 0.06481481481481481
2 0.5848958333333333 0.0824074074074074 0.030208333333333334 0.06481481481481481
0 0.8947916666666667 0.15 0.058333333333333334 0.07407407407407407
0 0.6067708333333334 0.06574074074074074 0.030208333333333334 0.05
0 0.903125 0.28703703703703703 0.08541666666666667 0.1111111111111111
0 0.5994791666666667 0.025 0.023958333333333335 0.046296296296296294
1 0.4203125 0.6527777777777778 0.2989583333333333 0.6944444444444444
