0 0.022395833333333334 0.5768518518518518 0.042708333333333334 0.12777777777777777
0 0.050520833333333334 0.9398148148148148 0.09895833333333333 0.12037037037037036
0 0.7109375 0.2212962962962963 0.036458333333333336 0.05740740740740741
0 0.6510416666666666 0.21851851851851853 0.035416666666666666 0.05555555555555555
0 0.740625 0.2712962962962963 0.04791666666666667 0.06851851851851852
0 0.4453125 0.49074074074074076 0.078125 0.12962962962962962
2 0.7911458333333333 0.23425925925925925 0.040625 0.06851851851851852
0 0.6828125 0.3648148148148148 0.05520833333333333 0.08518518518518518
0 0.8328125 0.21851851851851853 0.03854166666666667 0.06296296296296296
0 0.42604166666666665 0.28703703703703703 0.04791666666666667 0.07037037037037037
0 0.3463541666666667 0.29074074074074074 0.04479166666666667 0.06666666666666667
0 0.3807291666666667 0.2462962962962963 0.03854166666666667 0.05925925925925926
0 0.34427083333333336 0.21203703703703702 0.034375 0.046296296296296294
0 0.74375 0.5685185185185185 0.0875 0.13333333333333333
0 0.9067708333333333 0.41574074074074074 0.08229166666666667 0.09814814814814815
0 0.9489583333333333 0.7620370370370371 0.10208333333333333 0.18333333333333332
0 0.7890625 0.9055555555555556 0.134375 0.18888888888888888
