0 0.48489583333333336 0.175 0.06145833333333333 0.07962962962962963
2 0.6234375 0.31666666666666665 0.07395833333333333 0.16296296296296298
0 0.65625 0.5583333333333333 0.11041666666666666 0.19814814814814816
0 0.5994791666666667 0.23981481481481481 0.051041666666666666 0.09444444444444444
0 0.796875 0.05648148148148148 0.03125 0.04259259259259259
0 0.8083333333333333 0.42685185185185187 0.12083333333333333 0.19074074074074074
0 0.5489583333333333 0.1287037037037037 0.035416666666666666 0.06481481481481481
0 0.8166666666666667 0.11203703703703703 0.04375 0.06481481481481481
0 0.6354166666666666 0.13148148148148148 0.04791666666666667 0.07407407407407407
0 0.5609375 0.08055555555555556 0.028125 0.04259259259259259
0 0.6020833333333333 0.06388888888888888 0.027083333333333334 0.046296296296296294
0 0.6401041666666667 0.06759259259259259 0.030208333333333334 0.053703703703703705
1 0.45625 0.4842592592592593 0.18125 0.47962962962962963
