1 0.04895833333333333 0.8398148148148148 0.09583333333333334 0.32037037037037036
0 0.7635416666666667 0.7712962962962963 0.15208333333333332 0.3611111111111111
0 0.7682291666666666 0.022222222222222223 0.04895833333333333 0.040740740740740744
0 0.8244791666666667 0.020370370370370372 0.051041666666666666 0.037037037037037035
0 0.8796875 0.06666666666666667 0.059375 0.06666666666666667
0 0.5890625 0.07962962962962963 0.04479166666666667 0.07037037037037037
0 0.6739583333333333 0.11018518518518519 0.04791666666666667 0.08703703703703704
0 0.9036458333333334 0.017592592592592594 0.051041666666666666 0.03148148148148148
0 0.9713541666666666 0.1574074074074074 0.057291666666666664 0.09259259259259259
0 0.5317708333333333 0.010185185185185186 0.034375 0.016666666666666666
