0 0.703125 0.9305555555555556 0.16875 0.1388888888888889
2 0.6651041666666667 0.5018518518518519 0.09270833333333334 0.21851851851851853
0 0.7671875 0.044444444444444446 0.023958333333333335 0.037037037037037035
0 0.6489583333333333 0.2953703703703704 0.06458333333333334 0.10925925925925926
0 0.5296875 0.12129629629629629 0.034375 0.06481481481481481
2 0.6041666666666666 0.15185185185185185 0.04583333333333333 0.1
0 0.790625 0.38796296296296295 0.09375 0.14629629629629629
2 0.7901041666666667 0.07592592592592592 0.040625 0.06666666666666667
0 0.5427083333333333 0.2814814814814815 0.05416666666666667 0.1
0 0.584375 0.1111111111111111 0.029166666666666667 0.06296296296296296
0 0.8348958333333333 0.12777777777777777 0.053125 0.07037037037037037
0 0.6739583333333333 0.1175925925925926 0.04583333333333333 0.07592592592592592
0 0.55625 0.058333333333333334 0.027083333333333334 0.046296296296296294
0 0.9578125 0.25277777777777777 0.084375 0.10925925925925926
1 0.4588541666666667 0.47314814814814815 0.17604166666666668 0.4722222222222222
