0 0.6067708333333334 0.18703703703703703 0.026041666666666668 0.044444444444444446
0 0.28125 0.5972222222222222 0.10625 0.1537037037037037
0 0.4505208333333333 0.45740740740740743 0.06770833333333333 0.11481481481481481
0 0.36875 0.37962962962962965 0.06041666666666667 0.09259259259259259
0 0.6333333333333333 0.2611111111111111 0.03958333333333333 0.05925925925925926
0 0.23958333333333334 0.4064814814814815 0.07708333333333334 0.11296296296296296
0 0.471875 0.2953703703703704 0.041666666666666664 0.06481481481481481
0 0.803125 0.30185185185185187 0.052083333333333336 0.07037037037037037
0 0.43802083333333336 0.23148148148148148 0.036458333333333336 0.05555555555555555
0 0.8703125 0.2740740740740741 0.053125 0.07037037037037037
0 0.8510416666666667 0.5879629629629629 0.09375 0.1388888888888889
0 0.3515625 0.2037037037037037 0.034375 0.05185185185185185
