0 0.46458333333333335 0.1824074074074074 0.058333333333333334 0.07592592592592592
0 0.6723958333333333 0.7398148148148148 0.134375 0.2759259259259259
0 0.5161458333333333 0.19722222222222222 0.071875 0.07962962962962963
0 0.8916666666666667 0.6898148148148148 0.18541666666666667 0.3055555555555556
0 0.5619791666666667 0.15462962962962962 0.036458333333333336 0.07222222222222222
0 0.66875 0.20555555555555555 0.05416666666666667 0.08888888888888889
0 0.7260416666666667 0.34629629629629627 0.08541666666666667 0.13703703703703704
0 0.7651041666666667 0.06574074074074074 0.036458333333333336 0.05
0 0.5526041666666667 0.08425925925925926 0.034375 0.046296296296296294
0 0.9192708333333334 0.22037037037037038 0.071875 0.09259259259259259
1 0.4578125 0.4722222222222222 0.17395833333333333 0.4703703703703704
