0 0.47760416666666666 0.13703703703703704 0.023958333333333335 0.08148148148148149
2 0.6239583333333333 0.4537037037037037 0.08958333333333333 0.16666666666666666
0 0.5911458333333334 0.24074074074074073 0.05520833333333333 0.09259259259259259
0 0.771875 0.44351851851851853 0.11458333333333333 0.20555555555555555
0 0.728125 0.06481481481481481 0.029166666666666667 0.040740740740740744
0 0.5703125 0.16574074074074074 0.042708333333333334 0.06111111111111111
0 0.5651041666666666 0.1111111111111111 0.034375 0.06296296296296296
0 0.6072916666666667 0.08796296296296297 0.03125 0.04259259259259259
2 0.48385416666666664 0.14444444444444443 0.06979166666666667 0.07407407407407407
0 0.5552083333333333 0.053703703703703705 0.022916666666666665 0.037037037037037035
0 0.9041666666666667 0.38333333333333336 0.12083333333333333 0.13703703703703704
1 0.4630208333333333 0.39814814814814814 0.13854166666666667 0.4
