0 0.9197916666666667 0.1787037037037037 0.03125 0.05
0 0.07760416666666667 0.7 0.12604166666666666 0.2037037037037037
0 0.2546875 0.3287037037037037 0.071875 0.08333333333333333
0 0.8598958333333333 0.2861111111111111 0.046875 0.07592592592592592
2 0.31145833333333334 0.32222222222222224 0.10208333333333333 0.11851851851851852
0 0.7744791666666667 0.2777777777777778 0.04895833333333333 0.07407407407407407
0 0.7927083333333333 0.3648148148148148 0.05625 0.0962962962962963
0 0.9640625 0.4287037037037037 0.071875 0.11296296296296296
0 0.525 0.18888888888888888 0.03333333333333333 0.040740740740740744
0 0.6765625 0.16666666666666666 0.03854166666666667 0.044444444444444446
