0 0.6270833333333333 0.3685185185185185 0.08125 0.13333333333333333
0 0.6119791666666666 0.19722222222222222 0.051041666666666666 0.08333333333333333
0 0.7890625 0.4583333333333333 0.115625 0.17962962962962964
0 0.7588541666666667 0.075 0.036458333333333336 0.05
0 0.5473958333333333 0.1787037037037037 0.04479166666666667 0.07592592592592592
2 0.6052083333333333 0.1361111111111111 0.0375 0.07592592592592592
0 0.696875 0.20185185185185187 0.05625 0.08888888888888889
0 0.8151041666666666 0.1 0.036458333333333336 0.05925925925925926
0 0.5333333333333333 0.12314814814814815 0.0375 0.05740740740740741
0 0.665625 0.13240740740740742 0.05 0.07962962962962963
0 0.5713541666666667 0.09259259259259259 0.034375 0.06666666666666667
2 0.6505208333333333 0.08055555555555556 0.030208333333333334 0.06111111111111111
0 0.8625 0.17037037037037037 0.058333333333333334 0.08148148148148149
0 0.6114583333333333 0.05925925925925926 0.027083333333333334 0.05185185185185185
0 0.9473958333333333 0.16296296296296298 0.06145833333333333 0.08518518518518518
0 0.9666666666666667 0.30462962962962964 0.06666666666666667 0.10925925925925926
0 0.6322916666666667 0.04259259259259259 0.022916666666666665 0.040740740740740744
1 0.45416666666666666 0.5824074074074074 0.22083333333333333 0.6685185185185185
