0 0.29635416666666664 0.5574074074074075 0.09479166666666666 0.07777777777777778
1 0.09427083333333333 0.5703703703703704 0.18645833333333334 0.15555555555555556
1 0.15520833333333334 0.7101851851851851 0.30833333333333335 0.2796296296296296
0 0.228125 0.5935185185185186 0.06458333333333334 0.06851851851851852
0 0.278125 0.7657407407407407 0.13333333333333333 0.12777777777777777
0 0.5255208333333333 0.6518518518518519 0.09895833333333333 0.1
0 0.759375 0.7046296296296296 0.10625 0.10185185185185185
0 0.7739583333333333 0.5824074074074074 0.07916666666666666 0.08333333333333333
0 0.9510416666666667 0.7435185185185185 0.09791666666666667 0.10925925925925926
0 0.9447916666666667 0.5740740740740741 0.06875 0.07037037037037037
