0 0.6109375 0.08981481481481482 0.026041666666666668 0.046296296296296294
0 0.628125 0.14907407407407408 0.035416666666666666 0.053703703703703705
0 0.3645833333333333 0.19814814814814816 0.05625 0.06296296296296296
0 0.453125 0.1685185185185185 0.035416666666666666 0.06296296296296296
0 0.5098958333333333 0.14166666666666666 0.034375 0.053703703703703705
0 0.6125 0.19166666666666668 0.041666666666666664 0.06851851851851852
0 0.734375 0.32314814814814813 0.075 0.10925925925925926
0 0.4984375 0.08425925925925926 0.026041666666666668 0.053703703703703705
0 0.6552083333333333 0.3861111111111111 0.08333333333333333 0.13148148148148148
0 0.5255208333333333 0.10462962962962963 0.026041666666666668 0.04259259259259259
2 0.48333333333333334 0.06759259259259259 0.022916666666666665 0.053703703703703705
0 0.8484375 0.5342592592592592 0.128125 0.19444444444444445
0 0.7015625 0.6268518518518519 0.134375 0.23148148148148148
0 0.5260416666666666 0.0712962962962963 0.01875 0.03518518518518519
1 0.909375 0.37222222222222223 0.18125 0.34444444444444444
1 0.6880208333333333 0.1935185185185185 0.09479166666666666 0.18703703703703703
1 0.11770833333333333 0.7537037037037037 0.23333333333333334 0.45925925925925926
