0 0.6541666666666667 0.1712962962962963 0.03958333333333333 0.053703703703703705
0 0.6447916666666667 0.13796296296296295 0.029166666666666667 0.046296296296296294
2 0.6942708333333333 0.23148148148148148 0.057291666666666664 0.10740740740740741
0 0.821875 0.475 0.10208333333333333 0.1537037037037037
0 0.3151041666666667 0.625 0.128125 0.24259259259259258
0 0.24010416666666667 0.45740740740740743 0.08854166666666667 0.13333333333333333
0 0.32916666666666666 0.4703703703703704 0.09375 0.1259259259259259
0 0.4234375 0.2712962962962963 0.05520833333333333 0.08703703703703704
0 0.3932291666666667 0.2222222222222222 0.04895833333333333 0.07037037037037037
0 0.46041666666666664 0.18611111111111112 0.03958333333333333 0.05740740740740741
0 0.5125 0.2518518518518518 0.052083333333333336 0.08518518518518518
0 0.4192708333333333 0.15462962962962962 0.03229166666666667 0.053703703703703705
0 0.4822916666666667 0.12685185185185185 0.029166666666666667 0.04259259259259259
0 0.5244791666666667 0.13055555555555556 0.030208333333333334 0.046296296296296294
