0 0.29375 0.5564814814814815 0.09166666666666666 0.07962962962962963
1 0.0953125 0.5703703703703704 0.18854166666666666 0.15185185185185185
1 0.15625 0.7138888888888889 0.3104166666666667 0.26851851851851855
0 0.23229166666666667 0.6083333333333333 0.06875 0.07222222222222222
0 0.08125 0.8425925925925926 0.16041666666666668 0.15185185185185185
0 0.3567708333333333 0.7268518518518519 0.115625 0.12777777777777777
0 0.4666666666666667 0.8601851851851852 0.15625 0.1537037037037037
0 0.5979166666666667 0.6351851851851852 0.09375 0.09259259259259259
0 0.6614583333333334 0.7027777777777777 0.10625 0.10555555555555556
0 0.7354166666666667 0.5740740740740741 0.08125 0.08148148148148149
0 0.8072916666666666 0.8074074074074075 0.13125 0.14074074074074075
