0 0.8739583333333333 0.7555555555555555 0.21458333333333332 0.26666666666666666
2 0.3614583333333333 0.6212962962962963 0.14166666666666666 0.2833333333333333
0 0.384375 0.1175925925925926 0.04583333333333333 0.05
0 0.0828125 0.43425925925925923 0.071875 0.12777777777777777
0 0.5380208333333333 0.11296296296296296 0.053125 0.05925925925925926
0 0.28229166666666666 0.3351851851851852 0.075 0.1037037037037037
0 0.5223958333333333 0.21851851851851853 0.071875 0.07037037037037037
2 0.03125 0.2638888888888889 0.06041666666666667 0.11296296296296296
0 0.19114583333333332 0.22037037037037038 0.05520833333333333 0.08148148148148149
0 0.6567708333333333 0.18518518518518517 0.078125 0.07407407407407407
0 0.65625 0.23703703703703705 0.09166666666666666 0.08518518518518518
0 0.7947916666666667 0.19814814814814816 0.09166666666666666 0.06666666666666667
0 0.25729166666666664 0.18518518518518517 0.052083333333333336 0.07037037037037037
0 0.10260416666666666 0.20092592592592592 0.042708333333333334 0.06851851851851852
0 0.8145833333333333 0.25 0.09791666666666667 0.08518518518518518
0 0.1671875 0.16944444444444445 0.040625 0.06111111111111111
0 0.8307291666666666 0.36574074074074076 0.134375 0.10555555555555556
0 0.8515625 0.3101851851851852 0.11979166666666667 0.09814814814814815
